# k P0 P2
# reduced chi2 = 0.8561
8.0027e-03      3.1212e+04      1.1196e+04     
1.2850e-02      3.4673e+04      1.4280e+04     
1.7764e-02      3.4902e+04      1.5073e+04     
2.2684e-02      3.2899e+04      1.4419e+04     
2.7646e-02      2.9732e+04      1.3024e+04     
3.2636e-02      2.6278e+04      1.1420e+04     
3.7623e-02      2.3118e+04      9.9430e+03     
4.2607e-02      2.0526e+04      8.7453e+03     
4.7584e-02      1.8531e+04      7.8389e+03     
5.2572e-02      1.7032e+04      7.1652e+03     
5.7566e-02      1.5869e+04      6.6362e+03     
6.2559e-02      1.4870e+04      6.1643e+03     
6.7563e-02      1.3892e+04      5.6826e+03     
7.2560e-02      1.2859e+04      5.1618e+03     
7.7552e-02      1.1758e+04      4.6053e+03     
8.2550e-02      1.0625e+04      4.0396e+03     
8.7545e-02      9.5294e+03      3.5030e+03     
9.2544e-02      8.5376e+03      3.0268e+03     
9.7542e-02      7.6955e+03      2.6295e+03     
1.0253e-01      7.0199e+03      2.3135e+03     
1.0754e-01      6.4968e+03      2.0671e+03     
1.1254e-01      6.0949e+03      1.8723e+03     
1.1754e-01      5.7720e+03      1.7085e+03     
1.2253e-01      5.4841e+03      1.5573e+03     
1.2753e-01      5.1953e+03      1.4060e+03     
1.3253e-01      4.8852e+03      1.2496e+03     
1.3753e-01      4.5485e+03      1.0893e+03     
1.4253e-01      4.1959e+03      9.3133e+02     
1.4753e-01      3.8457e+03      7.8290e+02     
1.5253e-01      3.5169e+03      6.4971e+02     
1.5753e-01      3.2251e+03      5.3495e+02     
1.6253e-01      2.9786e+03      4.3860e+02     
1.6753e-01      2.7773e+03      3.5812e+02     
1.7253e-01      2.6143e+03      2.8969e+02     
1.7753e-01      2.4793e+03      2.2943e+02     
1.8253e-01      2.3602e+03      1.7414e+02     
1.8752e-01      2.2463e+03      1.2182e+02     
1.9252e-01      2.1292e+03      7.1632e+01     
1.9752e-01      2.0054e+03      2.3847e+01     
2.0251e-01      1.8754e+03      -2.0667e+01    
2.0752e-01      1.7434e+03      -6.1019e+01    
2.1252e-01      1.6152e+03      -9.6649e+01    
2.1752e-01      1.4956e+03      -1.2762e+02    
2.2252e-01      1.3881e+03      -1.5444e+02    
2.2752e-01      1.2942e+03      -1.7787e+02    
2.3252e-01      1.2135e+03      -1.9878e+02    
2.3752e-01      1.1438e+03      -2.1781e+02    
2.4252e-01      1.0823e+03      -2.3541e+02    
2.4752e-01      1.0257e+03      -2.5167e+02    
2.5252e-01      9.7089e+02      -2.6639e+02    
2.5751e-01      9.1620e+02      -2.7936e+02    
2.6251e-01      8.6072e+02      -2.9030e+02    
2.6751e-01      8.0462e+02      -2.9910e+02    
2.7251e-01      7.4905e+02      -3.0589e+02    
2.7752e-01      6.9527e+02      -3.1097e+02    
2.8252e-01      6.4454e+02      -3.1472e+02    
2.8751e-01      5.9801e+02      -3.1767e+02    
2.9251e-01      5.5602e+02      -3.2021e+02    
2.9751e-01      5.1817e+02      -3.2252e+02    
