# k P0 P2
# reduced chi2 = 0.8485
8.0027e-03      6.2849e+04      1.1242e+04     
1.2850e-02      4.8525e+04      1.4687e+04     
1.7764e-02      4.2573e+04      1.5438e+04     
2.2684e-02      3.7612e+04      1.4684e+04     
2.7646e-02      3.2765e+04      1.3293e+04     
3.2636e-02      2.8298e+04      1.1692e+04     
3.7623e-02      2.4504e+04      1.0225e+04     
4.2607e-02      2.1502e+04      9.0450e+03     
4.7584e-02      1.9235e+04      8.1587e+03     
5.2572e-02      1.7549e+04      7.5064e+03     
5.7566e-02      1.6254e+04      7.0009e+03     
6.2559e-02      1.5161e+04      6.5541e+03     
6.7563e-02      1.4115e+04      6.0958e+03     
7.2560e-02      1.3034e+04      5.5936e+03     
7.7552e-02      1.1897e+04      5.0492e+03     
8.2550e-02      1.0738e+04      4.4886e+03     
8.7545e-02      9.6232e+03      3.9517e+03     
9.2544e-02      8.6164e+03      3.4726e+03     
9.7542e-02      7.7626e+03      3.0731e+03     
1.0253e-01      7.0784e+03      2.7578e+03     
1.0754e-01      6.5493e+03      2.5162e+03     
1.1254e-01      6.1440e+03      2.3300e+03     
1.1754e-01      5.8196e+03      2.1772e+03     
1.2253e-01      5.5315e+03      2.0367e+03     
1.2753e-01      5.2429e+03      1.8932e+03     
1.3253e-01      4.9325e+03      1.7396e+03     
1.3753e-01      4.5947e+03      1.5760e+03     
1.4253e-01      4.2398e+03      1.4088e+03     
1.4753e-01      3.8863e+03      1.2472e+03     
1.5253e-01      3.5538e+03      1.0992e+03     
1.5753e-01      3.2585e+03      9.7035e+02     
1.6253e-01      3.0092e+03      8.6241e+02     
1.6753e-01      2.8059e+03      7.7374e+02     
1.7253e-01      2.6421e+03      7.0030e+02     
1.7753e-01      2.5068e+03      6.3723e+02     
1.8253e-01      2.3879e+03      5.7984e+02     
1.8752e-01      2.2739e+03      5.2453e+02     
1.9252e-01      2.1562e+03      4.6911e+02     
1.9752e-01      2.0307e+03      4.1322e+02     
2.0251e-01      1.8980e+03      3.5774e+02     
2.0752e-01      1.7625e+03      3.0439e+02     
2.1252e-01      1.6303e+03      2.5486e+02     
2.1752e-01      1.5067e+03      2.1019e+02     
2.2252e-01      1.3955e+03      1.7074e+02     
2.2752e-01      1.2983e+03      1.3622e+02     
2.3252e-01      1.2149e+03      1.0590e+02     
2.3752e-01      1.1431e+03      7.8864e+01     
2.4252e-01      1.0798e+03      5.4198e+01     
2.4752e-01      1.0215e+03      3.1185e+01     
2.5252e-01      9.6484e+02      9.4074e+00     
2.5751e-01      9.0799e+02      -1.1253e+01    
2.6251e-01      8.4994e+02      -3.0726e+01    
2.6751e-01      7.9089e+02      -4.8812e+01    
2.7251e-01      7.3208e+02      -6.5346e+01    
2.7752e-01      6.7493e+02      -8.0245e+01    
2.8252e-01      6.2087e+02      -9.3551e+01    
2.8751e-01      5.7122e+02      -1.0544e+02    
2.9251e-01      5.2638e+02      -1.1616e+02    
2.9751e-01      4.8594e+02      -1.2593e+02    
