# k P0 P2
# reduced chi2 = 0.9010
8.0027e-03      5.2885e+04      1.2141e+04     
1.2850e-02      4.5688e+04      1.5164e+04     
1.7764e-02      4.1939e+04      1.5809e+04     
2.2684e-02      3.7868e+04      1.5014e+04     
2.7646e-02      3.3412e+04      1.3549e+04     
3.2636e-02      2.9097e+04      1.1889e+04     
3.7623e-02      2.5347e+04      1.0373e+04     
4.2607e-02      2.2343e+04      9.1523e+03     
4.7584e-02      2.0061e+04      8.2350e+03     
5.2572e-02      1.8358e+04      7.5588e+03     
5.7566e-02      1.7046e+04      7.0330e+03     
6.2559e-02      1.5932e+04      6.5666e+03     
6.7563e-02      1.4858e+04      6.0888e+03     
7.2560e-02      1.3739e+04      5.5673e+03     
7.7552e-02      1.2558e+04      5.0047e+03     
8.2550e-02      1.1349e+04      4.4277e+03     
8.7545e-02      1.0185e+04      3.8770e+03     
9.2544e-02      9.1323e+03      3.3867e+03     
9.7542e-02      8.2394e+03      2.9777e+03     
1.0253e-01      7.5235e+03      2.6541e+03     
1.0754e-01      6.9697e+03      2.4047e+03     
1.1254e-01      6.5451e+03      2.2107e+03     
1.1754e-01      6.2048e+03      2.0499e+03     
1.2253e-01      5.9021e+03      1.9017e+03     
1.2753e-01      5.5988e+03      1.7513e+03     
1.3253e-01      5.2726e+03      1.5923e+03     
1.3753e-01      4.9179e+03      1.4251e+03     
1.4253e-01      4.5456e+03      1.2566e+03     
1.4753e-01      4.1751e+03      1.0952e+03     
1.5253e-01      3.8268e+03      9.4850e+02     
1.5753e-01      3.5175e+03      8.2120e+02     
1.6253e-01      3.2563e+03      7.1445e+02     
1.6753e-01      3.0432e+03      6.2619e+02     
1.7253e-01      2.8711e+03      5.5231e+02     
1.7753e-01      2.7289e+03      4.8819e+02     
1.8253e-01      2.6037e+03      4.2957e+02     
1.8752e-01      2.4839e+03      3.7341e+02     
1.9252e-01      2.3602e+03      3.1800e+02     
1.9752e-01      2.2288e+03      2.6323e+02     
2.0251e-01      2.0900e+03      2.1004e+02     
2.0752e-01      1.9487e+03      1.5989e+02     
2.1252e-01      1.8110e+03      1.1406e+02     
2.1752e-01      1.6823e+03      7.3184e+01     
2.2252e-01      1.5666e+03      3.7274e+01     
2.2752e-01      1.4655e+03      5.8455e+00     
2.3252e-01      1.3787e+03      -2.1940e+01    
2.3752e-01      1.3038e+03      -4.6914e+01    
2.4252e-01      1.2378e+03      -6.9828e+01    
2.4752e-01      1.1770e+03      -9.1167e+01    
2.5252e-01      1.1180e+03      -1.1110e+02    
2.5751e-01      1.0589e+03      -1.2960e+02    
2.6251e-01      9.9869e+02      -1.4650e+02    
2.6751e-01      9.3756e+02      -1.6162e+02    
2.7251e-01      8.7681e+02      -1.7491e+02    
2.7752e-01      8.1785e+02      -1.8644e+02    
2.8252e-01      7.6214e+02      -1.9642e+02    
2.8751e-01      7.1098e+02      -2.0518e+02    
2.9251e-01      6.6479e+02      -2.1303e+02    
2.9751e-01      6.2314e+02      -2.2020e+02    
