# k P0 P2
# reduced chi2 = 0.8568
8.0027e-03      3.3098e+04      1.1538e+04     
1.2850e-02      3.6697e+04      1.4701e+04     
1.7764e-02      3.6907e+04      1.5505e+04     
2.2684e-02      3.4764e+04      1.4821e+04     
2.7646e-02      3.1397e+04      1.3376e+04     
3.2636e-02      2.7728e+04      1.1717e+04     
3.7623e-02      2.4375e+04      1.0192e+04     
4.2607e-02      2.1624e+04      8.9551e+03     
4.7584e-02      1.9507e+04      8.0192e+03     
5.2572e-02      1.7917e+04      7.3230e+03     
5.7566e-02      1.6682e+04      6.7755e+03     
6.2559e-02      1.5622e+04      6.2865e+03     
6.7563e-02      1.4584e+04      5.7874e+03     
7.2560e-02      1.3488e+04      5.2484e+03     
7.7552e-02      1.2320e+04      4.6736e+03     
8.2550e-02      1.1119e+04      4.0903e+03     
8.7545e-02      9.9580e+03      3.5378e+03     
9.2544e-02      8.9070e+03      3.0482e+03     
9.7542e-02      8.0147e+03      2.6398e+03     
1.0253e-01      7.2986e+03      2.3150e+03     
1.0754e-01      6.7441e+03      2.0614e+03     
1.1254e-01      6.3179e+03      1.8603e+03     
1.1754e-01      5.9753e+03      1.6908e+03     
1.2253e-01      5.6698e+03      1.5342e+03     
1.2753e-01      5.3636e+03      1.3777e+03     
1.3253e-01      5.0348e+03      1.2166e+03     
1.3753e-01      4.6781e+03      1.0522e+03     
1.4253e-01      4.3047e+03      8.9079e+02     
1.4753e-01      3.9339e+03      7.3979e+02     
1.5253e-01      3.5859e+03      6.0470e+02     
1.5753e-01      3.2771e+03      4.8850e+02     
1.6253e-01      3.0162e+03      3.9096e+02     
1.6753e-01      2.8030e+03      3.0934e+02     
1.7253e-01      2.6305e+03      2.3972e+02     
1.7753e-01      2.4875e+03      1.7821e+02     
1.8253e-01      2.3613e+03      1.2169e+02     
1.8752e-01      2.2406e+03      6.8285e+01     
1.9252e-01      2.1167e+03      1.7327e+01     
1.9752e-01      1.9857e+03      -3.0821e+01    
2.0251e-01      1.8482e+03      -7.5254e+01    
2.0752e-01      1.7087e+03      -1.1514e+02    
2.1252e-01      1.5732e+03      -1.5005e+02    
2.1752e-01      1.4468e+03      -1.8016e+02    
2.2252e-01      1.3332e+03      -2.0614e+02    
2.2752e-01      1.2340e+03      -2.2882e+02    
2.3252e-01      1.1487e+03      -2.4913e+02    
2.3752e-01      1.0750e+03      -2.6770e+02    
2.4252e-01      1.0100e+03      -2.8493e+02    
2.4752e-01      9.5020e+02      -3.0084e+02    
2.5252e-01      8.9231e+02      -3.1514e+02    
2.5751e-01      8.3455e+02      -3.2755e+02    
2.6251e-01      7.7596e+02      -3.3776e+02    
2.6751e-01      7.1675e+02      -3.4567e+02    
2.7251e-01      6.5811e+02      -3.5145e+02    
2.7752e-01      6.0136e+02      -3.5544e+02    
2.8252e-01      5.4784e+02      -3.5809e+02    
2.8751e-01      4.9877e+02      -3.6000e+02    
2.9251e-01      4.5448e+02      -3.6158e+02    
2.9751e-01      4.1455e+02      -3.6302e+02    
