# k P0 P2
# reduced chi2 = 0.8985
8.0504e-03      4.5913e+04      7.4996e+03     
1.2849e-02      4.1563e+04      1.3954e+04     
1.7752e-02      3.9232e+04      1.4973e+04     
2.2692e-02      3.5896e+04      1.4383e+04     
2.7648e-02      3.1952e+04      1.3023e+04     
3.2613e-02      2.8012e+04      1.1450e+04     
3.7611e-02      2.4499e+04      9.9964e+03     
4.2613e-02      2.1654e+04      8.8235e+03     
4.7605e-02      1.9482e+04      7.9449e+03     
5.2591e-02      1.7861e+04      7.3011e+03     
5.7568e-02      1.6608e+04      6.8013e+03     
6.2562e-02      1.5536e+04      6.3538e+03     
6.7567e-02      1.4499e+04      5.8925e+03     
7.2573e-02      1.3415e+04      5.3853e+03     
7.7565e-02      1.2271e+04      4.8372e+03     
8.2548e-02      1.1102e+04      4.2767e+03     
8.7544e-02      9.9720e+03      3.7401e+03     
9.2544e-02      8.9486e+03      3.2629e+03     
9.7542e-02      8.0794e+03      2.8656e+03     
1.0254e-01      7.3804e+03      2.5514e+03     
1.0754e-01      6.8396e+03      2.3099e+03     
1.1254e-01      6.4243e+03      2.1224e+03     
1.1753e-01      6.0908e+03      1.9668e+03     
1.2252e-01      5.7938e+03      1.8232e+03     
1.2753e-01      5.4958e+03      1.6768e+03     
1.3254e-01      5.1757e+03      1.5213e+03     
1.3753e-01      4.8292e+03      1.3584e+03     
1.4253e-01      4.4657e+03      1.1942e+03     
1.4752e-01      4.1033e+03      1.0371e+03     
1.5253e-01      3.7625e+03      8.9469e+02     
1.5752e-01      3.4598e+03      7.7154e+02     
1.6252e-01      3.2034e+03      6.6846e+02     
1.6752e-01      2.9937e+03      5.8336e+02     
1.7252e-01      2.8241e+03      5.1216e+02     
1.7752e-01      2.6835e+03      4.5033e+02     
1.8252e-01      2.5596e+03      3.9375e+02     
1.8752e-01      2.4408e+03      3.3941e+02     
1.9252e-01      2.3185e+03      2.8571e+02     
1.9752e-01      2.1888e+03      2.3262e+02     
2.0252e-01      2.0523e+03      1.8112e+02     
2.0752e-01      1.9136e+03      1.3277e+02     
2.1252e-01      1.7783e+03      8.8645e+01     
2.1752e-01      1.6517e+03      4.9383e+01     
2.2252e-01      1.5377e+03      1.4938e+01     
2.2752e-01      1.4380e+03      -1.5155e+01    
2.3252e-01      1.3522e+03      -4.1750e+01    
2.3752e-01      1.2781e+03      -6.5656e+01    
2.4252e-01      1.2126e+03      -8.7570e+01    
2.4752e-01      1.1523e+03      -1.0802e+02    
2.5252e-01      1.0937e+03      -1.2714e+02    
2.5752e-01      1.0352e+03      -1.4484e+02    
2.6252e-01      9.7562e+02      -1.6099e+02    
2.6752e-01      9.1531e+02      -1.7535e+02    
2.7252e-01      8.5540e+02      -1.8789e+02    
2.7752e-01      7.9724e+02      -1.9871e+02    
2.8252e-01      7.4229e+02      -2.0802e+02    
2.8752e-01      6.9175e+02      -2.1609e+02    
2.9251e-01      6.4605e+02      -2.2333e+02    
2.9751e-01      6.0483e+02      -2.2993e+02    
