# k P0 P2
# reduced chi2 = 0.8451
8.0504e-03      3.3879e+04      1.0210e+04     
1.2849e-02      3.6030e+04      1.3881e+04     
1.7752e-02      3.5842e+04      1.4799e+04     
2.2692e-02      3.3630e+04      1.4221e+04     
2.7648e-02      3.0349e+04      1.2893e+04     
3.2613e-02      2.6829e+04      1.1355e+04     
3.7611e-02      2.3598e+04      9.9287e+03     
4.2613e-02      2.0944e+04      8.7769e+03     
4.7605e-02      1.8907e+04      7.9139e+03     
5.2591e-02      1.7382e+04      7.2829e+03     
5.7568e-02      1.6201e+04      6.7943e+03     
6.2562e-02      1.5186e+04      6.3570e+03     
6.7567e-02      1.4195e+04      5.9047e+03     
7.2573e-02      1.3148e+04      5.4052e+03     
7.7565e-02      1.2035e+04      4.8635e+03     
8.2548e-02      1.0894e+04      4.3078e+03     
8.7544e-02      9.7858e+03      3.7747e+03     
9.2544e-02      8.7810e+03      3.2999e+03     
9.7542e-02      7.9271e+03      2.9045e+03     
1.0254e-01      7.2408e+03      2.5920e+03     
1.0754e-01      6.7106e+03      2.3525e+03     
1.1254e-01      6.3043e+03      2.1670e+03     
1.1753e-01      5.9785e+03      2.0137e+03     
1.2252e-01      5.6884e+03      1.8721e+03     
1.2753e-01      5.3965e+03      1.7273e+03     
1.3254e-01      5.0817e+03      1.5728e+03     
1.3753e-01      4.7399e+03      1.4100e+03     
1.4253e-01      4.3804e+03      1.2454e+03     
1.4752e-01      4.0214e+03      1.0873e+03     
1.5253e-01      3.6836e+03      9.4367e+02     
1.5752e-01      3.3833e+03      8.1937e+02     
1.6252e-01      3.1293e+03      7.1535e+02     
1.6752e-01      2.9216e+03      6.2961e+02     
1.7252e-01      2.7539e+03      5.5807e+02     
1.7752e-01      2.6152e+03      4.9609e+02     
1.8252e-01      2.4929e+03      4.3941e+02     
1.8752e-01      2.3756e+03      3.8487e+02     
1.9252e-01      2.2545e+03      3.3072e+02     
1.9752e-01      2.1259e+03      2.7685e+02     
2.0252e-01      1.9902e+03      2.2426e+02     
2.0752e-01      1.8521e+03      1.7459e+02     
2.1252e-01      1.7173e+03      1.2903e+02     
2.1752e-01      1.5911e+03      8.8330e+01     
2.2252e-01      1.4775e+03      5.2553e+01     
2.2752e-01      1.3781e+03      2.1285e+01     
2.3252e-01      1.2926e+03      -6.3095e+00    
2.3752e-01      1.2189e+03      -3.1068e+01    
2.4252e-01      1.1538e+03      -5.3740e+01    
2.4752e-01      1.0937e+03      -7.4915e+01    
2.5252e-01      1.0354e+03      -9.4806e+01    
2.5752e-01      9.7705e+02      -1.1335e+02    
2.6252e-01      9.1761e+02      -1.3044e+02    
2.6752e-01      8.5734e+02      -1.4583e+02    
2.7252e-01      7.9740e+02      -1.5944e+02    
2.7752e-01      7.3916e+02      -1.7136e+02    
2.8252e-01      6.8412e+02      -1.8172e+02    
2.8752e-01      6.3349e+02      -1.9080e+02    
2.9251e-01      5.8771e+02      -1.9895e+02    
2.9751e-01      5.4643e+02      -2.0640e+02    
