80 2
k power
3.70544e-03 9.42378e+04
8.00271e-03 2.04263e+04
1.28497e-02 3.92148e+04
1.77641e-02 3.44614e+04
2.26842e-02 3.34928e+04
2.76464e-02 3.12780e+04
3.26361e-02 2.62521e+04
3.76229e-02 2.73688e+04
4.26066e-02 2.54779e+04
4.75842e-02 1.84831e+04
5.25722e-02 1.87887e+04
5.75659e-02 1.80100e+04
6.25589e-02 1.43626e+04
6.75629e-02 1.40180e+04
7.25605e-02 1.41404e+04
7.75516e-02 1.21949e+04
8.25500e-02 1.06408e+04
8.75455e-02 9.10059e+03
9.25437e-02 7.96802e+03
9.75415e-02 8.52122e+03
1.02534e-01 6.71885e+03
1.07536e-01 8.17239e+03
1.12540e-01 6.50462e+03
1.17537e-01 5.91861e+03
1.22533e-01 5.43860e+03
1.27534e-01 5.18697e+03
1.32530e-01 4.41918e+03
1.37531e-01 3.66345e+03
1.42530e-01 4.52969e+03
1.47526e-01 4.26036e+03
1.52527e-01 3.66194e+03
1.57528e-01 3.49459e+03
1.62527e-01 2.03645e+03
1.67526e-01 2.53508e+03
1.72526e-01 3.49019e+03
1.77526e-01 1.96446e+03
1.82527e-01 2.23070e+03
1.87525e-01 2.15130e+03
1.92520e-01 1.75966e+03
1.97516e-01 1.89327e+03
2.02513e-01 1.74162e+03
2.07516e-01 2.15979e+03
2.12517e-01 1.92057e+03
2.17519e-01 1.63047e+03
2.22521e-01 1.77354e+03
2.27519e-01 1.58223e+03
2.32521e-01 1.57355e+03
2.37520e-01 1.09091e+03
2.42520e-01 9.46344e+02
2.47519e-01 4.59242e+02
2.52516e-01 6.23094e+02
2.57514e-01 8.53609e+02
2.62513e-01 5.50109e+02
2.67513e-01 7.90062e+02
2.72514e-01 4.99992e+02
2.77515e-01 8.47352e+02
2.82516e-01 4.07500e+02
2.87514e-01 4.68648e+02
2.92512e-01 4.70320e+02
2.97514e-01 8.52305e+02
3.02516e-01 2.10242e+02
3.07515e-01 4.41266e+02
3.12512e-01 1.46547e+02
3.17510e-01 5.62305e+02
3.22511e-01 5.44492e+02
3.27512e-01 5.04391e+02
3.32512e-01 6.28594e+02
3.37512e-01 1.59344e+02
3.42513e-01 6.04258e+02
3.47513e-01 1.85188e+02
3.52513e-01 1.22664e+02
3.57513e-01 -8.32031e+00
3.62512e-01 1.94742e+02
3.67512e-01 1.69617e+02
3.72512e-01 9.96797e+01
3.77511e-01 -3.94688e+01
3.82510e-01 2.75781e+02
3.87510e-01 3.84312e+02
3.92510e-01 1.89805e+02
3.97510e-01 1.06453e+02
3.70544e-03 -7.28481e+03
8.00271e-03 5.15824e+04
1.28497e-02 -1.14610e+04
1.77641e-02 -6.59737e+03
2.26842e-02 -5.79965e+03
2.76464e-02 4.98391e+03
3.26361e-02 1.44496e+04
3.76229e-02 7.56775e+03
4.26066e-02 8.58521e+03
4.75842e-02 3.99395e+03
5.25722e-02 4.40435e+03
5.75659e-02 4.23863e+03
6.25589e-02 7.12785e+03
6.75629e-02 5.08008e+03
7.25605e-02 5.23870e+03
7.75516e-02 4.50519e+03
8.25500e-02 3.18328e+03
8.75455e-02 1.65926e+03
9.25437e-02 5.83807e+02
9.75415e-02 4.78104e+02
1.02534e-01 2.31416e+03
1.07536e-01 7.96874e+02
1.12540e-01 5.98400e+03
1.17537e-01 -5.28172e+02
1.22533e-01 2.92742e+02
1.27534e-01 1.25089e+03
1.32530e-01 1.50975e+03
1.37531e-01 1.52432e+03
1.42530e-01 1.07941e+03
1.47526e-01 -7.47686e+02
1.52527e-01 -2.16156e+02
1.57528e-01 6.53360e+02
1.62527e-01 -5.22653e+02
1.67526e-01 7.19885e+02
1.72526e-01 5.38202e+02
1.77526e-01 1.09239e+03
1.82527e-01 -2.27028e+02
1.87525e-01 8.55552e+02
1.92520e-01 -8.76046e+02
1.97516e-01 -2.02189e+02
2.02513e-01 -1.11016e+03
2.07516e-01 -3.25173e+02
2.12517e-01 3.49135e+02
2.17519e-01 2.48917e+02
2.22521e-01 2.01553e+02
2.27519e-01 -2.86237e+01
2.32521e-01 -2.40228e+02
2.37520e-01 1.02046e+03
2.42520e-01 -1.21389e+03
2.47519e-01 -2.15952e+02
2.52516e-01 6.24268e+02
2.57514e-01 -5.88290e+02
2.62513e-01 5.12982e+01
2.67513e-01 9.89433e+02
2.72514e-01 1.39848e+03
2.77515e-01 -2.75907e+02
2.82516e-01 1.08565e+03
2.87514e-01 7.61328e+02
2.92512e-01 -6.88643e+02
2.97514e-01 -5.05632e+02
3.02516e-01 -7.97830e+02
3.07515e-01 -1.29947e+02
3.12512e-01 -2.32494e+02
3.17510e-01 -8.44608e+02
3.22511e-01 -1.13672e+02
3.27512e-01 -6.06488e+02
3.32512e-01 3.31613e+02
3.37512e-01 6.60381e+02
3.42513e-01 -3.50765e+02
3.47513e-01 7.03510e+02
3.52513e-01 -9.24714e+01
3.57513e-01 3.54686e+02
3.62512e-01 -1.20971e+02
3.67512e-01 -5.13883e+02
3.72512e-01 -8.60531e+02
3.77511e-01 -8.19591e+02
3.82510e-01 -5.87108e+02
3.87510e-01 -5.40862e+02
3.92510e-01 -4.61519e+02
3.97510e-01 -1.64430e+02
