59 2
k power
8.01858e-03 1.33118e+04
1.28441e-02 2.43196e+04
1.77514e-02 3.19571e+04
2.26910e-02 3.61329e+04
2.76613e-02 2.76972e+04
3.26316e-02 2.45754e+04
3.76089e-02 2.13184e+04
4.25899e-02 2.20761e+04
4.75838e-02 2.06332e+04
5.25894e-02 1.66325e+04
5.75770e-02 1.43179e+04
6.25679e-02 1.60374e+04
6.75637e-02 1.51723e+04
7.25587e-02 1.23949e+04
7.75534e-02 1.13988e+04
8.25494e-02 1.00974e+04
8.75470e-02 8.65448e+03
9.25421e-02 9.07177e+03
9.75420e-02 7.86317e+03
1.02542e-01 7.67466e+03
1.07541e-01 6.41594e+03
1.12539e-01 6.67088e+03
1.17536e-01 5.10303e+03
1.22536e-01 4.83099e+03
1.27533e-01 5.36146e+03
1.32529e-01 5.22971e+03
1.37528e-01 4.98966e+03
1.42529e-01 4.16625e+03
1.47530e-01 4.04272e+03
1.52529e-01 3.95012e+03
1.57528e-01 3.05295e+03
1.62527e-01 2.63423e+03
1.67527e-01 2.85999e+03
1.72526e-01 3.26365e+03
1.77523e-01 3.76558e+03
1.82522e-01 3.05273e+03
1.87521e-01 2.21546e+03
1.92521e-01 1.87265e+03
1.97520e-01 1.72860e+03
2.02519e-01 2.16459e+03
2.07520e-01 2.35829e+03
2.12519e-01 1.84622e+03
2.17519e-01 1.89289e+03
2.22518e-01 9.67328e+02
2.27517e-01 7.57398e+02
2.32518e-01 6.50742e+02
2.37519e-01 1.21832e+03
2.42519e-01 2.09888e+03
2.47519e-01 1.13854e+03
2.52518e-01 9.45688e+02
2.57516e-01 1.21798e+03
2.62515e-01 1.11548e+03
2.67514e-01 1.04983e+03
2.72514e-01 1.21048e+03
2.77515e-01 7.68203e+02
2.82515e-01 5.18023e+02
2.87515e-01 2.46883e+02
2.92514e-01 5.50125e+02
2.97513e-01 3.81539e+02
8.01858e-03 1.69670e+04
1.28441e-02 2.52920e+04
1.77514e-02 -1.17664e+04
2.26910e-02 -4.30210e+03
2.76613e-02 8.96183e+03
3.26316e-02 2.19518e+04
3.76089e-02 1.13258e+04
4.25899e-02 1.04295e+04
4.75838e-02 1.00865e+04
5.25894e-02 1.24722e+04
5.75770e-02 1.73721e+03
6.25679e-02 3.26698e+01
6.75637e-02 3.05126e+03
7.25587e-02 4.73427e+03
7.75534e-02 4.79041e+03
8.25494e-02 6.99972e+03
8.75470e-02 7.22963e+03
9.25421e-02 5.88017e+03
9.75420e-02 3.92557e+03
1.02542e-01 1.65997e+03
1.07541e-01 1.84252e+03
1.12539e-01 4.84481e+03
1.17536e-01 1.56267e+03
1.22536e-01 -1.69402e+02
1.27533e-01 2.74525e+03
1.32529e-01 4.45599e+02
1.37528e-01 1.41251e+03
1.42529e-01 -1.97357e+02
1.47530e-01 1.03148e+03
1.52529e-01 3.28855e+03
1.57528e-01 2.05276e+03
1.62527e-01 7.12663e+02
1.67527e-01 -3.96883e+02
1.72526e-01 1.25897e+03
1.77523e-01 1.44959e+02
1.82522e-01 -3.96583e+02
1.87521e-01 6.97684e+02
1.92521e-01 -9.06325e+01
1.97520e-01 6.44847e+02
2.02519e-01 6.80215e+02
2.07520e-01 2.48337e+02
2.12519e-01 -1.71478e+02
2.17519e-01 1.52926e+03
2.22518e-01 1.24767e+03
2.27517e-01 1.69286e+03
2.32518e-01 5.33056e+02
2.37519e-01 -1.48816e+03
2.42519e-01 3.57156e+02
2.47519e-01 -3.67480e+01
2.52518e-01 -2.16838e+02
2.57516e-01 -7.29952e+02
2.62515e-01 -2.51437e+02
2.67514e-01 6.60560e+01
2.72514e-01 -2.22455e+02
2.77515e-01 -5.60384e+02
2.82515e-01 2.58225e+02
2.87515e-01 1.79821e+01
2.92514e-01 -3.75717e+02
2.97513e-01 -1.59611e+02
