60 2
k power
3.70814e-03 -1.42417e+04
8.01858e-03 4.05374e+04
1.28441e-02 5.42495e+04
1.77514e-02 4.33202e+04
2.26910e-02 3.79207e+04
2.76613e-02 3.36413e+04
3.26316e-02 2.86087e+04
3.76089e-02 2.31537e+04
4.25899e-02 1.83259e+04
4.75838e-02 1.97682e+04
5.25894e-02 1.81956e+04
5.75770e-02 1.98398e+04
6.25679e-02 1.45276e+04
6.75637e-02 1.21926e+04
7.25587e-02 1.28094e+04
7.75534e-02 1.14922e+04
8.25494e-02 1.08069e+04
8.75470e-02 8.29252e+03
9.25421e-02 7.14242e+03
9.75420e-02 7.30540e+03
1.02542e-01 6.94502e+03
1.07541e-01 6.21180e+03
1.12539e-01 6.48761e+03
1.17536e-01 5.46986e+03
1.22536e-01 4.85911e+03
1.27533e-01 4.98821e+03
1.32529e-01 5.59073e+03
1.37528e-01 4.39557e+03
1.42529e-01 4.75320e+03
1.47530e-01 3.75755e+03
1.52529e-01 3.31167e+03
1.57528e-01 4.03216e+03
1.62527e-01 3.25002e+03
1.67527e-01 3.12853e+03
1.72526e-01 2.78241e+03
1.77523e-01 2.72905e+03
1.82522e-01 2.87805e+03
1.87521e-01 2.54980e+03
1.92521e-01 2.03233e+03
1.97520e-01 1.54939e+03
2.02519e-01 1.45930e+03
2.07520e-01 1.54970e+03
2.12519e-01 1.70298e+03
2.17519e-01 1.94381e+03
2.22518e-01 1.59278e+03
2.27517e-01 1.18823e+03
2.32518e-01 1.10880e+03
2.37519e-01 7.35789e+02
2.42519e-01 5.31992e+02
2.47519e-01 9.36891e+02
2.52518e-01 1.03732e+03
2.57516e-01 5.75312e+02
2.62515e-01 5.55312e+02
2.67514e-01 1.11038e+03
2.72514e-01 9.71211e+02
2.77515e-01 1.01512e+03
2.82515e-01 6.82797e+02
2.87515e-01 4.08898e+02
2.92514e-01 2.36617e+02
2.97513e-01 4.00727e+02
3.70814e-03 -1.08005e+04
8.01858e-03 4.79837e+04
1.28441e-02 2.27283e+04
1.77514e-02 1.93353e+04
2.26910e-02 6.29969e+03
2.76613e-02 3.20655e+03
3.26316e-02 1.35756e+04
3.76089e-02 8.12350e+03
4.25899e-02 9.57983e+03
4.75838e-02 1.06266e+04
5.25894e-02 9.48211e+03
5.75770e-02 7.70181e+03
6.25679e-02 4.06660e+03
6.75637e-02 1.12770e+03
7.25587e-02 9.22154e+03
7.75534e-02 5.74122e+03
8.25494e-02 7.81502e+03
8.75470e-02 6.66420e+03
9.25421e-02 7.31478e+03
9.75420e-02 3.20121e+03
1.02542e-01 2.52992e+03
1.07541e-01 2.41231e+03
1.12539e-01 1.64440e+03
1.17536e-01 4.56211e+02
1.22536e-01 7.75707e+02
1.27533e-01 1.94202e+03
1.32529e-01 1.53259e+03
1.37528e-01 1.70180e+03
1.42529e-01 -2.84214e+02
1.47530e-01 -1.29456e+03
1.52529e-01 -1.18291e+03
1.57528e-01 1.18818e+03
1.62527e-01 2.38220e+02
1.67527e-01 2.85561e+03
1.72526e-01 2.31484e+03
1.77523e-01 1.22400e+02
1.82522e-01 1.34642e+03
1.87521e-01 1.62859e+03
1.92521e-01 7.16409e+01
1.97520e-01 -4.34577e+02
2.02519e-01 -9.61041e+02
2.07520e-01 -6.47502e+02
2.12519e-01 6.80839e+01
2.17519e-01 -1.54874e+03
2.22518e-01 1.67721e+02
2.27517e-01 -4.13758e+01
2.32518e-01 -2.13963e+03
2.37519e-01 -1.29257e+03
2.42519e-01 -1.25660e+02
2.47519e-01 2.04342e+02
2.52518e-01 -1.31831e+03
2.57516e-01 -1.33350e+03
2.62515e-01 -6.34241e+02
2.67514e-01 -4.62055e+02
2.72514e-01 -1.26702e+03
2.77515e-01 -5.55783e+02
2.82515e-01 7.10210e+02
2.87515e-01 -6.38157e+02
2.92514e-01 -8.47130e+02
2.97513e-01 1.17698e+02
