60 2
k power
3.78596e-03 -8.54953e+02
8.05565e-03 3.24876e+04
1.28387e-02 3.24985e+04
1.77584e-02 4.79349e+04
2.26862e-02 3.24582e+04
2.76450e-02 3.44525e+04
3.26261e-02 2.51732e+04
3.76152e-02 2.21651e+04
4.26121e-02 2.10128e+04
4.75881e-02 2.04040e+04
5.25764e-02 1.78849e+04
5.75766e-02 1.86973e+04
6.25706e-02 1.65342e+04
6.75643e-02 1.62675e+04
7.25546e-02 1.18139e+04
7.75520e-02 1.07917e+04
8.25499e-02 1.05206e+04
8.75466e-02 1.05607e+04
9.25461e-02 9.81492e+03
9.75410e-02 7.18047e+03
1.02539e-01 7.62924e+03
1.07538e-01 7.50811e+03
1.12539e-01 7.07769e+03
1.17539e-01 5.66359e+03
1.22534e-01 4.53334e+03
1.27532e-01 4.85359e+03
1.32531e-01 5.46675e+03
1.37529e-01 3.44512e+03
1.42529e-01 3.82519e+03
1.47527e-01 3.65135e+03
1.52526e-01 4.50455e+03
1.57526e-01 3.43003e+03
1.62527e-01 2.60187e+03
1.67528e-01 2.97252e+03
1.72524e-01 2.57105e+03
1.77522e-01 2.37848e+03
1.82524e-01 2.12415e+03
1.87522e-01 2.26895e+03
1.92522e-01 1.88870e+03
1.97523e-01 1.80503e+03
2.02522e-01 1.96334e+03
2.07520e-01 1.73662e+03
2.12520e-01 1.51261e+03
2.17519e-01 1.52943e+03
2.22517e-01 1.41805e+03
2.27517e-01 1.29204e+03
2.32517e-01 1.34185e+03
2.37517e-01 1.57995e+03
2.42517e-01 1.03552e+03
2.47517e-01 9.41531e+02
2.52517e-01 7.69766e+02
2.57516e-01 5.13141e+02
2.62515e-01 6.36984e+02
2.67515e-01 7.29961e+02
2.72514e-01 7.02445e+02
2.77515e-01 4.09281e+02
2.82515e-01 1.01944e+03
2.87514e-01 7.58516e+02
2.92514e-01 7.28211e+02
2.97513e-01 1.51664e+02
3.78596e-03 5.25726e+03
8.05565e-03 1.01978e+03
1.28387e-02 1.44065e+04
1.77584e-02 2.18117e+04
2.26862e-02 8.67417e+03
2.76450e-02 1.24004e+04
3.26261e-02 1.76059e+04
3.76152e-02 8.08018e+03
4.26121e-02 6.34761e+03
4.75881e-02 1.30142e+04
5.25764e-02 1.42879e+04
5.75766e-02 3.54226e+03
6.25706e-02 5.07455e+03
6.75643e-02 4.53196e+03
7.25546e-02 6.16966e+03
7.75520e-02 3.29192e+03
8.25499e-02 4.80018e+03
8.75466e-02 4.30447e+03
9.25461e-02 2.03736e+03
9.75410e-02 -1.69648e+02
1.02539e-01 -7.33208e+02
1.07538e-01 -1.81081e+02
1.12539e-01 1.23792e+03
1.17539e-01 5.09337e+02
1.22534e-01 -3.93520e+02
1.27532e-01 3.25273e+03
1.32531e-01 1.61845e+03
1.37529e-01 6.10538e+02
1.42529e-01 1.61422e+02
1.47527e-01 -3.90035e+02
1.52526e-01 1.59217e+02
1.57526e-01 5.77674e+02
1.62527e-01 -3.41047e+02
1.67528e-01 2.74513e+02
1.72524e-01 -6.81086e+01
1.77522e-01 -5.99422e+02
1.82524e-01 1.24357e+02
1.87522e-01 1.36921e+03
1.92522e-01 -2.23924e+02
1.97523e-01 -5.54544e+02
2.02522e-01 -5.29543e+02
2.07520e-01 -3.85690e+02
2.12520e-01 1.27093e+02
2.17519e-01 -5.22891e+02
2.22517e-01 -3.14152e+02
2.27517e-01 -7.49782e+02
2.32517e-01 -1.65473e+03
2.37517e-01 4.72965e+02
2.42517e-01 -5.69504e+02
2.47517e-01 4.33256e+02
2.52517e-01 -5.03610e+01
2.57516e-01 -9.39604e+02
2.62515e-01 -1.39357e+01
2.67515e-01 3.87222e+02
2.72514e-01 -1.16665e+03
2.77515e-01 -9.58729e+02
2.82515e-01 -6.24702e+02
2.87514e-01 -2.20853e+02
2.92514e-01 -3.55116e+02
2.97513e-01 2.43626e+02
