59 2
k power
8.05040e-03 3.36066e+04
1.28486e-02 3.52360e+04
1.77516e-02 3.26614e+04
2.26918e-02 4.37432e+04
2.76480e-02 3.49911e+04
3.26126e-02 2.76879e+04
3.76111e-02 2.66955e+04
4.26130e-02 1.77861e+04
4.76051e-02 1.74144e+04
5.25913e-02 1.56372e+04
5.75684e-02 1.90295e+04
6.25625e-02 1.45621e+04
6.75666e-02 1.36738e+04
7.25730e-02 1.29747e+04
7.75647e-02 1.14216e+04
8.25476e-02 1.09809e+04
8.75441e-02 8.54559e+03
9.25437e-02 8.94112e+03
9.75415e-02 8.35073e+03
1.02541e-01 8.35513e+03
1.07542e-01 7.67452e+03
1.12541e-01 6.74535e+03
1.17533e-01 6.31748e+03
1.22524e-01 4.91459e+03
1.27531e-01 5.67605e+03
1.32537e-01 4.66228e+03
1.37532e-01 4.34853e+03
1.42526e-01 3.79966e+03
1.47525e-01 4.08236e+03
1.52527e-01 3.50854e+03
1.57525e-01 2.86651e+03
1.62524e-01 2.89277e+03
1.67524e-01 3.12361e+03
1.72523e-01 2.83405e+03
1.77521e-01 2.90573e+03
1.82521e-01 2.27940e+03
1.87522e-01 2.56036e+03
1.92522e-01 1.11706e+03
1.97522e-01 1.87626e+03
2.02520e-01 2.13259e+03
2.07516e-01 1.67073e+03
2.12515e-01 2.24536e+03
2.17519e-01 1.44921e+03
2.22521e-01 1.40742e+03
2.27520e-01 1.35105e+03
2.32521e-01 2.13719e+02
2.37519e-01 5.95773e+02
2.42517e-01 6.25328e+02
2.47516e-01 2.15109e+02
2.52517e-01 6.00508e+02
2.57519e-01 1.20259e+03
2.62519e-01 1.77766e+02
2.67517e-01 3.30664e+02
2.72515e-01 4.08578e+02
2.77516e-01 4.29008e+02
2.82516e-01 1.85016e+02
2.87515e-01 5.59875e+02
2.92513e-01 3.19797e+02
2.97512e-01 5.08664e+02
8.05040e-03 -1.51483e+04
1.28486e-02 1.27041e+04
1.77516e-02 1.13823e+04
2.26918e-02 2.99136e+04
2.76480e-02 -1.12233e+03
3.26126e-02 4.24137e+03
3.76111e-02 1.12154e+04
4.26130e-02 1.40167e+04
4.76051e-02 1.29619e+04
5.25913e-02 5.27334e+03
5.75684e-02 -2.46178e+03
6.25625e-02 3.71651e+02
6.75666e-02 5.55948e+03
7.25730e-02 8.68558e+03
7.75647e-02 1.01873e+04
8.25476e-02 4.65382e+03
8.75441e-02 4.35473e+03
9.25437e-02 6.69702e+03
9.75415e-02 6.87435e+02
1.02541e-01 5.09596e+03
1.07542e-01 3.76325e+03
1.12541e-01 4.58521e+02
1.17533e-01 3.94387e+03
1.22524e-01 1.90314e+03
1.27531e-01 2.50106e+03
1.32537e-01 1.83105e+03
1.37532e-01 2.37187e+03
1.42526e-01 2.36980e+03
1.47525e-01 4.14498e+02
1.52527e-01 -5.03348e+02
1.57525e-01 -9.65068e+02
1.62524e-01 7.62660e+02
1.67524e-01 1.36279e+03
1.72523e-01 7.62101e+02
1.77521e-01 9.94249e+02
1.82521e-01 -1.54649e+03
1.87522e-01 -2.68132e+02
1.92522e-01 -2.13754e+03
1.97522e-01 -1.97568e+03
2.02520e-01 -1.97397e+03
2.07516e-01 -3.67001e+02
2.12515e-01 -2.57410e+02
2.17519e-01 7.43010e+01
2.22521e-01 1.92015e+03
2.27520e-01 1.20580e+02
2.32521e-01 1.30396e+03
2.37519e-01 1.58186e+03
2.42517e-01 8.29215e+02
2.47516e-01 -2.79202e+02
2.52517e-01 5.76724e+02
2.57519e-01 -6.05938e+02
2.62519e-01 -2.54650e+02
2.67517e-01 3.70818e+02
2.72515e-01 8.46970e+02
2.77516e-01 -5.64992e+02
2.82516e-01 6.94600e+02
2.87515e-01 -4.30078e+01
2.92513e-01 -2.02776e+02
2.97512e-01 -1.10162e+03
