80 2
k power
3.75378e-03 3.99201e+04
8.05040e-03 3.37896e+04
1.28486e-02 4.02584e+04
1.77516e-02 3.85506e+04
2.26918e-02 3.32295e+04
2.76480e-02 3.19474e+04
3.26126e-02 2.88817e+04
3.76111e-02 2.40708e+04
4.26130e-02 1.88863e+04
4.76051e-02 1.84768e+04
5.25913e-02 2.03592e+04
5.75684e-02 1.87718e+04
6.25625e-02 1.85061e+04
6.75666e-02 1.65547e+04
7.25730e-02 1.30694e+04
7.75647e-02 1.28244e+04
8.25476e-02 1.14641e+04
8.75441e-02 8.34339e+03
9.25437e-02 8.12576e+03
9.75415e-02 6.51470e+03
1.02541e-01 6.45961e+03
1.07542e-01 6.51125e+03
1.12541e-01 5.20991e+03
1.17533e-01 5.70331e+03
1.22524e-01 6.35495e+03
1.27531e-01 5.50907e+03
1.32537e-01 5.66530e+03
1.37532e-01 5.27405e+03
1.42526e-01 4.18498e+03
1.47525e-01 4.27002e+03
1.52527e-01 4.28444e+03
1.57525e-01 3.31453e+03
1.62524e-01 3.34301e+03
1.67524e-01 2.64605e+03
1.72523e-01 3.01416e+03
1.77521e-01 3.13132e+03
1.82521e-01 2.28881e+03
1.87522e-01 2.25758e+03
1.92522e-01 1.91505e+03
1.97522e-01 2.05294e+03
2.02520e-01 1.71105e+03
2.07516e-01 1.59656e+03
2.12515e-01 2.00508e+03
2.17519e-01 1.61795e+03
2.22521e-01 1.14645e+03
2.27520e-01 6.63930e+02
2.32521e-01 1.17291e+03
2.37519e-01 1.04098e+03
2.42517e-01 1.17836e+03
2.47516e-01 8.65250e+02
2.52517e-01 1.10785e+03
2.57519e-01 1.35866e+03
2.62519e-01 1.18502e+03
2.67517e-01 7.48797e+02
2.72515e-01 5.22078e+02
2.77516e-01 6.33117e+02
2.82516e-01 4.10930e+02
2.87515e-01 3.64930e+02
2.92513e-01 8.44883e+02
2.97512e-01 8.30016e+02
3.02513e-01 8.90594e+02
3.07511e-01 3.71750e+02
3.12511e-01 4.70820e+02
3.17513e-01 1.16891e+02
3.22513e-01 6.23672e+02
3.27512e-01 5.18797e+02
3.32509e-01 4.81383e+02
3.37510e-01 4.79602e+02
3.42513e-01 3.45930e+02
3.47514e-01 3.99969e+02
3.52514e-01 -9.76562e-01
3.57512e-01 -8.96094e+00
3.62512e-01 8.88281e+01
3.67512e-01 4.40875e+02
3.72510e-01 2.87602e+02
3.77511e-01 9.53750e+01
3.82512e-01 5.40703e+01
3.87512e-01 -1.78281e+01
3.92510e-01 -1.99727e+02
3.97510e-01 7.02266e+01
3.75378e-03 -2.28092e+04
8.05040e-03 2.92307e+03
1.28486e-02 4.58234e+04
1.77516e-02 3.88070e+04
2.26918e-02 2.80043e+04
2.76480e-02 3.28928e+04
3.26126e-02 1.01815e+04
3.76111e-02 1.18858e+04
4.26130e-02 7.83170e+03
4.76051e-02 3.26864e+03
5.25913e-02 7.22977e+03
5.75684e-02 8.52776e+03
6.25625e-02 8.04227e+03
6.75666e-02 9.48541e+03
7.25730e-02 7.18573e+03
7.75647e-02 3.25177e+03
8.25476e-02 7.01781e+03
8.75441e-02 1.96726e+03
9.25437e-02 2.40372e+03
9.75415e-02 2.59778e+03
1.02541e-01 1.74986e+03
1.07542e-01 2.80828e+03
1.12541e-01 2.42742e+03
1.17533e-01 -8.54244e+01
1.22524e-01 -5.77628e+02
1.27531e-01 9.19541e+02
1.32537e-01 -2.92548e-01
1.37532e-01 1.42894e+03
1.42526e-01 9.66044e+02
1.47525e-01 6.06096e+02
1.52527e-01 4.16333e+01
1.57525e-01 -8.83536e+02
1.62524e-01 2.20826e+03
1.67524e-01 1.98596e+03
1.72523e-01 2.02591e+02
1.77521e-01 1.47406e+03
1.82521e-01 4.01194e+02
1.87522e-01 -5.50038e+00
1.92522e-01 6.11638e+02
1.97522e-01 1.36825e+03
2.02520e-01 1.37177e+03
2.07516e-01 1.07107e+03
2.12515e-01 2.20968e+03
2.17519e-01 7.11197e+02
2.22521e-01 1.01672e+03
2.27520e-01 -6.64726e+02
2.32521e-01 7.85287e+02
2.37519e-01 -4.41822e+02
2.42517e-01 1.55830e+02
2.47516e-01 1.23454e+03
2.52517e-01 3.25535e+01
2.57519e-01 1.38413e+02
2.62519e-01 -9.30269e+01
2.67517e-01 -1.16565e+02
2.72515e-01 -3.75902e+02
2.77516e-01 8.54549e+02
2.82516e-01 1.51411e+03
2.87515e-01 9.63613e+02
2.92513e-01 -4.33655e+02
2.97512e-01 -1.66096e+00
3.02513e-01 5.89667e+01
3.07511e-01 8.02060e+01
3.12511e-01 -8.66884e+01
3.17513e-01 2.04290e+02
3.22513e-01 -7.06359e+02
3.27512e-01 -2.97378e+02
3.32509e-01 2.00253e+02
3.37510e-01 -3.67106e+02
3.42513e-01 -6.08527e+02
3.47514e-01 -4.10684e+02
3.52514e-01 2.47607e+02
3.57512e-01 -1.60407e+02
3.62512e-01 6.44350e+01
3.67512e-01 -4.23986e+02
3.72510e-01 -1.96900e+02
3.77511e-01 7.44991e+02
3.82512e-01 7.13903e+02
3.87512e-01 -1.41435e+02
3.92510e-01 1.52824e+02
3.97510e-01 -2.31255e+02
