60 2
k power
3.78596e-03 1.34965e+04
8.05565e-03 2.07071e+04
1.28387e-02 2.70996e+04
1.77584e-02 2.93177e+04
2.26862e-02 3.66613e+04
2.76450e-02 3.56224e+04
3.26261e-02 2.54089e+04
3.76152e-02 2.33153e+04
4.26121e-02 2.27739e+04
4.75881e-02 2.03569e+04
5.25764e-02 1.72972e+04
5.75766e-02 1.58882e+04
6.25706e-02 1.57611e+04
6.75643e-02 1.23883e+04
7.25546e-02 1.32914e+04
7.75520e-02 1.26133e+04
8.25499e-02 9.82940e+03
8.75466e-02 9.80853e+03
9.25461e-02 9.10644e+03
9.75410e-02 8.79739e+03
1.02539e-01 8.44262e+03
1.07538e-01 6.77891e+03
1.12539e-01 5.94808e+03
1.17539e-01 6.58712e+03
1.22534e-01 4.97866e+03
1.27532e-01 5.23768e+03
1.32531e-01 4.53673e+03
1.37529e-01 4.40155e+03
1.42529e-01 4.31045e+03
1.47527e-01 3.76823e+03
1.52526e-01 3.12767e+03
1.57526e-01 3.04981e+03
1.62527e-01 3.87348e+03
1.67528e-01 3.54933e+03
1.72524e-01 2.73583e+03
1.77522e-01 2.64135e+03
1.82524e-01 2.66356e+03
1.87522e-01 2.54678e+03
1.92522e-01 1.84654e+03
1.97523e-01 1.69820e+03
2.02522e-01 1.69224e+03
2.07520e-01 1.36278e+03
2.12520e-01 1.50405e+03
2.17519e-01 1.04721e+03
2.22517e-01 1.62947e+03
2.27517e-01 1.09705e+03
2.32517e-01 1.08261e+03
2.37517e-01 1.11343e+03
2.42517e-01 6.94773e+02
2.47517e-01 6.28438e+02
2.52517e-01 7.02266e+02
2.57516e-01 8.85156e+02
2.62515e-01 6.07156e+02
2.67515e-01 5.17016e+02
2.72514e-01 9.25172e+02
2.77515e-01 9.51281e+02
2.82515e-01 8.61938e+02
2.87514e-01 7.17719e+02
2.92514e-01 9.76633e+02
2.97513e-01 5.10578e+02
3.78596e-03 -9.39814e+03
8.05565e-03 -9.18573e+02
1.28387e-02 1.24896e+04
1.77584e-02 1.14596e+04
2.26862e-02 2.22277e+04
2.76450e-02 1.63905e+04
3.26261e-02 1.24705e+04
3.76152e-02 7.17589e+03
4.26121e-02 6.04183e+03
4.75881e-02 4.46096e+03
5.25764e-02 9.05716e+03
5.75766e-02 9.15345e+03
6.25706e-02 9.37215e+03
6.75643e-02 5.10897e+03
7.25546e-02 4.88449e+03
7.75520e-02 7.09301e+03
8.25499e-02 3.36387e+03
8.75466e-02 2.59207e+03
9.25461e-02 1.35276e+03
9.75410e-02 2.40909e+03
1.02539e-01 9.70978e+02
1.07538e-01 4.11481e+02
1.12539e-01 2.89167e+03
1.17539e-01 3.25653e+02
1.22534e-01 2.00195e+03
1.27532e-01 2.14214e+03
1.32531e-01 6.89157e+02
1.37529e-01 1.59556e+03
1.42529e-01 -5.28308e+01
1.47527e-01 -1.94597e+02
1.52526e-01 2.36358e+03
1.57526e-01 1.31852e+03
1.62527e-01 7.09171e+02
1.67528e-01 1.06618e+03
1.72524e-01 1.13708e+03
1.77522e-01 8.04956e+02
1.82524e-01 -5.95917e+02
1.87522e-01 5.95977e+02
1.92522e-01 -7.57112e+01
1.97523e-01 5.37428e+02
2.02522e-01 3.07720e+02
2.07520e-01 -3.16423e+02
2.12520e-01 -3.36028e+02
2.17519e-01 2.51757e+02
2.22517e-01 1.64433e+03
2.27517e-01 -3.37868e+02
2.32517e-01 -5.31345e+02
2.37517e-01 -1.08754e+03
2.42517e-01 -1.09388e+03
2.47517e-01 3.89133e+02
2.52517e-01 -2.18872e+02
2.57516e-01 1.54997e+01
2.62515e-01 -1.24687e+02
2.67515e-01 8.43333e+02
2.72514e-01 1.02724e+03
2.77515e-01 7.89873e+02
2.82515e-01 -6.34332e+02
2.87514e-01 -1.09232e+03
2.92514e-01 -1.03872e+03
2.97513e-01 -5.30012e+02
