60 2
k power
3.70814e-03 4.62302e+03
8.01858e-03 3.75240e+04
1.28441e-02 5.24408e+04
1.77514e-02 3.89937e+04
2.26910e-02 3.18995e+04
2.76613e-02 2.69264e+04
3.26316e-02 2.95338e+04
3.76089e-02 2.45886e+04
4.25899e-02 2.14302e+04
4.75838e-02 1.82200e+04
5.25894e-02 2.12508e+04
5.75770e-02 1.89555e+04
6.25679e-02 1.60077e+04
6.75637e-02 1.52132e+04
7.25587e-02 1.49803e+04
7.75534e-02 1.09454e+04
8.25494e-02 1.15871e+04
8.75470e-02 9.34730e+03
9.25421e-02 8.14591e+03
9.75420e-02 8.55417e+03
1.02542e-01 1.04503e+04
1.07541e-01 8.90761e+03
1.12539e-01 8.64962e+03
1.17536e-01 7.06514e+03
1.22536e-01 5.89354e+03
1.27533e-01 5.12754e+03
1.32529e-01 5.96542e+03
1.37528e-01 5.37162e+03
1.42529e-01 4.96164e+03
1.47530e-01 4.99905e+03
1.52529e-01 3.25201e+03
1.57528e-01 3.68650e+03
1.62527e-01 4.30896e+03
1.67527e-01 3.66614e+03
1.72526e-01 2.55949e+03
1.77523e-01 3.08521e+03
1.82522e-01 2.78602e+03
1.87521e-01 2.79080e+03
1.92521e-01 2.25639e+03
1.97520e-01 2.55139e+03
2.02519e-01 2.19633e+03
2.07520e-01 2.32255e+03
2.12519e-01 1.71811e+03
2.17519e-01 1.64759e+03
2.22518e-01 1.39180e+03
2.27517e-01 1.12252e+03
2.32518e-01 8.96773e+02
2.37519e-01 1.38326e+03
2.42519e-01 1.34988e+03
2.47519e-01 1.18429e+03
2.52518e-01 7.54734e+02
2.57516e-01 1.71515e+03
2.62515e-01 8.73281e+02
2.67514e-01 7.27031e+02
2.72514e-01 1.12273e+03
2.77515e-01 1.36308e+03
2.82515e-01 1.42302e+03
2.87515e-01 5.74211e+02
2.92514e-01 6.02539e+02
2.97513e-01 7.43070e+02
3.70814e-03 6.52049e+04
8.01858e-03 4.51843e+04
1.28441e-02 3.79757e+04
1.77514e-02 1.91745e+04
2.26910e-02 2.24334e+04
2.76613e-02 2.49773e+04
3.26316e-02 1.93167e+04
3.76089e-02 1.36658e+04
4.25899e-02 7.24148e+03
4.75838e-02 1.69364e+04
5.25894e-02 1.24762e+04
5.75770e-02 6.13282e+03
6.25679e-02 4.08610e+03
6.75637e-02 5.24630e+03
7.25587e-02 -8.33003e+01
7.75534e-02 -1.99569e+01
8.25494e-02 2.68992e+03
8.75470e-02 3.47074e+02
9.25421e-02 6.49378e+03
9.75420e-02 5.57585e+03
1.02542e-01 3.98138e+03
1.07541e-01 1.12845e+03
1.12539e-01 3.04084e+03
1.17536e-01 3.27553e+03
1.22536e-01 3.48129e+03
1.27533e-01 -1.46841e+02
1.32529e-01 1.93661e+03
1.37528e-01 -4.29296e+02
1.42529e-01 6.24269e+02
1.47530e-01 3.33407e+03
1.52529e-01 6.67691e+02
1.57528e-01 5.18443e+03
1.62527e-01 2.57755e+03
1.67527e-01 4.00822e+02
1.72526e-01 6.33179e+01
1.77523e-01 1.02495e+03
1.82522e-01 1.68729e+03
1.87521e-01 2.33871e+03
1.92521e-01 6.56368e+02
1.97520e-01 3.05842e+02
2.02519e-01 1.18390e+03
2.07520e-01 9.01392e+02
2.12519e-01 -3.78776e+02
2.17519e-01 -6.06514e+02
2.22518e-01 -1.17041e+03
2.27517e-01 -8.17388e+01
2.32518e-01 -1.16024e+03
2.37519e-01 5.95259e+02
2.42519e-01 3.45428e+02
2.47519e-01 7.77774e+02
2.52518e-01 1.70959e+03
2.57516e-01 -2.15218e+02
2.62515e-01 9.52845e+02
2.67514e-01 -2.42362e+02
2.72514e-01 5.28669e+02
2.77515e-01 5.94652e+02
2.82515e-01 -3.25730e+02
2.87515e-01 -1.14391e+03
2.92514e-01 4.85089e+02
2.97513e-01 -3.07694e+02
