80 2
k power
3.70544e-03 4.86472e+04
8.00271e-03 4.05994e+04
1.28497e-02 3.25567e+04
1.77641e-02 4.41584e+04
2.26842e-02 4.29844e+04
2.76464e-02 3.34638e+04
3.26361e-02 2.58405e+04
3.76229e-02 2.48996e+04
4.26066e-02 2.16600e+04
4.75842e-02 1.86447e+04
5.25722e-02 1.86017e+04
5.75659e-02 1.68253e+04
6.25589e-02 1.57394e+04
6.75629e-02 1.45137e+04
7.25605e-02 1.30716e+04
7.75516e-02 1.22527e+04
8.25500e-02 1.29257e+04
8.75455e-02 9.92038e+03
9.25437e-02 8.54843e+03
9.75415e-02 7.58379e+03
1.02534e-01 7.29363e+03
1.07536e-01 6.32266e+03
1.12540e-01 5.95291e+03
1.17537e-01 5.84863e+03
1.22533e-01 6.10576e+03
1.27534e-01 4.38031e+03
1.32530e-01 5.09179e+03
1.37531e-01 4.28183e+03
1.42530e-01 4.21427e+03
1.47526e-01 3.68552e+03
1.52527e-01 2.91662e+03
1.57528e-01 2.53110e+03
1.62527e-01 2.35668e+03
1.67526e-01 3.07992e+03
1.72526e-01 2.94017e+03
1.77526e-01 2.61292e+03
1.82527e-01 2.03508e+03
1.87525e-01 2.58837e+03
1.92520e-01 1.88652e+03
1.97516e-01 1.96591e+03
2.02513e-01 2.03517e+03
2.07516e-01 1.99627e+03
2.12517e-01 2.03962e+03
2.17519e-01 1.42138e+03
2.22521e-01 1.19896e+03
2.27519e-01 1.60523e+03
2.32521e-01 1.62505e+03
2.37520e-01 1.05773e+03
2.42520e-01 6.02656e+02
2.47519e-01 1.00097e+03
2.52516e-01 6.65055e+02
2.57514e-01 8.67633e+02
2.62513e-01 9.05656e+02
2.67513e-01 5.09164e+02
2.72514e-01 5.61336e+02
2.77515e-01 3.84352e+02
2.82516e-01 3.72922e+02
2.87514e-01 6.41219e+02
2.92512e-01 1.09685e+03
2.97514e-01 7.23266e+02
3.02516e-01 6.29703e+02
3.07515e-01 7.96945e+02
3.12512e-01 4.93312e+02
3.17510e-01 7.30211e+02
3.22511e-01 8.85133e+02
3.27512e-01 5.66852e+02
3.32512e-01 3.08375e+02
3.37512e-01 5.94578e+02
3.42513e-01 2.44484e+02
3.47513e-01 3.99492e+02
3.52513e-01 6.45891e+02
3.57513e-01 3.02445e+02
3.62512e-01 2.96430e+02
3.67512e-01 2.24523e+02
3.72512e-01 2.70266e+02
3.77511e-01 4.24648e+02
3.82510e-01 2.00750e+02
3.87510e-01 4.47477e+02
3.92510e-01 2.23430e+02
3.97510e-01 1.30602e+02
3.70544e-03 7.91562e+03
8.00271e-03 2.90256e+04
1.28497e-02 1.43621e+04
1.77641e-02 9.38183e+03
2.26842e-02 2.14706e+04
2.76464e-02 1.56271e+04
3.26361e-02 1.42153e+04
3.76229e-02 8.25628e+03
4.26066e-02 1.00612e+04
4.75842e-02 7.33373e+03
5.25722e-02 4.25687e+03
5.75659e-02 2.57870e+03
6.25589e-02 2.86328e+02
6.75629e-02 2.06969e+03
7.25605e-02 5.80411e+03
7.75516e-02 3.53647e+03
8.25500e-02 1.25205e+03
8.75455e-02 3.97265e+03
9.25437e-02 5.36736e+03
9.75415e-02 2.12468e+03
1.02534e-01 2.11560e+03
1.07536e-01 3.05610e+03
1.12540e-01 -4.23902e+02
1.17537e-01 1.41081e+03
1.22533e-01 -6.38652e+02
1.27534e-01 3.00110e+01
1.32530e-01 1.77102e+03
1.37531e-01 7.51567e+02
1.42530e-01 1.60839e+03
1.47526e-01 9.58083e+02
1.52527e-01 9.12123e+02
1.57528e-01 1.50991e+03
1.62527e-01 1.92461e+03
1.67526e-01 6.48032e+02
1.72526e-01 -8.33577e+01
1.77526e-01 6.21188e+02
1.82527e-01 1.08948e+03
1.87525e-01 8.04107e+02
1.92520e-01 6.46097e+02
1.97516e-01 3.90163e+02
2.02513e-01 -1.24448e+03
2.07516e-01 -1.43770e+03
2.12517e-01 5.12679e+02
2.17519e-01 1.36650e+03
2.22521e-01 -4.25959e+02
2.27519e-01 7.79471e+02
2.32521e-01 7.93922e+02
2.37520e-01 2.86797e+02
2.42520e-01 -5.09899e+02
2.47519e-01 -6.57830e+02
2.52516e-01 -1.53754e+02
2.57514e-01 -2.98176e+02
2.62513e-01 -3.42867e+02
2.67513e-01 -3.89701e+02
2.72514e-01 7.06843e+02
2.77515e-01 4.50072e+02
2.82516e-01 1.96284e+02
2.87514e-01 -1.21101e+02
2.92512e-01 3.78514e+02
2.97514e-01 -2.93251e+00
3.02516e-01 -1.47658e+02
3.07515e-01 -6.57686e+01
3.12512e-01 -5.44616e+02
3.17510e-01 -2.86452e+02
3.22511e-01 -2.00114e+02
3.27512e-01 -4.44868e+02
3.32512e-01 -8.79124e+01
3.37512e-01 -4.74145e+02
3.42513e-01 -4.52401e+02
3.47513e-01 1.07114e+02
3.52513e-01 -4.01400e+01
3.57513e-01 1.45388e+02
3.62512e-01 1.47625e+02
3.67512e-01 -1.11555e+02
3.72512e-01 2.00050e+02
3.77511e-01 4.63661e+02
3.82510e-01 -2.63152e+02
3.87510e-01 -2.46421e+02
3.92510e-01 4.47626e+01
3.97510e-01 -7.83645e+01
