60 2
k power
3.70814e-03 2.53996e+04
8.01858e-03 4.31340e+04
1.28441e-02 1.48292e+04
1.77514e-02 3.94396e+04
2.26910e-02 3.77048e+04
2.76613e-02 3.16652e+04
3.26316e-02 3.07151e+04
3.76089e-02 2.25692e+04
4.25899e-02 2.08909e+04
4.75838e-02 2.13126e+04
5.25894e-02 1.82802e+04
5.75770e-02 1.69249e+04
6.25679e-02 1.62142e+04
6.75637e-02 1.42161e+04
7.25587e-02 1.52384e+04
7.75534e-02 1.31666e+04
8.25494e-02 9.89615e+03
8.75470e-02 8.59614e+03
9.25421e-02 9.04512e+03
9.75420e-02 7.37400e+03
1.02542e-01 6.25758e+03
1.07541e-01 6.70270e+03
1.12539e-01 8.24564e+03
1.17536e-01 5.93956e+03
1.22536e-01 5.63264e+03
1.27533e-01 5.51144e+03
1.32529e-01 4.90035e+03
1.37528e-01 5.17039e+03
1.42529e-01 4.50139e+03
1.47530e-01 3.78831e+03
1.52529e-01 3.79159e+03
1.57528e-01 3.07737e+03
1.62527e-01 3.40117e+03
1.67527e-01 2.72067e+03
1.72526e-01 2.39677e+03
1.77523e-01 2.28155e+03
1.82522e-01 2.62287e+03
1.87521e-01 2.96409e+03
1.92521e-01 2.16328e+03
1.97520e-01 2.86539e+03
2.02519e-01 2.32116e+03
2.07520e-01 1.65341e+03
2.12519e-01 1.73648e+03
2.17519e-01 8.29922e+02
2.22518e-01 6.64133e+02
2.27517e-01 1.23495e+03
2.32518e-01 1.72662e+03
2.37519e-01 1.25678e+03
2.42519e-01 1.00620e+03
2.47519e-01 7.52938e+02
2.52518e-01 5.96508e+02
2.57516e-01 -5.34297e+01
2.62515e-01 4.88758e+02
2.67514e-01 1.01564e+03
2.72514e-01 8.36289e+02
2.77515e-01 6.62492e+02
2.82515e-01 1.00656e+03
2.87515e-01 5.85867e+02
2.92514e-01 5.98992e+02
2.97513e-01 6.27227e+02
3.70814e-03 -1.11294e+04
8.01858e-03 9.85437e+04
1.28441e-02 1.51380e+04
1.77514e-02 3.29059e+04
2.26910e-02 2.03953e+04
2.76613e-02 2.21675e+04
3.26316e-02 1.61056e+04
3.76089e-02 3.83053e+02
4.25899e-02 3.86744e+03
4.75838e-02 8.44202e+03
5.25894e-02 6.06960e+03
5.75770e-02 8.18067e+03
6.25679e-02 8.28571e+03
6.75637e-02 3.25062e+03
7.25587e-02 9.66828e+03
7.75534e-02 3.83866e+03
8.25494e-02 1.90008e+03
8.75470e-02 5.12982e+03
9.25421e-02 6.65826e+03
9.75420e-02 2.03639e+03
1.02542e-01 3.97247e+03
1.07541e-01 2.52176e+03
1.12539e-01 2.37302e+03
1.17536e-01 3.17984e+03
1.22536e-01 1.08341e+03
1.27533e-01 5.67183e+03
1.32529e-01 3.83692e+03
1.37528e-01 2.48709e+03
1.42529e-01 5.31075e+02
1.47530e-01 -6.59934e+02
1.52529e-01 6.49607e+01
1.57528e-01 -7.11069e+02
1.62527e-01 1.07206e+03
1.67527e-01 3.86317e+02
1.72526e-01 1.80369e+03
1.77523e-01 -5.73100e+02
1.82522e-01 -2.07183e+03
1.87521e-01 3.78701e+02
1.92521e-01 -7.77723e+02
1.97520e-01 2.26574e+02
2.02519e-01 1.87342e+02
2.07520e-01 1.11926e+03
2.12519e-01 6.42752e+02
2.17519e-01 8.44471e+01
2.22518e-01 5.36843e+02
2.27517e-01 1.10208e+03
2.32518e-01 3.44181e+02
2.37519e-01 1.49571e+02
2.42519e-01 -1.82735e+01
2.47519e-01 5.04828e+02
2.52518e-01 -4.75877e+02
2.57516e-01 1.14225e+02
2.62515e-01 2.90418e+02
2.67514e-01 7.14130e+01
2.72514e-01 -3.45198e+02
2.77515e-01 5.53440e+01
2.82515e-01 -1.27605e+02
2.87515e-01 -9.12919e+02
2.92514e-01 -3.46805e+02
2.97513e-01 1.16872e+03
