59 2
k power
8.00271e-03 1.90368e+04
1.28497e-02 4.80447e+04
1.77641e-02 4.46201e+04
2.26842e-02 3.62781e+04
2.76464e-02 2.83555e+04
3.26361e-02 3.35217e+04
3.76229e-02 2.76517e+04
4.26066e-02 2.43671e+04
4.75842e-02 2.21123e+04
5.25722e-02 1.80549e+04
5.75659e-02 1.76537e+04
6.25589e-02 1.71824e+04
6.75629e-02 1.60882e+04
7.25605e-02 1.48331e+04
7.75516e-02 1.31938e+04
8.25500e-02 1.24954e+04
8.75455e-02 1.02699e+04
9.25437e-02 9.12941e+03
9.75415e-02 8.72489e+03
1.02534e-01 9.07861e+03
1.07536e-01 7.73689e+03
1.12540e-01 7.54888e+03
1.17537e-01 6.76554e+03
1.22533e-01 5.27368e+03
1.27534e-01 5.23965e+03
1.32530e-01 4.58664e+03
1.37531e-01 4.17383e+03
1.42530e-01 3.81766e+03
1.47526e-01 4.15228e+03
1.52527e-01 3.30985e+03
1.57528e-01 3.66727e+03
1.62527e-01 3.29727e+03
1.67526e-01 2.92401e+03
1.72526e-01 2.47683e+03
1.77526e-01 2.52488e+03
1.82527e-01 2.51189e+03
1.87525e-01 2.42241e+03
1.92520e-01 2.04091e+03
1.97516e-01 1.87534e+03
2.02513e-01 1.79859e+03
2.07516e-01 1.55850e+03
2.12517e-01 2.09383e+03
2.17519e-01 1.69024e+03
2.22521e-01 1.91793e+03
2.27519e-01 1.34886e+03
2.32521e-01 1.45501e+03
2.37520e-01 8.60852e+02
2.42520e-01 7.32055e+02
2.47519e-01 1.35438e+03
2.52516e-01 8.19625e+02
2.57514e-01 7.21242e+02
2.62513e-01 1.28098e+03
2.67513e-01 7.63289e+02
2.72514e-01 7.18625e+02
2.77515e-01 6.53664e+02
2.82516e-01 6.58555e+02
2.87514e-01 5.35781e+02
2.92512e-01 6.74109e+02
2.97514e-01 4.19297e+01
8.00271e-03 5.83718e+03
1.28497e-02 2.41745e+04
1.77641e-02 1.62423e+04
2.26842e-02 2.47612e+04
2.76464e-02 3.25980e+03
3.26361e-02 1.02896e+04
3.76229e-02 -7.39909e+02
4.26066e-02 4.41227e+03
4.75842e-02 7.47320e+03
5.25722e-02 2.09936e+03
5.75659e-02 9.66081e+03
6.25589e-02 6.30391e+03
6.75629e-02 4.28302e+03
7.25605e-02 4.65975e+03
7.75516e-02 6.56998e+03
8.25500e-02 5.99192e+03
8.75455e-02 3.63891e+03
9.25437e-02 5.55687e+03
9.75415e-02 1.90245e+03
1.02534e-01 7.82481e+02
1.07536e-01 3.00697e+03
1.12540e-01 3.22918e+03
1.17537e-01 1.04717e+03
1.22533e-01 1.43305e+03
1.27534e-01 2.03840e+03
1.32530e-01 4.03778e+02
1.37531e-01 5.21291e+02
1.42530e-01 6.88421e+02
1.47526e-01 2.04549e+02
1.52527e-01 8.36689e+02
1.57528e-01 7.95864e+02
1.62527e-01 -1.02742e+02
1.67526e-01 2.32268e+02
1.72526e-01 5.85347e+00
1.77526e-01 3.89645e+02
1.82527e-01 -4.10181e+01
1.87525e-01 5.37350e+02
1.92520e-01 5.21237e+02
1.97516e-01 -6.08077e+01
2.02513e-01 -7.35727e+02
2.07516e-01 -5.76021e+02
2.12517e-01 2.39423e+02
2.17519e-01 8.89995e+02
2.22521e-01 -1.30887e+03
2.27519e-01 -7.34812e+02
2.32521e-01 -1.36734e+03
2.37520e-01 3.82918e+02
2.42520e-01 -1.01810e+03
2.47519e-01 2.86748e+01
2.52516e-01 -9.26154e+02
2.57514e-01 -1.87191e+02
2.62513e-01 -2.58125e+02
2.67513e-01 -4.87718e+02
2.72514e-01 -7.61674e+02
2.77515e-01 7.73145e+02
2.82516e-01 4.68442e+02
2.87514e-01 -2.45269e+02
2.92512e-01 -9.99488e+01
2.97514e-01 1.08201e+03
