80 2
k power
3.75378e-03 5.06139e+04
8.05040e-03 2.91393e+04
1.28486e-02 5.83826e+04
1.77516e-02 3.33321e+04
2.26918e-02 3.35780e+04
2.76480e-02 3.13946e+04
3.26126e-02 2.28160e+04
3.76111e-02 2.24696e+04
4.26130e-02 2.41704e+04
4.76051e-02 1.77769e+04
5.25913e-02 1.56658e+04
5.75684e-02 1.57128e+04
6.25625e-02 1.38386e+04
6.75666e-02 1.51736e+04
7.25730e-02 1.62821e+04
7.75647e-02 1.32895e+04
8.25476e-02 1.21474e+04
8.75441e-02 9.62900e+03
9.25437e-02 9.14286e+03
9.75415e-02 9.01019e+03
1.02541e-01 8.30698e+03
1.07542e-01 6.93962e+03
1.12541e-01 7.11399e+03
1.17533e-01 6.24359e+03
1.22524e-01 6.87246e+03
1.27531e-01 6.36102e+03
1.32537e-01 5.56973e+03
1.37532e-01 3.58834e+03
1.42526e-01 4.76490e+03
1.47525e-01 5.04389e+03
1.52527e-01 4.27121e+03
1.57525e-01 4.11820e+03
1.62524e-01 3.04048e+03
1.67524e-01 2.54059e+03
1.72523e-01 2.53007e+03
1.77521e-01 3.07378e+03
1.82521e-01 2.82318e+03
1.87522e-01 2.62480e+03
1.92522e-01 2.51075e+03
1.97522e-01 2.18534e+03
2.02520e-01 2.16777e+03
2.07516e-01 1.63637e+03
2.12515e-01 1.71383e+03
2.17519e-01 1.00011e+03
2.22521e-01 1.40400e+03
2.27520e-01 1.78348e+03
2.32521e-01 1.26189e+03
2.37519e-01 7.87727e+02
2.42517e-01 5.85742e+02
2.47516e-01 1.14084e+03
2.52517e-01 1.38832e+03
2.57519e-01 1.31734e+03
2.62519e-01 1.19210e+03
2.67517e-01 1.02027e+03
2.72515e-01 6.49578e+02
2.77516e-01 9.24078e+02
2.82516e-01 8.08062e+02
2.87515e-01 6.38922e+02
2.92513e-01 2.86336e+02
2.97512e-01 5.71172e+02
3.02513e-01 7.21453e+02
3.07511e-01 8.50930e+02
3.12511e-01 3.47875e+02
3.17513e-01 3.94609e+01
3.22513e-01 2.16047e+02
3.27512e-01 2.87070e+02
3.32509e-01 5.04516e+02
3.37510e-01 1.85023e+02
3.42513e-01 1.11922e+02
3.47514e-01 9.18672e+01
3.52514e-01 6.25852e+02
3.57512e-01 1.20578e+02
3.62512e-01 1.42125e+02
3.67512e-01 -2.19094e+02
3.72510e-01 1.47828e+02
3.77511e-01 3.33133e+02
3.82512e-01 5.04969e+02
3.87512e-01 3.67500e+02
3.92510e-01 2.55109e+02
3.97510e-01 3.12562e+02
3.75378e-03 -5.39724e+04
8.05040e-03 -6.04241e+04
1.28486e-02 1.71567e+04
1.77516e-02 3.64366e+04
2.26918e-02 3.32766e+04
2.76480e-02 2.04743e+04
3.26126e-02 1.29300e+04
3.76111e-02 1.46070e+04
4.26130e-02 1.05310e+04
4.76051e-02 4.15012e+02
5.25913e-02 9.01508e+03
5.75684e-02 1.03168e+04
6.25625e-02 8.40873e+03
6.75666e-02 3.05741e+03
7.25730e-02 2.92680e+03
7.75647e-02 4.35960e+03
8.25476e-02 2.10954e+03
8.75441e-02 8.52304e+02
9.25437e-02 -1.55566e+03
9.75415e-02 -5.06417e+02
1.02541e-01 3.85572e+03
1.07542e-01 7.54218e+02
1.12541e-01 1.75177e+03
1.17533e-01 -2.83933e+02
1.22524e-01 2.03773e+03
1.27531e-01 -3.17276e+02
1.32537e-01 -1.85480e+03
1.37532e-01 -2.02637e+03
1.42526e-01 -3.49570e+00
1.47525e-01 1.29915e+03
1.52527e-01 3.01409e+03
1.57525e-01 2.09954e+03
1.62524e-01 -6.67870e+02
1.67524e-01 1.14999e+03
1.72523e-01 3.41130e+03
1.77521e-01 2.62413e+03
1.82521e-01 4.65987e+02
1.87522e-01 9.53353e+02
1.92522e-01 -1.37498e+02
1.97522e-01 1.50514e+03
2.02520e-01 2.14511e+03
2.07516e-01 6.58536e+02
2.12515e-01 1.09614e+03
2.17519e-01 5.64190e+02
2.22521e-01 1.32345e+03
2.27520e-01 -4.36831e+02
2.32521e-01 2.63654e+02
2.37519e-01 6.42352e+02
2.42517e-01 3.76441e+02
2.47516e-01 -3.50703e+01
2.52517e-01 -8.35604e+02
2.57519e-01 -2.65979e+02
2.62519e-01 -1.41919e+02
2.67517e-01 4.17089e+02
2.72515e-01 1.58614e+03
2.77516e-01 8.14077e+02
2.82516e-01 7.06546e+02
2.87515e-01 6.92560e+02
2.92513e-01 2.23089e+02
2.97512e-01 1.51463e+01
3.02513e-01 -2.18765e+02
3.07511e-01 2.75823e+02
3.12511e-01 3.68035e+02
3.17513e-01 2.91408e+02
3.22513e-01 9.22594e+02
3.27512e-01 3.85063e+02
3.32509e-01 1.26724e+02
3.37510e-01 1.13895e+02
3.42513e-01 1.27016e+01
3.47514e-01 -3.47257e+02
3.52514e-01 1.48743e+02
3.57512e-01 5.27463e+02
3.62512e-01 3.06133e+02
3.67512e-01 -5.72504e+02
3.72510e-01 4.52171e+02
3.77511e-01 -3.22560e+02
3.82512e-01 -4.47621e+02
3.87512e-01 7.79555e+02
3.92510e-01 3.76575e+01
3.97510e-01 -2.31627e+01
