59 2
k power
8.05565e-03 2.64668e+04
1.28387e-02 4.68964e+04
1.77584e-02 3.43957e+04
2.26862e-02 2.66605e+04
2.76450e-02 3.08605e+04
3.26261e-02 2.70588e+04
3.76152e-02 2.62671e+04
4.26121e-02 1.83645e+04
4.75881e-02 1.92035e+04
5.25764e-02 1.67689e+04
5.75766e-02 1.64177e+04
6.25706e-02 1.52470e+04
6.75643e-02 1.43548e+04
7.25546e-02 1.28909e+04
7.75520e-02 1.12939e+04
8.25499e-02 1.13206e+04
8.75466e-02 7.56413e+03
9.25461e-02 7.73670e+03
9.75410e-02 7.73420e+03
1.02539e-01 5.69819e+03
1.07538e-01 6.52128e+03
1.12539e-01 6.93359e+03
1.17539e-01 5.81445e+03
1.22534e-01 5.39802e+03
1.27532e-01 5.03140e+03
1.32531e-01 4.64249e+03
1.37529e-01 3.84645e+03
1.42529e-01 4.05323e+03
1.47527e-01 3.85849e+03
1.52526e-01 2.55333e+03
1.57526e-01 2.47200e+03
1.62527e-01 3.05062e+03
1.67528e-01 3.91082e+03
1.72524e-01 2.82712e+03
1.77522e-01 2.26312e+03
1.82524e-01 1.80268e+03
1.87522e-01 1.83707e+03
1.92522e-01 1.96288e+03
1.97523e-01 2.01377e+03
2.02522e-01 1.30671e+03
2.07520e-01 9.29297e+02
2.12520e-01 1.55877e+03
2.17519e-01 1.36270e+03
2.22517e-01 9.20555e+02
2.27517e-01 7.05453e+02
2.32517e-01 2.34328e+02
2.37517e-01 1.42860e+03
2.42517e-01 1.01342e+03
2.47517e-01 6.90812e+02
2.52517e-01 8.97203e+02
2.57516e-01 7.27797e+02
2.62515e-01 6.75102e+02
2.67515e-01 5.14289e+02
2.72514e-01 5.88320e+02
2.77515e-01 7.30188e+02
2.82515e-01 6.84617e+02
2.87514e-01 5.42789e+02
2.92514e-01 8.01539e+02
2.97513e-01 6.64227e+02
8.05565e-03 -3.89915e+03
1.28387e-02 6.71815e+03
1.77584e-02 3.43766e+04
2.26862e-02 1.09684e+04
2.76450e-02 3.68097e+03
3.26261e-02 1.18355e+04
3.76152e-02 9.01728e+03
4.26121e-02 1.10431e+04
4.75881e-02 1.20329e+04
5.25764e-02 6.36204e+02
5.75766e-02 1.56771e+03
6.25706e-02 1.55904e+03
6.75643e-02 5.16555e+03
7.25546e-02 -9.37091e+02
7.75520e-02 3.18070e+03
8.25499e-02 7.57210e+03
8.75466e-02 -5.68867e+02
9.25461e-02 -3.19914e+02
9.75410e-02 1.61553e+03
1.02539e-01 4.71349e+03
1.07538e-01 1.29810e+03
1.12539e-01 7.79359e+01
1.17539e-01 1.35338e+03
1.22534e-01 1.29154e+02
1.27532e-01 7.58480e+02
1.32531e-01 -3.93206e+02
1.37529e-01 2.30142e+03
1.42529e-01 -4.41161e+02
1.47527e-01 -1.08509e+03
1.52526e-01 3.92003e+01
1.57526e-01 -4.19744e+02
1.62527e-01 4.51571e+02
1.67528e-01 4.75874e+02
1.72524e-01 -1.19872e+03
1.77522e-01 -3.79653e+02
1.82524e-01 -2.72486e+02
1.87522e-01 8.20166e+01
1.92522e-01 7.70131e+02
1.97523e-01 3.30621e+02
2.02522e-01 -1.57037e+02
2.07520e-01 -1.60051e+01
2.12520e-01 -7.87654e+02
2.17519e-01 -5.13809e+02
2.22517e-01 -1.04837e+03
2.27517e-01 -1.55622e+03
2.32517e-01 -1.20051e+03
2.37517e-01 -1.28802e+03
2.42517e-01 -5.04364e+02
2.47517e-01 -2.07270e+02
2.52517e-01 -1.05737e+03
2.57516e-01 7.50886e+01
2.62515e-01 -3.05673e+02
2.67515e-01 2.60475e+02
2.72514e-01 -2.83617e+02
2.77515e-01 7.79414e+02
2.82515e-01 1.17358e+02
2.87514e-01 -2.43543e+01
2.92514e-01 -6.30139e+02
2.97513e-01 -1.44365e+03
