80 2
k power
3.75378e-03 -9.53855e+03
8.05040e-03 4.08820e+04
1.28486e-02 2.86573e+04
1.77516e-02 4.78142e+04
2.26918e-02 3.40516e+04
2.76480e-02 2.66626e+04
3.26126e-02 2.30479e+04
3.76111e-02 2.10065e+04
4.26130e-02 2.10352e+04
4.76051e-02 1.90526e+04
5.25913e-02 1.90255e+04
5.75684e-02 1.80341e+04
6.25625e-02 1.36265e+04
6.75666e-02 1.13907e+04
7.25730e-02 1.27740e+04
7.75647e-02 1.22460e+04
8.25476e-02 1.16875e+04
8.75441e-02 1.07438e+04
9.25437e-02 8.99570e+03
9.75415e-02 7.97883e+03
1.02541e-01 6.60884e+03
1.07542e-01 6.57579e+03
1.12541e-01 5.78384e+03
1.17533e-01 5.77535e+03
1.22524e-01 4.05630e+03
1.27531e-01 5.02632e+03
1.32537e-01 4.97551e+03
1.37532e-01 5.80636e+03
1.42526e-01 4.95194e+03
1.47525e-01 3.65109e+03
1.52527e-01 3.21402e+03
1.57525e-01 3.47984e+03
1.62524e-01 2.96656e+03
1.67524e-01 2.20353e+03
1.72523e-01 2.78945e+03
1.77521e-01 2.79912e+03
1.82521e-01 2.78702e+03
1.87522e-01 2.31051e+03
1.92522e-01 2.16325e+03
1.97522e-01 2.72554e+03
2.02520e-01 2.23138e+03
2.07516e-01 1.95041e+03
2.12515e-01 2.05891e+03
2.17519e-01 1.74142e+03
2.22521e-01 1.66641e+03
2.27520e-01 1.92045e+03
2.32521e-01 1.30166e+03
2.37519e-01 1.43598e+03
2.42517e-01 1.62627e+03
2.47516e-01 1.49061e+03
2.52517e-01 1.07070e+03
2.57519e-01 3.57578e+02
2.62519e-01 7.65672e+02
2.67517e-01 1.10883e+03
2.72515e-01 6.48852e+02
2.77516e-01 6.69086e+02
2.82516e-01 4.21492e+02
2.87515e-01 4.91203e+02
2.92513e-01 5.52438e+02
2.97512e-01 6.24492e+02
3.02513e-01 5.38664e+02
3.07511e-01 3.27234e+02
3.12511e-01 4.06438e+02
3.17513e-01 3.92516e+02
3.22513e-01 3.48711e+02
3.27512e-01 4.00008e+02
3.32509e-01 5.19812e+02
3.37510e-01 2.01047e+02
3.42513e-01 -7.93906e+01
3.47514e-01 -2.03281e+01
3.52514e-01 3.67172e+02
3.57512e-01 2.87656e+02
3.62512e-01 3.37469e+02
3.67512e-01 3.24297e+02
3.72510e-01 6.46328e+01
3.77511e-01 1.71930e+02
3.82512e-01 1.76898e+02
3.87512e-01 3.28227e+02
3.92510e-01 8.47500e+01
3.97510e-01 4.48125e+01
3.75378e-03 2.48684e+04
8.05040e-03 5.20649e+03
1.28486e-02 -2.43294e+04
1.77516e-02 -1.04986e+03
2.26918e-02 7.50790e+03
2.76480e-02 -2.20448e+03
3.26126e-02 1.52768e+04
3.76111e-02 1.89719e+04
4.26130e-02 1.27101e+04
4.76051e-02 7.44974e+03
5.25913e-02 8.74849e+03
5.75684e-02 1.04975e+04
6.25625e-02 3.98823e+03
6.75666e-02 3.64901e+03
7.25730e-02 7.27417e+03
7.75647e-02 5.77378e+03
8.25476e-02 2.13409e+03
8.75441e-02 3.36611e+03
9.25437e-02 4.38098e+03
9.75415e-02 5.92730e+03
1.02541e-01 2.90346e+03
1.07542e-01 1.30608e+03
1.12541e-01 -5.66262e+02
1.17533e-01 -5.85523e+02
1.22524e-01 1.92021e+03
1.27531e-01 3.43913e+03
1.32537e-01 1.58349e+03
1.37532e-01 2.94074e+03
1.42526e-01 -6.62648e+02
1.47525e-01 -1.23870e+03
1.52527e-01 7.04821e+02
1.57525e-01 -8.96345e+02
1.62524e-01 -1.37504e+03
1.67524e-01 3.59417e+02
1.72523e-01 4.78918e+02
1.77521e-01 5.00854e+02
1.82521e-01 3.15452e+01
1.87522e-01 -1.48533e+02
1.92522e-01 2.14502e+03
1.97522e-01 -3.31887e+01
2.02520e-01 -6.59422e+02
2.07516e-01 9.70425e+02
2.12515e-01 -3.08461e+02
2.17519e-01 -5.60799e+02
2.22521e-01 -8.34049e+02
2.27520e-01 -8.95014e+01
2.32521e-01 -1.20658e+03
2.37519e-01 -6.75715e+02
2.42517e-01 -9.40032e+02
2.47516e-01 -3.72659e+02
2.52517e-01 3.28686e+02
2.57519e-01 1.17424e+02
2.62519e-01 7.89175e+02
2.67517e-01 -4.38030e+01
2.72515e-01 9.00268e+01
2.77516e-01 -1.51866e+03
2.82516e-01 1.41791e+01
2.87515e-01 1.12595e+03
2.92513e-01 -7.37584e+02
2.97512e-01 -1.08856e+02
3.02513e-01 -4.47836e+02
3.07511e-01 -1.76001e+02
3.12511e-01 -1.02805e+02
3.17513e-01 -1.95324e+02
3.22513e-01 -5.47688e+02
3.27512e-01 4.19006e+02
3.32509e-01 2.63616e+02
3.37510e-01 2.45560e+02
3.42513e-01 2.07816e+02
3.47514e-01 -3.42993e+02
3.52514e-01 3.43949e+02
3.57512e-01 -2.21531e+02
3.62512e-01 -9.11042e+02
3.67512e-01 1.30685e+02
3.72510e-01 5.07261e+02
3.77511e-01 -6.62313e+02
3.82512e-01 8.46685e+01
3.87512e-01 -1.37184e+02
3.92510e-01 4.51275e+02
3.97510e-01 -5.07744e+02
