80 2
k power
3.75378e-03 1.06294e+05
8.05040e-03 3.85300e+04
1.28486e-02 4.41775e+04
1.77516e-02 3.75262e+04
2.26918e-02 2.52125e+04
2.76480e-02 2.96430e+04
3.26126e-02 2.50866e+04
3.76111e-02 1.90232e+04
4.26130e-02 2.29059e+04
4.76051e-02 1.90830e+04
5.25913e-02 1.66403e+04
5.75684e-02 1.96960e+04
6.25625e-02 1.40559e+04
6.75666e-02 1.35460e+04
7.25730e-02 1.36181e+04
7.75647e-02 1.17273e+04
8.25476e-02 1.02847e+04
8.75441e-02 1.02561e+04
9.25437e-02 9.37992e+03
9.75415e-02 7.84388e+03
1.02541e-01 6.06073e+03
1.07542e-01 5.93639e+03
1.12541e-01 5.84741e+03
1.17533e-01 5.43547e+03
1.22524e-01 5.58834e+03
1.27531e-01 4.54329e+03
1.32537e-01 4.89305e+03
1.37532e-01 4.65770e+03
1.42526e-01 5.14573e+03
1.47525e-01 4.02220e+03
1.52527e-01 3.29299e+03
1.57525e-01 3.82852e+03
1.62524e-01 2.89422e+03
1.67524e-01 3.29995e+03
1.72523e-01 2.67074e+03
1.77521e-01 3.16401e+03
1.82521e-01 2.44649e+03
1.87522e-01 1.82837e+03
1.92522e-01 1.86966e+03
1.97522e-01 2.22713e+03
2.02520e-01 1.64365e+03
2.07516e-01 1.41857e+03
2.12515e-01 1.32493e+03
2.17519e-01 1.73071e+03
2.22521e-01 1.87850e+03
2.27520e-01 1.81276e+03
2.32521e-01 1.60443e+03
2.37519e-01 1.39812e+03
2.42517e-01 1.52940e+03
2.47516e-01 1.80766e+03
2.52517e-01 1.64551e+03
2.57519e-01 9.65734e+02
2.62519e-01 7.28977e+02
2.67517e-01 4.59305e+02
2.72515e-01 4.95781e+02
2.77516e-01 6.90852e+02
2.82516e-01 4.43758e+02
2.87515e-01 3.96773e+02
2.92513e-01 7.07375e+02
2.97512e-01 3.99266e+02
3.02513e-01 3.59078e+02
3.07511e-01 4.88570e+02
3.12511e-01 1.04055e+02
3.17513e-01 1.65398e+02
3.22513e-01 8.71094e+01
3.27512e-01 2.60203e+02
3.32509e-01 4.50625e+02
3.37510e-01 2.23891e+02
3.42513e-01 2.68812e+02
3.47514e-01 2.80281e+02
3.52514e-01 8.28125e-01
3.57512e-01 2.43297e+02
3.62512e-01 1.10242e+02
3.67512e-01 1.48953e+02
3.72510e-01 2.57812e+02
3.77511e-01 -1.16484e+01
3.82512e-01 4.10938e+00
3.87512e-01 1.19812e+02
3.92510e-01 4.59906e+02
3.97510e-01 5.40172e+02
3.75378e-03 -1.19830e+05
8.05040e-03 -4.05115e+04
1.28486e-02 -8.83970e+03
1.77516e-02 1.77894e+04
2.26918e-02 1.43037e+03
2.76480e-02 7.96908e+03
3.26126e-02 3.86625e+03
3.76111e-02 1.02861e+04
4.26130e-02 1.03829e+04
4.76051e-02 1.38180e+04
5.25913e-02 1.40680e+04
5.75684e-02 9.77638e+03
6.25625e-02 4.49760e+03
6.75666e-02 2.47274e+03
7.25730e-02 7.43319e+03
7.75647e-02 3.84582e+03
8.25476e-02 2.37037e+03
8.75441e-02 5.51649e+03
9.25437e-02 4.62741e+02
9.75415e-02 7.97007e+02
1.02541e-01 -3.54974e+02
1.07542e-01 2.05099e+03
1.12541e-01 2.88569e+03
1.17533e-01 2.03275e+03
1.22524e-01 2.20166e+03
1.27531e-01 4.62850e+02
1.32537e-01 1.71494e+03
1.37532e-01 1.83597e+03
1.42526e-01 1.73760e+03
1.47525e-01 -9.17371e+01
1.52527e-01 -1.35143e+03
1.57525e-01 -7.60445e+02
1.62524e-01 1.28361e+02
1.67524e-01 8.95335e+02
1.72523e-01 -9.83513e+02
1.77521e-01 1.18314e+03
1.82521e-01 -5.49921e+02
1.87522e-01 -2.99734e+02
1.92522e-01 1.39030e+03
1.97522e-01 1.23083e+03
2.02520e-01 -2.05759e+02
2.07516e-01 -1.64155e+01
2.12515e-01 1.39689e+03
2.17519e-01 8.12646e+02
2.22521e-01 1.69275e+03
2.27520e-01 -1.13418e+02
2.32521e-01 -1.63964e+02
2.37519e-01 3.94803e+02
2.42517e-01 4.95040e+02
2.47516e-01 8.65210e+02
2.52517e-01 4.23544e+02
2.57519e-01 -5.07797e+02
2.62519e-01 -4.25556e+02
2.67517e-01 -2.08137e+02
2.72515e-01 5.46255e+01
2.77516e-01 3.85778e+02
2.82516e-01 1.66777e+02
2.87515e-01 9.15264e+02
2.92513e-01 8.15116e+02
2.97512e-01 -2.87747e+02
3.02513e-01 -2.02660e+02
3.07511e-01 -3.61792e+02
3.12511e-01 3.37621e+02
3.17513e-01 -5.80203e+02
3.22513e-01 -3.92469e+02
3.27512e-01 -2.63321e+02
3.32509e-01 -6.06804e+02
3.37510e-01 6.47424e+02
3.42513e-01 9.29529e+02
3.47514e-01 7.92941e+02
3.52514e-01 -1.06479e+01
3.57512e-01 -1.93746e+02
3.62512e-01 -1.81913e+02
3.67512e-01 -4.35006e+02
3.72510e-01 -2.29649e+02
3.77511e-01 9.00866e+02
3.82512e-01 2.24871e+02
3.87512e-01 -3.88718e+02
3.92510e-01 -5.02414e+02
3.97510e-01 -1.63091e+02
