80 2
k power
3.70544e-03 6.60116e+04
8.00271e-03 4.47330e+04
1.28497e-02 3.70931e+04
1.77641e-02 3.52244e+04
2.26842e-02 3.76655e+04
2.76464e-02 3.29290e+04
3.26361e-02 2.67450e+04
3.76229e-02 2.65974e+04
4.26066e-02 2.46570e+04
4.75842e-02 2.15711e+04
5.25722e-02 1.87698e+04
5.75659e-02 1.86324e+04
6.25589e-02 1.49499e+04
6.75629e-02 1.25513e+04
7.25605e-02 1.33975e+04
7.75516e-02 1.15521e+04
8.25500e-02 1.16536e+04
8.75455e-02 1.06175e+04
9.25437e-02 8.96188e+03
9.75415e-02 7.92254e+03
1.02534e-01 7.48023e+03
1.07536e-01 6.05098e+03
1.12540e-01 5.46576e+03
1.17537e-01 5.60752e+03
1.22533e-01 5.71804e+03
1.27534e-01 5.30861e+03
1.32530e-01 5.42588e+03
1.37531e-01 4.79731e+03
1.42530e-01 4.41612e+03
1.47526e-01 3.87379e+03
1.52527e-01 3.95998e+03
1.57528e-01 3.06912e+03
1.62527e-01 2.44078e+03
1.67526e-01 2.44180e+03
1.72526e-01 2.72702e+03
1.77526e-01 2.70938e+03
1.82527e-01 2.32308e+03
1.87525e-01 2.04836e+03
1.92520e-01 2.07076e+03
1.97516e-01 1.79656e+03
2.02513e-01 1.86224e+03
2.07516e-01 1.14962e+03
2.12517e-01 1.26843e+03
2.17519e-01 1.46346e+03
2.22521e-01 1.20533e+03
2.27519e-01 1.24078e+03
2.32521e-01 9.47688e+02
2.37520e-01 1.03680e+03
2.42520e-01 8.38336e+02
2.47519e-01 1.11868e+03
2.52516e-01 1.40262e+03
2.57514e-01 1.37722e+03
2.62513e-01 7.34406e+02
2.67513e-01 8.24828e+02
2.72514e-01 8.63227e+02
2.77515e-01 6.84383e+02
2.82516e-01 9.14539e+02
2.87514e-01 8.78156e+02
2.92512e-01 7.30562e+02
2.97514e-01 5.31484e+02
3.02516e-01 4.44609e+02
3.07515e-01 5.50570e+02
3.12512e-01 4.50953e+02
3.17510e-01 5.09633e+02
3.22511e-01 5.88062e+02
3.27512e-01 1.99609e+01
3.32512e-01 3.19312e+02
3.37512e-01 1.99070e+02
3.42513e-01 4.35969e+02
3.47513e-01 1.95375e+02
3.52513e-01 3.44570e+02
3.57513e-01 6.27953e+02
3.62512e-01 1.65602e+02
3.67512e-01 7.15703e+01
3.72512e-01 1.01344e+02
3.77511e-01 -1.51875e+01
3.82510e-01 1.70227e+02
3.87510e-01 -8.57344e+01
3.92510e-01 2.79148e+02
3.97510e-01 2.32484e+02
3.70544e-03 7.33998e+03
8.00271e-03 2.62568e+04
1.28497e-02 3.96512e+04
1.77641e-02 1.86115e+04
2.26842e-02 1.55886e+04
2.76464e-02 1.30245e+04
3.26361e-02 7.29052e+03
3.76229e-02 -5.86883e+01
4.26066e-02 9.06838e+03
4.75842e-02 1.05604e+04
5.25722e-02 9.57527e+03
5.75659e-02 -3.95566e+02
6.25589e-02 6.94599e+03
6.75629e-02 1.54016e+03
7.25605e-02 4.69527e+03
7.75516e-02 4.31818e+03
8.25500e-02 3.46015e+03
8.75455e-02 6.02884e+03
9.25437e-02 1.77717e+03
9.75415e-02 4.40420e+02
1.02534e-01 2.72037e+03
1.07536e-01 4.43429e+03
1.12540e-01 3.00999e+03
1.17537e-01 3.36110e+03
1.22533e-01 3.17920e+03
1.27534e-01 -4.01453e+02
1.32530e-01 9.86970e+02
1.37531e-01 1.18906e+03
1.42530e-01 1.14342e+03
1.47526e-01 1.59793e+03
1.52527e-01 9.65720e+02
1.57528e-01 7.88883e+02
1.62527e-01 1.76536e+03
1.67526e-01 1.05203e+02
1.72526e-01 7.54785e+02
1.77526e-01 2.26422e+03
1.82527e-01 4.79502e+02
1.87525e-01 3.93433e+02
1.92520e-01 8.85577e+02
1.97516e-01 -8.09919e+02
2.02513e-01 -1.73740e+02
2.07516e-01 -2.76109e+02
2.12517e-01 3.57219e+01
2.17519e-01 9.45100e+02
2.22521e-01 6.89737e+02
2.27519e-01 7.69747e+02
2.32521e-01 3.74424e+02
2.37520e-01 -2.14119e+02
2.42520e-01 -1.07684e+02
2.47519e-01 9.68994e+01
2.52516e-01 2.85046e+02
2.57514e-01 7.94825e+01
2.62513e-01 1.22737e+02
2.67513e-01 -3.18671e+01
2.72514e-01 -1.23341e+03
2.77515e-01 -5.77707e+02
2.82516e-01 -6.48149e+02
2.87514e-01 5.67741e+01
2.92512e-01 -9.88129e+02
2.97514e-01 -4.82756e+02
3.02516e-01 -8.26440e+01
3.07515e-01 -5.75478e+02
3.12512e-01 -3.80437e+02
3.17510e-01 3.45352e+02
3.22511e-01 -4.21229e+02
3.27512e-01 -4.07106e+02
3.32512e-01 -3.43363e+02
3.37512e-01 -1.31089e+02
3.42513e-01 9.24557e+00
3.47513e-01 1.31977e+02
3.52513e-01 -1.83076e+01
3.57513e-01 2.99124e+02
3.62512e-01 3.94947e+02
3.67512e-01 3.25608e+02
3.72512e-01 3.66462e+02
3.77511e-01 3.01203e+02
3.82510e-01 -2.17210e+02
3.87510e-01 -5.35203e+02
3.92510e-01 -6.69645e+02
3.97510e-01 3.61463e+01
