80 2
k power
3.75378e-03 1.07716e+04
8.05040e-03 3.36781e+04
1.28486e-02 3.56230e+04
1.77516e-02 3.27880e+04
2.26918e-02 3.40577e+04
2.76480e-02 3.13678e+04
3.26126e-02 2.53121e+04
3.76111e-02 2.30408e+04
4.26130e-02 2.28460e+04
4.76051e-02 2.27115e+04
5.25913e-02 2.25469e+04
5.75684e-02 1.75414e+04
6.25625e-02 1.49634e+04
6.75666e-02 1.53390e+04
7.25730e-02 1.43866e+04
7.75647e-02 1.10526e+04
8.25476e-02 1.15606e+04
8.75441e-02 1.10808e+04
9.25437e-02 1.00247e+04
9.75415e-02 8.52212e+03
1.02541e-01 5.85127e+03
1.07542e-01 6.40975e+03
1.12541e-01 5.78656e+03
1.17533e-01 7.57549e+03
1.22524e-01 5.26783e+03
1.27531e-01 4.51698e+03
1.32537e-01 5.16826e+03
1.37532e-01 4.96252e+03
1.42526e-01 4.49402e+03
1.47525e-01 4.45040e+03
1.52527e-01 4.42939e+03
1.57525e-01 4.25466e+03
1.62524e-01 3.74164e+03
1.67524e-01 3.31602e+03
1.72523e-01 2.65221e+03
1.77521e-01 2.91938e+03
1.82521e-01 2.69673e+03
1.87522e-01 2.71475e+03
1.92522e-01 2.91359e+03
1.97522e-01 1.68179e+03
2.02520e-01 1.37538e+03
2.07516e-01 1.31565e+03
2.12515e-01 1.89616e+03
2.17519e-01 1.88546e+03
2.22521e-01 1.72501e+03
2.27520e-01 1.58112e+03
2.32521e-01 1.10557e+03
2.37519e-01 1.50402e+03
2.42517e-01 1.29545e+03
2.47516e-01 9.09977e+02
2.52517e-01 8.60969e+02
2.57519e-01 1.23262e+03
2.62519e-01 1.22542e+03
2.67517e-01 7.92930e+02
2.72515e-01 8.73367e+02
2.77516e-01 1.07118e+03
2.82516e-01 1.40956e+03
2.87515e-01 7.39242e+02
2.92513e-01 8.45219e+02
2.97512e-01 5.31688e+02
3.02513e-01 8.42492e+02
3.07511e-01 6.45047e+02
3.12511e-01 8.70727e+02
3.17513e-01 6.04016e+02
3.22513e-01 8.06703e+02
3.27512e-01 6.39133e+02
3.32509e-01 5.22828e+02
3.37510e-01 5.66531e+02
3.42513e-01 1.29977e+02
3.47514e-01 1.17188e+00
3.52514e-01 3.80875e+02
3.57512e-01 -6.75000e+01
3.62512e-01 -2.12266e+02
3.67512e-01 -9.29297e+01
3.72510e-01 2.33336e+02
3.77511e-01 4.13195e+02
3.82512e-01 2.26203e+02
3.87512e-01 1.58047e+01
3.92510e-01 -2.10078e+02
3.97510e-01 1.22117e+02
3.75378e-03 -7.28361e+04
8.05040e-03 -1.76589e+04
1.28486e-02 2.30988e+04
1.77516e-02 9.39152e+02
2.26918e-02 1.59246e+04
2.76480e-02 1.20053e+04
3.26126e-02 1.91437e+04
3.76111e-02 1.04948e+04
4.26130e-02 1.17503e+04
4.76051e-02 8.80197e+03
5.25913e-02 8.43718e+03
5.75684e-02 1.34959e+04
6.25625e-02 3.89025e+03
6.75666e-02 2.33078e+03
7.25730e-02 5.24080e+03
7.75647e-02 3.54466e+03
8.25476e-02 4.13358e+03
8.75441e-02 3.88017e+03
9.25437e-02 2.77020e+03
9.75415e-02 1.02019e+03
1.02541e-01 2.34517e+03
1.07542e-01 3.66636e+03
1.12541e-01 1.11842e+03
1.17533e-01 1.39132e+03
1.22524e-01 9.30145e+01
1.27531e-01 2.52330e+03
1.32537e-01 5.55275e+03
1.37532e-01 2.51466e+03
1.42526e-01 2.73007e+03
1.47525e-01 7.96393e+02
1.52527e-01 -6.08514e+02
1.57525e-01 -3.09311e+02
1.62524e-01 1.06899e+03
1.67524e-01 -3.14775e+02
1.72523e-01 1.17658e+02
1.77521e-01 2.29653e+03
1.82521e-01 1.88381e+03
1.87522e-01 1.82137e+03
1.92522e-01 4.51957e+02
1.97522e-01 -5.39856e+02
2.02520e-01 1.49286e+03
2.07516e-01 1.06943e+03
2.12515e-01 2.95482e+02
2.17519e-01 5.40268e+00
2.22521e-01 -7.73198e+02
2.27520e-01 2.85580e+02
2.32521e-01 -8.82056e+02
2.37519e-01 -5.24730e+02
2.42517e-01 -5.59094e+02
2.47516e-01 5.95050e+02
2.52517e-01 2.73098e+02
2.57519e-01 7.31148e+02
2.62519e-01 -2.99998e+02
2.67517e-01 -6.23448e+02
2.72515e-01 -1.51180e+02
2.77516e-01 -2.37518e+02
2.82516e-01 -6.45756e+02
2.87515e-01 -4.10227e+02
2.92513e-01 -4.09513e+02
2.97512e-01 -7.89959e+02
3.02513e-01 3.51847e+02
3.07511e-01 -2.58351e+02
3.12511e-01 3.59936e+02
3.17513e-01 7.86814e+02
3.22513e-01 9.98362e+02
3.27512e-01 5.74486e+02
3.32509e-01 1.47266e+02
3.37510e-01 4.06351e+02
3.42513e-01 -4.06609e+01
3.47514e-01 9.20347e+01
3.52514e-01 3.56997e+02
3.57512e-01 1.61492e+02
3.62512e-01 -3.75223e+02
3.67512e-01 -7.33551e+02
3.72510e-01 -5.93653e+02
3.77511e-01 2.42834e+02
3.82512e-01 -5.13936e+02
3.87512e-01 7.59365e+00
3.92510e-01 1.32777e+02
3.97510e-01 5.40461e+02
