60 2
k power
3.70544e-03 2.80015e+04
8.00271e-03 1.92696e+04
1.28497e-02 4.08513e+04
1.77641e-02 3.47134e+04
2.26842e-02 3.62950e+04
2.76464e-02 3.50388e+04
3.26361e-02 2.53787e+04
3.76229e-02 2.47202e+04
4.26066e-02 2.49729e+04
4.75842e-02 2.47984e+04
5.25722e-02 1.96068e+04
5.75659e-02 1.88035e+04
6.25589e-02 1.57228e+04
6.75629e-02 1.38654e+04
7.25605e-02 1.20214e+04
7.75516e-02 1.25783e+04
8.25500e-02 1.19051e+04
8.75455e-02 8.53954e+03
9.25437e-02 9.52150e+03
9.75415e-02 8.69739e+03
1.02534e-01 5.83738e+03
1.07536e-01 6.81752e+03
1.12540e-01 6.17640e+03
1.17537e-01 4.58409e+03
1.22533e-01 4.50848e+03
1.27534e-01 4.63913e+03
1.32530e-01 5.21789e+03
1.37531e-01 5.06251e+03
1.42530e-01 3.86090e+03
1.47526e-01 3.65854e+03
1.52527e-01 3.60360e+03
1.57528e-01 2.70817e+03
1.62527e-01 3.13483e+03
1.67526e-01 2.82027e+03
1.72526e-01 1.63682e+03
1.77526e-01 1.80720e+03
1.82527e-01 1.56527e+03
1.87525e-01 2.02557e+03
1.92520e-01 2.24638e+03
1.97516e-01 1.71374e+03
2.02513e-01 1.33238e+03
2.07516e-01 6.45812e+02
2.12517e-01 1.53516e+03
2.17519e-01 1.98763e+03
2.22521e-01 1.34079e+03
2.27519e-01 1.40616e+03
2.32521e-01 7.38711e+02
2.37520e-01 6.16094e+02
2.42520e-01 9.55109e+02
2.47519e-01 9.58727e+02
2.52516e-01 9.51289e+02
2.57514e-01 5.48500e+02
2.62513e-01 1.00838e+03
2.67513e-01 7.31570e+02
2.72514e-01 8.86703e+02
2.77515e-01 8.49367e+02
2.82516e-01 8.78867e+02
2.87514e-01 5.97062e+02
2.92512e-01 4.37273e+02
2.97514e-01 -1.14688e+01
3.70544e-03 9.18917e+02
8.00271e-03 2.99854e+04
1.28497e-02 5.95711e+03
1.77641e-02 4.60226e+03
2.26842e-02 1.98099e+04
2.76464e-02 2.38429e+04
3.26361e-02 8.58841e+03
3.76229e-02 1.09369e+04
4.26066e-02 5.12885e+03
4.75842e-02 1.35019e+04
5.25722e-02 4.34288e+03
5.75659e-02 -1.34735e+02
6.25589e-02 6.23333e+03
6.75629e-02 8.43171e+03
7.25605e-02 6.95579e+03
7.75516e-02 3.72515e+03
8.25500e-02 2.57685e+03
8.75455e-02 2.87145e+03
9.25437e-02 -8.89444e+02
9.75415e-02 -7.22773e+02
1.02534e-01 -1.45114e+03
1.07536e-01 1.92988e+02
1.12540e-01 1.28337e+03
1.17537e-01 1.24445e+03
1.22533e-01 8.33214e+02
1.27534e-01 -4.71921e+01
1.32530e-01 -7.67088e+02
1.37531e-01 2.18455e+03
1.42530e-01 2.21050e+03
1.47526e-01 -7.72372e+02
1.52527e-01 1.55130e+02
1.57528e-01 2.14030e+01
1.62527e-01 -1.30564e+03
1.67526e-01 -3.85251e+02
1.72526e-01 -9.45975e+02
1.77526e-01 -4.31545e+02
1.82527e-01 3.83087e+02
1.87525e-01 -6.18499e+02
1.92520e-01 -1.26558e+03
1.97516e-01 -3.92694e+02
2.02513e-01 1.05479e+03
2.07516e-01 -2.57694e+02
2.12517e-01 -1.63300e+03
2.17519e-01 1.38877e+01
2.22521e-01 -6.55676e+02
2.27519e-01 -1.17972e+02
2.32521e-01 1.46084e+02
2.37520e-01 -8.29323e+02
2.42520e-01 -1.53541e+03
2.47519e-01 4.21179e+02
2.52516e-01 3.69965e+02
2.57514e-01 4.35506e+02
2.62513e-01 -3.72487e+02
2.67513e-01 7.51895e+01
2.72514e-01 -6.34359e+02
2.77515e-01 2.03774e+02
2.82516e-01 -1.07079e+03
2.87514e-01 -4.04840e+02
2.92512e-01 -5.28724e+01
2.97514e-01 -6.06007e+02
