60 2
k power
3.70814e-03 2.67330e+04
8.01858e-03 3.02290e+04
1.28441e-02 3.66105e+04
1.77514e-02 4.29546e+04
2.26910e-02 4.06309e+04
2.76613e-02 2.57506e+04
3.26316e-02 2.23182e+04
3.76089e-02 2.51922e+04
4.25899e-02 1.83018e+04
4.75838e-02 1.96717e+04
5.25894e-02 1.54009e+04
5.75770e-02 1.56351e+04
6.25679e-02 1.75791e+04
6.75637e-02 1.46243e+04
7.25587e-02 1.28314e+04
7.75534e-02 1.07857e+04
8.25494e-02 1.16318e+04
8.75470e-02 1.09202e+04
9.25421e-02 9.31306e+03
9.75420e-02 1.00288e+04
1.02542e-01 8.28224e+03
1.07541e-01 6.61400e+03
1.12539e-01 7.91013e+03
1.17536e-01 6.54805e+03
1.22536e-01 5.05045e+03
1.27533e-01 4.67726e+03
1.32529e-01 5.19143e+03
1.37528e-01 3.90874e+03
1.42529e-01 3.31407e+03
1.47530e-01 3.77888e+03
1.52529e-01 4.15404e+03
1.57528e-01 2.45127e+03
1.62527e-01 2.85790e+03
1.67527e-01 2.55958e+03
1.72526e-01 2.33827e+03
1.77523e-01 1.74711e+03
1.82522e-01 2.13370e+03
1.87521e-01 2.11634e+03
1.92521e-01 1.95250e+03
1.97520e-01 1.37738e+03
2.02519e-01 1.46362e+03
2.07520e-01 1.85980e+03
2.12519e-01 1.14570e+03
2.17519e-01 8.34969e+02
2.22518e-01 1.72355e+03
2.27517e-01 1.82606e+03
2.32518e-01 1.35042e+03
2.37519e-01 1.60565e+03
2.42519e-01 1.47740e+03
2.47519e-01 1.77377e+03
2.52518e-01 1.58898e+03
2.57516e-01 1.73614e+03
2.62515e-01 1.70356e+03
2.67514e-01 1.58997e+03
2.72514e-01 9.66977e+02
2.77515e-01 1.18986e+03
2.82515e-01 1.31616e+03
2.87515e-01 5.87461e+02
2.92514e-01 6.68289e+02
2.97513e-01 8.64602e+02
3.70814e-03 -1.16704e+04
8.01858e-03 5.18910e+04
1.28441e-02 4.18897e+03
1.77514e-02 1.20294e+04
2.26910e-02 -1.33159e+03
2.76613e-02 -2.24458e+03
3.26316e-02 1.27666e+04
3.76089e-02 8.55650e+03
4.25899e-02 8.40808e+03
4.75838e-02 1.61357e+04
5.25894e-02 6.38307e+03
5.75770e-02 4.36960e+03
6.25679e-02 6.23487e+03
6.75637e-02 5.78766e+03
7.25587e-02 9.45183e+03
7.75534e-02 7.50185e+03
8.25494e-02 3.92588e+03
8.75470e-02 2.21357e+03
9.25421e-02 2.95067e+02
9.75420e-02 1.13380e+03
1.02542e-01 2.95089e+03
1.07541e-01 1.56227e+03
1.12539e-01 -9.03907e+02
1.17536e-01 4.57975e+02
1.22536e-01 -2.47376e+02
1.27533e-01 6.66027e+02
1.32529e-01 6.14586e+02
1.37528e-01 -1.22409e+03
1.42529e-01 3.96212e+02
1.47530e-01 -5.95514e+01
1.52529e-01 -1.00546e+03
1.57528e-01 -7.32647e+02
1.62527e-01 -4.23942e+02
1.67527e-01 1.19142e+03
1.72526e-01 1.81317e+03
1.77523e-01 8.23787e+02
1.82522e-01 7.04577e+02
1.87521e-01 6.34261e+02
1.92521e-01 1.62967e+02
1.97520e-01 9.39559e+02
2.02519e-01 2.14499e+03
2.07520e-01 1.03961e+03
2.12519e-01 4.09897e+02
2.17519e-01 -1.87946e+02
2.22518e-01 -8.35645e+02
2.27517e-01 -4.67058e+02
2.32518e-01 -1.79090e+03
2.37519e-01 -3.69054e+02
2.42519e-01 -3.97234e+02
2.47519e-01 -1.07739e+03
2.52518e-01 -4.34677e+02
2.57516e-01 -7.28832e+02
2.62515e-01 4.13098e+02
2.67514e-01 -1.07413e+03
2.72514e-01 3.41192e+02
2.77515e-01 4.31142e+02
2.82515e-01 5.29706e+02
2.87515e-01 1.10084e+03
2.92514e-01 1.90963e+02
2.97513e-01 1.39413e+02
