59 2
k power
8.05565e-03 1.39203e+04
1.28387e-02 2.86431e+04
1.77584e-02 2.87665e+04
2.26862e-02 3.77069e+04
2.76450e-02 3.47401e+04
3.26261e-02 2.72782e+04
3.76152e-02 2.91888e+04
4.26121e-02 2.12874e+04
4.75881e-02 1.90695e+04
5.25764e-02 1.93628e+04
5.75766e-02 1.66281e+04
6.25706e-02 1.50221e+04
6.75643e-02 1.43905e+04
7.25546e-02 1.40727e+04
7.75520e-02 1.36554e+04
8.25499e-02 1.10533e+04
8.75466e-02 9.14075e+03
9.25461e-02 8.81996e+03
9.75410e-02 6.29530e+03
1.02539e-01 6.37159e+03
1.07538e-01 7.23293e+03
1.12539e-01 5.40408e+03
1.17539e-01 5.09834e+03
1.22534e-01 6.56809e+03
1.27532e-01 5.62195e+03
1.32531e-01 5.05145e+03
1.37529e-01 4.58584e+03
1.42529e-01 3.75098e+03
1.47527e-01 3.03854e+03
1.52526e-01 3.61327e+03
1.57526e-01 3.96405e+03
1.62527e-01 2.92749e+03
1.67528e-01 3.27557e+03
1.72524e-01 3.34905e+03
1.77522e-01 2.90952e+03
1.82524e-01 2.23598e+03
1.87522e-01 1.86864e+03
1.92522e-01 1.85082e+03
1.97523e-01 1.77741e+03
2.02522e-01 1.37033e+03
2.07520e-01 1.43415e+03
2.12520e-01 1.25919e+03
2.17519e-01 1.45234e+03
2.22517e-01 1.07145e+03
2.27517e-01 1.23402e+03
2.32517e-01 1.08867e+03
2.37517e-01 1.16381e+03
2.42517e-01 5.33820e+02
2.47517e-01 1.39698e+03
2.52517e-01 7.99375e+02
2.57516e-01 9.58344e+02
2.62515e-01 9.48055e+02
2.67515e-01 1.04109e+03
2.72514e-01 6.65391e+02
2.77515e-01 5.13125e+02
2.82515e-01 3.80438e+02
2.87514e-01 7.72062e+02
2.92514e-01 6.51742e+02
2.97513e-01 8.68500e+02
8.05565e-03 4.03601e+04
1.28387e-02 -9.39861e+03
1.77584e-02 2.22010e+04
2.26862e-02 2.85251e+04
2.76450e-02 4.50558e+03
3.26261e-02 -3.45819e+02
3.76152e-02 4.78319e+03
4.26121e-02 -3.19546e+02
4.75881e-02 3.89272e+03
5.25764e-02 6.12571e+03
5.75766e-02 -3.87405e+03
6.25706e-02 8.05404e+03
6.75643e-02 3.11520e+03
7.25546e-02 7.69030e+02
7.75520e-02 3.79936e+03
8.25499e-02 3.97242e+03
8.75466e-02 4.74774e+03
9.25461e-02 3.38163e+03
9.75410e-02 2.06853e+03
1.02539e-01 3.92682e+03
1.07538e-01 3.52296e+03
1.12539e-01 4.76176e+03
1.17539e-01 3.38502e+03
1.22534e-01 3.61764e+01
1.27532e-01 2.20625e+03
1.32531e-01 2.93393e+03
1.37529e-01 1.60679e+03
1.42529e-01 8.83425e+02
1.47527e-01 2.83019e+02
1.52526e-01 -6.96203e+02
1.57526e-01 -7.85815e+02
1.62527e-01 -8.22966e+02
1.67528e-01 -4.11506e+02
1.72524e-01 -1.08375e+02
1.77522e-01 4.63532e+02
1.82524e-01 4.55367e+02
1.87522e-01 -1.79750e+02
1.92522e-01 2.04142e+02
1.97523e-01 -2.29009e+02
2.02522e-01 1.49609e+03
2.07520e-01 -1.82568e+02
2.12520e-01 -1.54985e+03
2.17519e-01 8.69086e+02
2.22517e-01 -2.70876e+02
2.27517e-01 -6.05422e+00
2.32517e-01 -4.13824e+02
2.37517e-01 2.80469e+02
2.42517e-01 1.08930e+03
2.47517e-01 2.02134e+02
2.52517e-01 7.56793e+02
2.57516e-01 -3.29728e+02
2.62515e-01 -7.62685e+02
2.67515e-01 -2.69525e+02
2.72514e-01 1.64171e+02
2.77515e-01 8.94058e+00
2.82515e-01 -1.87130e+01
2.87514e-01 1.53033e+02
2.92514e-01 1.48433e+00
2.97513e-01 3.04333e+01
