80 2
k power
3.70544e-03 4.42880e+04
8.00271e-03 3.67007e+04
1.28497e-02 3.10830e+04
1.77641e-02 2.66803e+04
2.26842e-02 3.41712e+04
2.76464e-02 3.09290e+04
3.26361e-02 2.34152e+04
3.76229e-02 2.66171e+04
4.26066e-02 2.34010e+04
4.75842e-02 1.99616e+04
5.25722e-02 1.74488e+04
5.75659e-02 1.98195e+04
6.25589e-02 1.62818e+04
6.75629e-02 1.46025e+04
7.25605e-02 1.35700e+04
7.75516e-02 1.14315e+04
8.25500e-02 1.18035e+04
8.75455e-02 1.06287e+04
9.25437e-02 9.06877e+03
9.75415e-02 7.81189e+03
1.02534e-01 6.67201e+03
1.07536e-01 7.33693e+03
1.12540e-01 6.04330e+03
1.17537e-01 5.12543e+03
1.22533e-01 5.41478e+03
1.27534e-01 5.63177e+03
1.32530e-01 3.94015e+03
1.37531e-01 5.33405e+03
1.42530e-01 4.46528e+03
1.47526e-01 3.64038e+03
1.52527e-01 4.14505e+03
1.57528e-01 3.55765e+03
1.62527e-01 2.98423e+03
1.67526e-01 3.17239e+03
1.72526e-01 3.46460e+03
1.77526e-01 2.38996e+03
1.82527e-01 2.15076e+03
1.87525e-01 1.75665e+03
1.92520e-01 1.90462e+03
1.97516e-01 2.38691e+03
2.02513e-01 1.94462e+03
2.07516e-01 1.81294e+03
2.12517e-01 1.44030e+03
2.17519e-01 1.75769e+03
2.22521e-01 8.13664e+02
2.27519e-01 7.84836e+02
2.32521e-01 7.37016e+02
2.37520e-01 1.19180e+03
2.42520e-01 1.00552e+03
2.47519e-01 8.09938e+02
2.52516e-01 6.12039e+02
2.57514e-01 7.66438e+02
2.62513e-01 6.35094e+02
2.67513e-01 1.36000e+02
2.72514e-01 5.28867e+02
2.77515e-01 7.13039e+02
2.82516e-01 4.04102e+02
2.87514e-01 7.74742e+02
2.92512e-01 6.84812e+02
2.97514e-01 5.68461e+02
3.02516e-01 4.48062e+02
3.07515e-01 7.35609e+02
3.12512e-01 5.90859e+02
3.17510e-01 1.69750e+02
3.22511e-01 2.28344e+02
3.27512e-01 -5.03125e+01
3.32512e-01 2.89141e+02
3.37512e-01 3.48438e+01
3.42513e-01 3.00156e+01
3.47513e-01 3.37297e+02
3.52513e-01 -1.27750e+02
3.57513e-01 2.08961e+02
3.62512e-01 4.20977e+02
3.67512e-01 1.86008e+02
3.72512e-01 3.39633e+02
3.77511e-01 -4.71172e+01
3.82510e-01 1.25625e+02
3.87510e-01 3.04211e+02
3.92510e-01 3.54086e+02
3.97510e-01 -1.63062e+02
3.70544e-03 -1.31384e+05
8.00271e-03 2.95466e+04
1.28497e-02 -1.69685e+04
1.77641e-02 1.82728e+04
2.26842e-02 2.44854e+04
2.76464e-02 2.65628e+04
3.26361e-02 1.95373e+04
3.76229e-02 6.25971e+03
4.26066e-02 -3.05189e+03
4.75842e-02 6.77290e+03
5.25722e-02 2.92736e+03
5.75659e-02 4.49196e+03
6.25589e-02 6.34314e+03
6.75629e-02 7.43552e+03
7.25605e-02 7.69509e+03
7.75516e-02 6.43349e+03
8.25500e-02 8.36385e+03
8.75455e-02 3.23096e+03
9.25437e-02 2.61379e+03
9.75415e-02 3.60541e+03
1.02534e-01 1.54777e+03
1.07536e-01 2.82050e+03
1.12540e-01 6.26503e+02
1.17537e-01 1.20602e+03
1.22533e-01 3.96724e+02
1.27534e-01 2.83696e+03
1.32530e-01 1.91168e+03
1.37531e-01 1.11656e+03
1.42530e-01 1.27005e+03
1.47526e-01 1.86698e+02
1.52527e-01 -1.08903e+03
1.57528e-01 -1.31977e+03
1.62527e-01 5.87046e+02
1.67526e-01 -1.51071e+03
1.72526e-01 -2.88226e+01
1.77526e-01 -1.38314e+03
1.82527e-01 -2.10006e+02
1.87525e-01 4.39177e+02
1.92520e-01 7.13328e+01
1.97516e-01 -5.41106e+02
2.02513e-01 -1.18762e+02
2.07516e-01 4.80426e+02
2.12517e-01 -9.83232e+02
2.17519e-01 -8.82849e+02
2.22521e-01 -1.72784e+01
2.27519e-01 -1.10814e+03
2.32521e-01 -3.99487e+02
2.37520e-01 6.67889e+01
2.42520e-01 -7.82654e+02
2.47519e-01 -1.89365e+02
2.52516e-01 -9.20266e+02
2.57514e-01 -1.06298e+03
2.62513e-01 -6.72507e+02
2.67513e-01 -3.25323e+02
2.72514e-01 -5.01866e+02
2.77515e-01 -9.66283e+02
2.82516e-01 4.54966e+01
2.87514e-01 -4.06134e+02
2.92512e-01 -2.12526e+02
2.97514e-01 -1.06983e+03
3.02516e-01 -4.04295e+02
3.07515e-01 -2.62886e+02
3.12512e-01 -5.54570e+02
3.17510e-01 4.72704e+01
3.22511e-01 -6.89489e+02
3.27512e-01 3.20795e+02
3.32512e-01 3.44413e+02
3.37512e-01 -8.50288e+02
3.42513e-01 -9.69757e+02
3.47513e-01 -1.02892e+03
3.52513e-01 3.00026e+01
3.57513e-01 3.87883e+01
3.62512e-01 9.66619e+02
3.67512e-01 1.84222e+02
3.72512e-01 -1.01251e+03
3.77511e-01 -1.92771e+02
3.82510e-01 -1.54324e+02
3.87510e-01 2.36227e+02
3.92510e-01 4.00174e+02
3.97510e-01 2.61470e+02
