60 2
k power
3.70814e-03 -9.60287e+03
8.01858e-03 2.51516e+04
1.28441e-02 3.86565e+04
1.77514e-02 3.52409e+04
2.26910e-02 3.40955e+04
2.76613e-02 2.65273e+04
3.26316e-02 2.61503e+04
3.76089e-02 2.38307e+04
4.25899e-02 2.33961e+04
4.75838e-02 1.70140e+04
5.25894e-02 1.78119e+04
5.75770e-02 1.54787e+04
6.25679e-02 1.53056e+04
6.75637e-02 1.21462e+04
7.25587e-02 1.35895e+04
7.75534e-02 1.22193e+04
8.25494e-02 1.12192e+04
8.75470e-02 9.50766e+03
9.25421e-02 8.64284e+03
9.75420e-02 8.04964e+03
1.02542e-01 6.93394e+03
1.07541e-01 5.82560e+03
1.12539e-01 7.06263e+03
1.17536e-01 7.08135e+03
1.22536e-01 6.63283e+03
1.27533e-01 5.50905e+03
1.32529e-01 5.92898e+03
1.37528e-01 4.63633e+03
1.42529e-01 4.80491e+03
1.47530e-01 4.49584e+03
1.52529e-01 4.01959e+03
1.57528e-01 3.34177e+03
1.62527e-01 3.72707e+03
1.67527e-01 2.69825e+03
1.72526e-01 2.44994e+03
1.77523e-01 1.79496e+03
1.82522e-01 1.54858e+03
1.87521e-01 1.87181e+03
1.92521e-01 2.43822e+03
1.97520e-01 1.82870e+03
2.02519e-01 1.78233e+03
2.07520e-01 1.13973e+03
2.12519e-01 5.07000e+02
2.17519e-01 1.62679e+03
2.22518e-01 1.30044e+03
2.27517e-01 1.34553e+03
2.32518e-01 1.13932e+03
2.37519e-01 8.60656e+02
2.42519e-01 1.59852e+03
2.47519e-01 6.13984e+02
2.52518e-01 8.29023e+02
2.57516e-01 1.14054e+03
2.62515e-01 9.94305e+02
2.67514e-01 9.70930e+02
2.72514e-01 7.44023e+02
2.77515e-01 1.06209e+03
2.82515e-01 1.16106e+03
2.87515e-01 7.51430e+02
2.92514e-01 7.57609e+02
2.97513e-01 9.14273e+02
3.70814e-03 6.79564e+04
8.01858e-03 3.64121e+04
1.28441e-02 1.22236e+04
1.77514e-02 8.05599e+03
2.26910e-02 9.63240e+03
2.76613e-02 -2.14541e+03
3.26316e-02 1.00775e+03
3.76089e-02 3.89380e+02
4.25899e-02 1.14236e+04
4.75838e-02 1.08501e+04
5.25894e-02 7.67617e+01
5.75770e-02 4.93608e+03
6.25679e-02 7.86625e+03
6.75637e-02 5.72173e+03
7.25587e-02 6.86462e+03
7.75534e-02 4.50602e+03
8.25494e-02 4.66509e+03
8.75470e-02 1.65866e+03
9.25421e-02 -3.24914e+02
9.75420e-02 4.86918e+03
1.02542e-01 6.13238e+03
1.07541e-01 2.10307e+03
1.12539e-01 2.85381e+03
1.17536e-01 2.72742e+03
1.22536e-01 2.47563e+03
1.27533e-01 2.26493e+03
1.32529e-01 3.20129e+03
1.37528e-01 1.16813e+03
1.42529e-01 9.01641e+02
1.47530e-01 1.48872e+03
1.52529e-01 1.22131e+03
1.57528e-01 5.98700e+02
1.62527e-01 1.29726e+03
1.67527e-01 1.86376e+03
1.72526e-01 1.08686e+03
1.77523e-01 1.00752e+03
1.82522e-01 1.99390e+03
1.87521e-01 1.57321e+03
1.92521e-01 -1.28701e+03
1.97520e-01 -4.12365e+00
2.02519e-01 1.75673e+02
2.07520e-01 -4.46079e+02
2.12519e-01 6.37229e+02
2.17519e-01 8.27950e+02
2.22518e-01 4.39349e+02
2.27517e-01 -4.43280e+02
2.32518e-01 -2.60684e+02
2.37519e-01 -5.17137e+02
2.42519e-01 -1.55718e+03
2.47519e-01 -1.96235e+02
2.52518e-01 7.70491e+02
2.57516e-01 6.38604e+02
2.62515e-01 5.86506e+02
2.67514e-01 5.67945e+02
2.72514e-01 -5.99389e+02
2.77515e-01 7.35497e+02
2.82515e-01 -1.85701e+02
2.87515e-01 4.86546e+02
2.92514e-01 -9.01620e+02
2.97513e-01 2.60576e+02
