80 2
k power
3.75378e-03 8.30199e+04
8.05040e-03 4.51479e+04
1.28486e-02 4.14197e+04
1.77516e-02 3.91497e+04
2.26918e-02 3.96159e+04
2.76480e-02 3.22178e+04
3.26126e-02 3.01737e+04
3.76111e-02 2.23494e+04
4.26130e-02 1.76058e+04
4.76051e-02 1.93935e+04
5.25913e-02 1.68235e+04
5.75684e-02 1.55828e+04
6.25625e-02 1.59090e+04
6.75666e-02 1.55958e+04
7.25730e-02 1.48226e+04
7.75647e-02 1.21419e+04
8.25476e-02 9.84494e+03
8.75441e-02 9.14819e+03
9.25437e-02 7.99137e+03
9.75415e-02 8.84314e+03
1.02541e-01 8.74272e+03
1.07542e-01 6.59939e+03
1.12541e-01 5.43702e+03
1.17533e-01 6.14495e+03
1.22524e-01 5.47771e+03
1.27531e-01 5.34980e+03
1.32537e-01 4.82034e+03
1.37532e-01 4.59066e+03
1.42526e-01 4.16775e+03
1.47525e-01 2.96505e+03
1.52527e-01 3.40570e+03
1.57525e-01 3.31681e+03
1.62524e-01 3.09284e+03
1.67524e-01 3.02212e+03
1.72523e-01 2.69949e+03
1.77521e-01 2.90452e+03
1.82521e-01 2.35836e+03
1.87522e-01 2.26166e+03
1.92522e-01 2.08206e+03
1.97522e-01 1.56271e+03
2.02520e-01 1.57259e+03
2.07516e-01 1.47575e+03
2.12515e-01 1.09280e+03
2.17519e-01 6.75773e+02
2.22521e-01 1.30073e+03
2.27520e-01 1.90338e+03
2.32521e-01 1.52447e+03
2.37519e-01 1.22071e+03
2.42517e-01 1.37988e+03
2.47516e-01 1.35027e+03
2.52517e-01 1.52639e+03
2.57519e-01 8.68922e+02
2.62519e-01 6.65523e+02
2.67517e-01 7.12742e+02
2.72515e-01 8.18125e+02
2.77516e-01 6.33195e+02
2.82516e-01 8.31594e+02
2.87515e-01 1.07148e+03
2.92513e-01 5.05469e+02
2.97512e-01 6.09742e+02
3.02513e-01 6.83992e+02
3.07511e-01 5.41680e+02
3.12511e-01 2.84867e+02
3.17513e-01 3.93820e+02
3.22513e-01 4.68727e+02
3.27512e-01 8.05945e+02
3.32509e-01 8.39922e+02
3.37510e-01 6.48547e+02
3.42513e-01 6.98961e+02
3.47514e-01 5.07883e+02
3.52514e-01 3.82219e+02
3.57512e-01 4.47703e+02
3.62512e-01 4.10805e+02
3.67512e-01 8.31336e+02
3.72510e-01 4.34273e+02
3.77511e-01 5.75094e+02
3.82512e-01 2.84547e+02
3.87512e-01 3.24070e+02
3.92510e-01 4.72773e+02
3.97510e-01 2.81430e+02
3.75378e-03 -4.34534e+04
8.05040e-03 3.56443e+04
1.28486e-02 2.33750e+04
1.77516e-02 3.38821e+03
2.26918e-02 1.14556e+04
2.76480e-02 7.65806e+03
3.26126e-02 6.21360e+01
3.76111e-02 1.34311e+04
4.26130e-02 1.14837e+04
4.76051e-02 3.06197e+03
5.25913e-02 1.09350e+04
5.75684e-02 7.55064e+03
6.25625e-02 9.91087e+03
6.75666e-02 1.21526e+04
7.25730e-02 1.08341e+04
7.75647e-02 6.95799e+03
8.25476e-02 4.96572e+03
8.75441e-02 3.65113e+03
9.25437e-02 2.65390e+03
9.75415e-02 2.04438e+03
1.02541e-01 3.54444e+03
1.07542e-01 5.27858e+03
1.12541e-01 9.08192e+02
1.17533e-01 1.42086e+03
1.22524e-01 1.40891e+03
1.27531e-01 4.51516e+03
1.32537e-01 2.32239e+03
1.37532e-01 1.33424e+03
1.42526e-01 1.20932e+03
1.47525e-01 9.26009e+02
1.52527e-01 1.35731e+03
1.57525e-01 1.78024e+03
1.62524e-01 3.38607e+02
1.67524e-01 -6.83139e+02
1.72523e-01 6.69293e+02
1.77521e-01 4.49850e+02
1.82521e-01 6.62262e+02
1.87522e-01 -7.77938e+01
1.92522e-01 4.66756e+01
1.97522e-01 -6.10956e+02
2.02520e-01 -5.37405e+02
2.07516e-01 1.16300e+02
2.12515e-01 4.02765e+02
2.17519e-01 5.41678e+02
2.22521e-01 5.18516e+02
2.27520e-01 1.63321e+03
2.32521e-01 8.51807e+02
2.37519e-01 6.80551e+01
2.42517e-01 -4.63645e+02
2.47516e-01 -1.51537e+03
2.52517e-01 7.44994e+02
2.57519e-01 2.66147e+02
2.62519e-01 1.06506e+03
2.67517e-01 5.42310e+02
2.72515e-01 4.65538e+02
2.77516e-01 -6.72559e+02
2.82516e-01 -4.23909e+02
2.87515e-01 -7.47036e+01
2.92513e-01 2.92801e+02
2.97512e-01 2.48907e+02
3.02513e-01 4.47562e+02
3.07511e-01 -4.07271e+02
3.12511e-01 5.55366e+02
3.17513e-01 7.21504e+02
3.22513e-01 -3.60174e+02
3.27512e-01 4.00085e+02
3.32509e-01 2.79639e+02
3.37510e-01 9.42619e+01
3.42513e-01 2.28031e+01
3.47514e-01 -3.61657e+02
3.52514e-01 -7.09548e+02
3.57512e-01 -8.54172e+02
3.62512e-01 -1.08820e+03
3.67512e-01 -7.69701e+02
3.72510e-01 -4.62086e+02
3.77511e-01 9.65325e+01
3.82512e-01 4.50197e+02
3.87512e-01 -7.46316e+02
3.92510e-01 -9.34168e+02
3.97510e-01 2.81917e+02
