80 2
k power
3.75378e-03 3.65236e+04
8.05040e-03 2.79448e+04
1.28486e-02 2.41101e+04
1.77516e-02 2.60870e+04
2.26918e-02 2.78944e+04
2.76480e-02 3.16971e+04
3.26126e-02 2.95905e+04
3.76111e-02 2.51844e+04
4.26130e-02 2.27380e+04
4.76051e-02 2.05044e+04
5.25913e-02 1.84330e+04
5.75684e-02 1.51184e+04
6.25625e-02 1.36372e+04
6.75666e-02 1.38173e+04
7.25730e-02 1.35996e+04
7.75647e-02 1.16465e+04
8.25476e-02 9.72102e+03
8.75441e-02 9.86980e+03
9.25437e-02 9.36432e+03
9.75415e-02 9.43674e+03
1.02541e-01 9.61972e+03
1.07542e-01 7.04311e+03
1.12541e-01 6.62587e+03
1.17533e-01 5.72555e+03
1.22524e-01 4.79258e+03
1.27531e-01 5.08443e+03
1.32537e-01 4.91245e+03
1.37532e-01 4.18566e+03
1.42526e-01 3.81027e+03
1.47525e-01 4.24139e+03
1.52527e-01 3.74900e+03
1.57525e-01 3.50734e+03
1.62524e-01 3.23391e+03
1.67524e-01 3.39638e+03
1.72523e-01 3.31963e+03
1.77521e-01 2.54634e+03
1.82521e-01 2.38796e+03
1.87522e-01 2.30017e+03
1.92522e-01 2.02384e+03
1.97522e-01 1.68141e+03
2.02520e-01 2.14470e+03
2.07516e-01 1.66212e+03
2.12515e-01 1.66937e+03
2.17519e-01 1.78797e+03
2.22521e-01 1.40888e+03
2.27520e-01 1.16283e+03
2.32521e-01 1.11512e+03
2.37519e-01 1.46250e+03
2.42517e-01 1.34223e+03
2.47516e-01 9.26828e+02
2.52517e-01 1.06163e+03
2.57519e-01 1.29565e+03
2.62519e-01 8.35578e+02
2.67517e-01 8.44438e+02
2.72515e-01 7.96398e+02
2.77516e-01 1.00241e+03
2.82516e-01 3.77602e+02
2.87515e-01 5.06242e+02
2.92513e-01 7.32375e+02
2.97512e-01 6.60516e+02
3.02513e-01 3.07461e+02
3.07511e-01 5.61523e+02
3.12511e-01 4.73875e+02
3.17513e-01 5.91297e+02
3.22513e-01 8.85141e+02
3.27512e-01 2.98703e+02
3.32509e-01 6.56516e+02
3.37510e-01 -2.72734e+01
3.42513e-01 -3.71250e+01
3.47514e-01 9.30312e+02
3.52514e-01 3.30992e+02
3.57512e-01 2.48555e+02
3.62512e-01 5.44305e+02
3.67512e-01 5.27562e+02
3.72510e-01 3.62977e+02
3.77511e-01 4.96680e+02
3.82512e-01 2.95125e+02
3.87512e-01 3.07148e+02
3.92510e-01 -2.38281e+00
3.97510e-01 1.53016e+02
3.75378e-03 -1.48092e+04
8.05040e-03 2.26585e+03
1.28486e-02 3.81593e+04
1.77516e-02 1.14539e+04
2.26918e-02 2.23206e+04
2.76480e-02 2.79435e+04
3.26126e-02 4.73818e+03
3.76111e-02 1.11877e+04
4.26130e-02 5.54629e+03
4.76051e-02 1.02902e+04
5.25913e-02 8.07402e+03
5.75684e-02 7.41677e+03
6.25625e-02 4.26740e+03
6.75666e-02 5.23934e+03
7.25730e-02 2.28216e+03
7.75647e-02 -1.17816e+03
8.25476e-02 1.40142e+03
8.75441e-02 7.14138e+03
9.25437e-02 5.98146e+03
9.75415e-02 4.17438e+03
1.02541e-01 2.06911e+03
1.07542e-01 1.82247e+03
1.12541e-01 1.97860e+03
1.17533e-01 2.95673e+03
1.22524e-01 1.92024e+03
1.27531e-01 5.49961e+03
1.32537e-01 3.61468e+03
1.37532e-01 2.22839e+03
1.42526e-01 -7.19094e+02
1.47525e-01 1.56877e+03
1.52527e-01 1.99867e+03
1.57525e-01 9.73467e+02
1.62524e-01 5.55817e+02
1.67524e-01 2.38235e+01
1.72523e-01 7.60301e+01
1.77521e-01 2.21128e+03
1.82521e-01 5.34391e+02
1.87522e-01 9.25631e+02
1.92522e-01 -5.15423e+02
1.97522e-01 8.36813e+02
2.02520e-01 1.18776e+03
2.07516e-01 5.62423e+02
2.12515e-01 -3.65382e+02
2.17519e-01 2.28726e+02
2.22521e-01 1.49154e+03
2.27520e-01 6.38874e+02
2.32521e-01 -4.25811e+00
2.37519e-01 1.43532e+03
2.42517e-01 5.46207e+01
2.47516e-01 -8.95730e+02
2.52517e-01 -1.10581e+02
2.57519e-01 4.44108e+02
2.62519e-01 4.14982e+02
2.67517e-01 1.96993e+02
2.72515e-01 -4.87694e+02
2.77516e-01 3.51443e+02
2.82516e-01 -1.43401e+02
2.87515e-01 -6.65536e+02
2.92513e-01 -1.26784e+02
2.97512e-01 -1.85358e+02
3.02513e-01 2.93889e+00
3.07511e-01 3.84980e+01
3.12511e-01 2.90061e+02
3.17513e-01 4.32390e+02
3.22513e-01 5.47328e+02
3.27512e-01 -6.35691e+02
3.32509e-01 -3.74351e+02
3.37510e-01 -2.69974e+02
3.42513e-01 -1.72043e+02
3.47514e-01 1.44922e+02
3.52514e-01 -1.10484e+02
3.57512e-01 6.99917e+02
3.62512e-01 -2.77021e+02
3.67512e-01 -5.03418e+02
3.72510e-01 5.76237e+02
3.77511e-01 3.65067e+02
3.82512e-01 3.00992e+02
3.87512e-01 -7.63490e+02
3.92510e-01 -1.29721e+03
3.97510e-01 -5.45997e+02
