59 2
k power
8.05040e-03 3.71101e+04
1.28486e-02 4.27312e+04
1.77516e-02 3.85086e+04
2.26918e-02 3.48576e+04
2.76480e-02 2.81145e+04
3.26126e-02 2.22858e+04
3.76111e-02 2.19076e+04
4.26130e-02 1.96898e+04
4.76051e-02 1.89091e+04
5.25913e-02 1.75730e+04
5.75684e-02 1.50887e+04
6.25625e-02 1.54823e+04
6.75666e-02 1.60645e+04
7.25730e-02 1.36980e+04
7.75647e-02 1.22698e+04
8.25476e-02 9.77463e+03
8.75441e-02 1.05494e+04
9.25437e-02 1.06177e+04
9.75415e-02 7.76987e+03
1.02541e-01 7.45329e+03
1.07542e-01 7.47240e+03
1.12541e-01 6.08624e+03
1.17533e-01 5.42316e+03
1.22524e-01 6.30934e+03
1.27531e-01 7.05555e+03
1.32537e-01 5.81032e+03
1.37532e-01 4.69184e+03
1.42526e-01 4.44348e+03
1.47525e-01 3.77021e+03
1.52527e-01 3.39573e+03
1.57525e-01 4.08620e+03
1.62524e-01 3.10526e+03
1.67524e-01 3.30449e+03
1.72523e-01 3.39163e+03
1.77521e-01 3.22811e+03
1.82521e-01 2.41445e+03
1.87522e-01 2.07976e+03
1.92522e-01 2.26866e+03
1.97522e-01 2.05492e+03
2.02520e-01 1.86845e+03
2.07516e-01 1.80042e+03
2.12515e-01 1.79101e+03
2.17519e-01 1.56141e+03
2.22521e-01 1.76700e+03
2.27520e-01 9.12430e+02
2.32521e-01 1.33648e+03
2.37519e-01 1.55395e+03
2.42517e-01 1.20494e+03
2.47516e-01 1.10048e+03
2.52517e-01 9.56500e+02
2.57519e-01 1.47829e+03
2.62519e-01 1.15378e+03
2.67517e-01 1.36162e+03
2.72515e-01 7.52211e+02
2.77516e-01 4.11133e+02
2.82516e-01 8.66641e+02
2.87515e-01 1.07000e+03
2.92513e-01 1.01666e+03
2.97512e-01 8.18156e+02
8.05040e-03 -2.23853e+04
1.28486e-02 3.97635e+03
1.77516e-02 1.29505e+04
2.26918e-02 1.99195e+04
2.76480e-02 1.24676e+04
3.26126e-02 1.99803e+04
3.76111e-02 3.58767e+03
4.26130e-02 9.28120e+03
4.76051e-02 7.04772e+03
5.25913e-02 7.47939e+03
5.75684e-02 6.86240e+03
6.25625e-02 7.44494e+03
6.75666e-02 8.25925e+03
7.25730e-02 8.51769e+03
7.75647e-02 7.18044e+03
8.25476e-02 5.30672e+03
8.75441e-02 7.06956e+03
9.25437e-02 6.06234e+03
9.75415e-02 2.04207e+03
1.02541e-01 5.11738e+03
1.07542e-01 8.88235e+02
1.12541e-01 1.65859e+02
1.17533e-01 2.62456e+02
1.22524e-01 5.74655e+02
1.27531e-01 1.98360e+03
1.32537e-01 1.60264e+03
1.37532e-01 5.66611e+02
1.42526e-01 1.37373e+03
1.47525e-01 4.27598e+01
1.52527e-01 2.85968e+02
1.57525e-01 7.42960e+02
1.62524e-01 1.15006e+03
1.67524e-01 9.52751e+02
1.72523e-01 1.09641e+03
1.77521e-01 1.33380e+03
1.82521e-01 -3.96837e+02
1.87522e-01 5.00704e+02
1.92522e-01 6.17689e+02
1.97522e-01 6.27283e+02
2.02520e-01 6.76817e+02
2.07516e-01 2.83212e+03
2.12515e-01 1.76558e+03
2.17519e-01 1.20168e+03
2.22521e-01 6.98185e+01
2.27520e-01 -3.85684e+02
2.32521e-01 -2.72059e+02
2.37519e-01 6.42510e+02
2.42517e-01 7.10480e+02
2.47516e-01 1.46515e+02
2.52517e-01 8.45903e+01
2.57519e-01 5.94515e+02
2.62519e-01 -3.77329e+02
2.67517e-01 -4.76854e+01
2.72515e-01 3.69915e+02
2.77516e-01 -3.19530e+01
2.82516e-01 3.80748e+02
2.87515e-01 -1.04410e+03
2.92513e-01 3.81431e+01
2.97512e-01 -1.55653e+02
