60 2
k power
3.78596e-03 -2.30598e+04
8.05565e-03 3.20315e+04
1.28387e-02 3.69076e+04
1.77584e-02 3.26796e+04
2.26862e-02 3.83484e+04
2.76450e-02 3.54033e+04
3.26261e-02 2.40637e+04
3.76152e-02 2.72722e+04
4.26121e-02 2.45895e+04
4.75881e-02 2.37572e+04
5.25764e-02 2.06768e+04
5.75766e-02 1.87662e+04
6.25706e-02 1.55755e+04
6.75643e-02 1.46142e+04
7.25546e-02 1.23292e+04
7.75520e-02 1.01646e+04
8.25499e-02 1.00869e+04
8.75466e-02 9.37738e+03
9.25461e-02 9.18455e+03
9.75410e-02 7.36531e+03
1.02539e-01 7.12805e+03
1.07538e-01 6.53295e+03
1.12539e-01 6.86813e+03
1.17539e-01 5.70483e+03
1.22534e-01 5.43589e+03
1.27532e-01 5.84445e+03
1.32531e-01 5.52430e+03
1.37529e-01 5.32216e+03
1.42529e-01 4.05451e+03
1.47527e-01 4.14688e+03
1.52526e-01 3.38289e+03
1.57526e-01 3.18838e+03
1.62527e-01 3.22688e+03
1.67528e-01 2.67382e+03
1.72524e-01 1.94639e+03
1.77522e-01 2.41546e+03
1.82524e-01 3.06167e+03
1.87522e-01 2.63770e+03
1.92522e-01 2.72678e+03
1.97523e-01 1.72568e+03
2.02522e-01 2.03788e+03
2.07520e-01 2.08396e+03
2.12520e-01 1.33263e+03
2.17519e-01 1.61876e+03
2.22517e-01 1.63158e+03
2.27517e-01 1.87388e+03
2.32517e-01 8.35078e+02
2.37517e-01 1.04459e+03
2.42517e-01 1.01980e+03
2.47517e-01 9.79422e+02
2.52517e-01 1.06965e+03
2.57516e-01 6.15711e+02
2.62515e-01 7.16453e+02
2.67515e-01 1.17955e+03
2.72514e-01 1.13551e+03
2.77515e-01 9.98875e+02
2.82515e-01 5.02234e+02
2.87514e-01 1.99586e+02
2.92514e-01 6.68125e+02
2.97513e-01 7.75930e+02
3.78596e-03 -2.87648e+04
8.05565e-03 -1.09323e+04
1.28387e-02 2.45428e+03
1.77584e-02 7.10566e+03
2.26862e-02 1.37988e+04
2.76450e-02 1.37503e+04
3.26261e-02 6.85067e+03
3.76152e-02 -3.71859e+03
4.26121e-02 5.18268e+03
4.75881e-02 2.12584e+02
5.25764e-02 3.88728e+03
5.75766e-02 5.75167e+03
6.25706e-02 6.15221e+03
6.75643e-02 7.37166e+03
7.25546e-02 3.05934e+03
7.75520e-02 5.97342e+03
8.25499e-02 3.06281e+03
8.75466e-02 6.23663e+02
9.25461e-02 4.24820e+03
9.75410e-02 3.23147e+02
1.02539e-01 3.40100e+03
1.07538e-01 1.58922e+03
1.12539e-01 1.08773e+03
1.17539e-01 1.80454e+03
1.22534e-01 3.06329e+03
1.27532e-01 1.40018e+03
1.32531e-01 1.09436e+03
1.37529e-01 2.20466e+03
1.42529e-01 2.23451e+03
1.47527e-01 -1.65551e+03
1.52526e-01 -6.02089e+02
1.57526e-01 -1.67100e+03
1.62527e-01 -1.34088e+03
1.67528e-01 8.47877e+02
1.72524e-01 -3.69165e+02
1.77522e-01 -1.69695e+03
1.82524e-01 -1.08369e+03
1.87522e-01 -1.13236e+03
1.92522e-01 -8.64010e+01
1.97523e-01 4.07100e+00
2.02522e-01 -3.37850e+02
2.07520e-01 -2.72071e+02
2.12520e-01 2.27967e+02
2.17519e-01 1.22540e+02
2.22517e-01 -1.29280e+03
2.27517e-01 -3.06824e+02
2.32517e-01 1.20021e+03
2.37517e-01 1.18440e+03
2.42517e-01 3.45514e+02
2.47517e-01 1.17369e+03
2.52517e-01 1.18838e+02
2.57516e-01 -5.51171e+02
2.62515e-01 -6.09716e+02
2.67515e-01 -5.06430e+02
2.72514e-01 -3.83508e+02
2.77515e-01 -5.20941e+02
2.82515e-01 -2.48744e+02
2.87514e-01 -5.13134e+02
2.92514e-01 4.40998e+02
2.97513e-01 -5.23655e+01
