80 2
k power
3.75378e-03 5.12124e+04
8.05040e-03 3.76773e+04
1.28486e-02 4.08005e+04
1.77516e-02 4.00941e+04
2.26918e-02 3.81634e+04
2.76480e-02 4.02102e+04
3.26126e-02 3.21305e+04
3.76111e-02 2.57303e+04
4.26130e-02 2.37249e+04
4.76051e-02 2.05669e+04
5.25913e-02 2.21577e+04
5.75684e-02 1.77022e+04
6.25625e-02 1.32529e+04
6.75666e-02 1.21767e+04
7.25730e-02 1.57540e+04
7.75647e-02 1.40491e+04
8.25476e-02 9.53295e+03
8.75441e-02 9.94960e+03
9.25437e-02 9.02232e+03
9.75415e-02 7.73887e+03
1.02541e-01 5.34707e+03
1.07542e-01 7.57164e+03
1.12541e-01 6.42543e+03
1.17533e-01 5.20346e+03
1.22524e-01 4.69790e+03
1.27531e-01 4.22138e+03
1.32537e-01 5.70488e+03
1.37532e-01 5.67414e+03
1.42526e-01 3.91932e+03
1.47525e-01 4.13234e+03
1.52527e-01 3.70635e+03
1.57525e-01 4.23405e+03
1.62524e-01 4.43777e+03
1.67524e-01 3.21870e+03
1.72523e-01 2.94039e+03
1.77521e-01 2.85672e+03
1.82521e-01 1.57838e+03
1.87522e-01 1.59725e+03
1.92522e-01 1.96941e+03
1.97522e-01 2.10745e+03
2.02520e-01 1.17010e+03
2.07516e-01 1.55766e+03
2.12515e-01 1.44645e+03
2.17519e-01 1.37413e+03
2.22521e-01 7.33312e+02
2.27520e-01 9.55602e+02
2.32521e-01 9.19414e+02
2.37519e-01 9.82438e+02
2.42517e-01 1.08173e+03
2.47516e-01 1.90255e+03
2.52517e-01 1.63945e+03
2.57519e-01 8.77875e+02
2.62519e-01 5.84188e+02
2.67517e-01 1.11556e+03
2.72515e-01 7.73359e+02
2.77516e-01 1.38922e+03
2.82516e-01 4.63711e+02
2.87515e-01 8.09445e+02
2.92513e-01 1.20906e+02
2.97512e-01 6.85625e+01
3.02513e-01 3.33352e+02
3.07511e-01 6.52102e+02
3.12511e-01 8.47734e+01
3.17513e-01 1.51922e+02
3.22513e-01 1.41656e+02
3.27512e-01 1.29180e+02
3.32509e-01 6.90430e+02
3.37510e-01 6.99953e+02
3.42513e-01 4.52047e+02
3.47514e-01 3.07508e+02
3.52514e-01 1.30664e+02
3.57512e-01 1.97570e+02
3.62512e-01 5.08625e+02
3.67512e-01 5.79164e+02
3.72510e-01 4.95750e+02
3.77511e-01 7.67484e+02
3.82512e-01 1.56148e+02
3.87512e-01 -5.56953e+01
3.92510e-01 2.48047e+01
3.97510e-01 4.79688e+01
3.75378e-03 9.49070e+04
8.05040e-03 5.61053e+04
1.28486e-02 6.42378e+04
1.77516e-02 2.29823e+04
2.26918e-02 1.53331e+01
2.76480e-02 4.65758e+03
3.26126e-02 -1.72270e+03
3.76111e-02 1.02546e+04
4.26130e-02 5.60893e+03
4.76051e-02 3.83607e+03
5.25913e-02 5.77879e+03
5.75684e-02 4.85793e+03
6.25625e-02 6.22165e+03
6.75666e-02 8.02163e+03
7.25730e-02 6.15951e+03
7.75647e-02 3.64541e+03
8.25476e-02 3.74530e+03
8.75441e-02 2.39838e+03
9.25437e-02 4.23671e+02
9.75415e-02 5.29485e+02
1.02541e-01 3.46445e+03
1.07542e-01 2.69330e+03
1.12541e-01 1.27732e+03
1.17533e-01 1.85546e+03
1.22524e-01 1.26746e+03
1.27531e-01 1.54332e+03
1.32537e-01 -9.18046e+00
1.37532e-01 -5.18602e+02
1.42526e-01 2.01564e+03
1.47525e-01 1.20779e+03
1.52527e-01 1.57467e+03
1.57525e-01 -6.10439e+02
1.62524e-01 -7.55615e+01
1.67524e-01 -7.34527e+02
1.72523e-01 -1.52698e+03
1.77521e-01 -7.51889e+02
1.82521e-01 1.68421e+03
1.87522e-01 1.40201e+03
1.92522e-01 -1.30994e+01
1.97522e-01 5.62959e+02
2.02520e-01 7.59095e+02
2.07516e-01 -4.82679e+02
2.12515e-01 2.24990e+02
2.17519e-01 9.12573e+02
2.22521e-01 4.60561e+01
2.27520e-01 -1.05205e+03
2.32521e-01 -2.92680e+02
2.37519e-01 -7.35536e+02
2.42517e-01 5.76286e+02
2.47516e-01 3.08075e+02
2.52517e-01 3.84753e+02
2.57519e-01 -5.56853e+02
2.62519e-01 -9.65962e+02
2.67517e-01 1.45841e+02
2.72515e-01 -1.28052e+03
2.77516e-01 -6.56514e+01
2.82516e-01 -7.87762e+02
2.87515e-01 -1.75397e+03
2.92513e-01 -5.07117e+02
2.97512e-01 -3.75588e+02
3.02513e-01 -1.25312e+02
3.07511e-01 -6.77326e+02
3.12511e-01 -1.99331e+03
3.17513e-01 6.76316e+02
3.22513e-01 -6.44809e+02
3.27512e-01 -1.56968e+02
3.32509e-01 -1.22279e+02
3.37510e-01 -7.36359e+02
3.42513e-01 -1.09889e+03
3.47514e-01 -9.76188e+02
3.52514e-01 -5.39330e+02
3.57512e-01 3.44109e+02
3.62512e-01 2.64406e+02
3.67512e-01 3.17761e+02
3.72510e-01 5.13489e+02
3.77511e-01 2.87247e+02
3.82512e-01 -2.96511e+02
3.87512e-01 3.60201e+02
3.92510e-01 -2.34823e+02
3.97510e-01 7.67867e+02
