80 2
k power
3.75378e-03 -1.80109e+03
8.05040e-03 3.54258e+04
1.28486e-02 4.85125e+04
1.77516e-02 3.76794e+04
2.26918e-02 3.68769e+04
2.76480e-02 3.12476e+04
3.26126e-02 2.72975e+04
3.76111e-02 2.63709e+04
4.26130e-02 1.97428e+04
4.76051e-02 1.76404e+04
5.25913e-02 1.86855e+04
5.75684e-02 1.61388e+04
6.25625e-02 1.77089e+04
6.75666e-02 1.38974e+04
7.25730e-02 1.39661e+04
7.75647e-02 1.25206e+04
8.25476e-02 8.95815e+03
8.75441e-02 9.16627e+03
9.25437e-02 7.17857e+03
9.75415e-02 7.24800e+03
1.02541e-01 7.80480e+03
1.07542e-01 7.96791e+03
1.12541e-01 6.93787e+03
1.17533e-01 7.17092e+03
1.22524e-01 5.56831e+03
1.27531e-01 5.26933e+03
1.32537e-01 4.91516e+03
1.37532e-01 4.96668e+03
1.42526e-01 3.75130e+03
1.47525e-01 3.63899e+03
1.52527e-01 3.88616e+03
1.57525e-01 3.99427e+03
1.62524e-01 2.71155e+03
1.67524e-01 3.47336e+03
1.72523e-01 2.55065e+03
1.77521e-01 2.15116e+03
1.82521e-01 2.43760e+03
1.87522e-01 1.83873e+03
1.92522e-01 2.13545e+03
1.97522e-01 2.32588e+03
2.02520e-01 2.25489e+03
2.07516e-01 2.27495e+03
2.12515e-01 1.52885e+03
2.17519e-01 8.86836e+02
2.22521e-01 1.47514e+03
2.27520e-01 1.10924e+03
2.32521e-01 7.15461e+02
2.37519e-01 1.33704e+03
2.42517e-01 1.28135e+03
2.47516e-01 1.16812e+03
2.52517e-01 1.05815e+03
2.57519e-01 8.79672e+02
2.62519e-01 5.46148e+02
2.67517e-01 3.00422e+02
2.72515e-01 7.08562e+02
2.77516e-01 7.00125e+02
2.82516e-01 1.09408e+03
2.87515e-01 7.53992e+02
2.92513e-01 7.52141e+02
2.97512e-01 5.95789e+02
3.02513e-01 3.82781e+02
3.07511e-01 4.85984e+02
3.12511e-01 6.24789e+02
3.17513e-01 5.84062e+02
3.22513e-01 2.67547e+02
3.27512e-01 9.89062e+01
3.32509e-01 4.57953e+02
3.37510e-01 9.07188e+01
3.42513e-01 1.89219e+02
3.47514e-01 2.06734e+02
3.52514e-01 3.00969e+02
3.57512e-01 4.79469e+02
3.62512e-01 5.51828e+02
3.67512e-01 7.24055e+02
3.72510e-01 6.62477e+02
3.77511e-01 2.69461e+02
3.82512e-01 2.73383e+02
3.87512e-01 4.30602e+02
3.92510e-01 7.48125e+01
3.97510e-01 -2.53211e+02
3.75378e-03 3.51819e+04
8.05040e-03 1.95840e+03
1.28486e-02 -2.15579e+04
1.77516e-02 6.53464e+03
2.26918e-02 -1.16185e+04
2.76480e-02 -4.07468e+03
3.26126e-02 6.40847e+03
3.76111e-02 1.03182e+04
4.26130e-02 1.07977e+04
4.76051e-02 1.16720e+04
5.25913e-02 3.93679e+03
5.75684e-02 7.76933e+03
6.25625e-02 -2.32018e+02
6.75666e-02 8.64846e+02
7.25730e-02 7.87536e+03
7.75647e-02 9.13827e+03
8.25476e-02 1.84310e+03
8.75441e-02 5.70206e+03
9.25437e-02 1.92550e+03
9.75415e-02 8.81217e+03
1.02541e-01 4.62419e+03
1.07542e-01 2.84430e+03
1.12541e-01 4.83034e+02
1.17533e-01 1.65826e+03
1.22524e-01 4.59376e+02
1.27531e-01 4.87707e+02
1.32537e-01 1.09872e+03
1.37532e-01 6.72079e+02
1.42526e-01 5.39448e+02
1.47525e-01 3.43498e+03
1.52527e-01 1.79844e+03
1.57525e-01 1.09463e+03
1.62524e-01 1.22678e+03
1.67524e-01 2.10171e+02
1.72523e-01 -3.35118e+01
1.77521e-01 7.80864e+02
1.82521e-01 2.20358e+02
1.87522e-01 3.20090e+02
1.92522e-01 6.86316e+01
1.97522e-01 4.65978e+02
2.02520e-01 3.16484e+01
2.07516e-01 -3.11656e+02
2.12515e-01 3.00293e+02
2.17519e-01 -6.42323e+02
2.22521e-01 7.96045e+02
2.27520e-01 -3.20674e+01
2.32521e-01 -5.26961e+01
2.37519e-01 5.48413e+02
2.42517e-01 -5.32404e+01
2.47516e-01 -5.16773e+02
2.52517e-01 -4.57046e+01
2.57519e-01 7.64324e+02
2.62519e-01 3.92524e+02
2.67517e-01 1.09515e+03
2.72515e-01 -2.63246e+02
2.77516e-01 -8.18797e+02
2.82516e-01 1.12469e+03
2.87515e-01 6.01175e+02
2.92513e-01 9.76522e+02
2.97512e-01 8.78587e+02
3.02513e-01 -4.44090e+02
3.07511e-01 -7.44039e+02
3.12511e-01 -1.31880e+01
3.17513e-01 -3.01172e+01
3.22513e-01 -7.60132e+02
3.27512e-01 -1.11337e+02
3.32509e-01 2.93593e+02
3.37510e-01 4.28399e+02
3.42513e-01 3.08781e+02
3.47514e-01 1.74694e+00
3.52514e-01 -1.01551e+03
3.57512e-01 -8.06944e+02
3.62512e-01 -7.02269e+02
3.67512e-01 -4.58613e+02
3.72510e-01 -4.26454e+02
3.77511e-01 4.11604e+02
3.82512e-01 1.64355e+02
3.87512e-01 1.03256e+03
3.92510e-01 4.27573e+02
3.97510e-01 1.29303e+02
