59 2
k power
8.01858e-03 2.22570e+04
1.28441e-02 4.47207e+04
1.77514e-02 3.99222e+04
2.26910e-02 3.49764e+04
2.76613e-02 3.00724e+04
3.26316e-02 2.42206e+04
3.76089e-02 2.11689e+04
4.25899e-02 1.91317e+04
4.75838e-02 1.58207e+04
5.25894e-02 1.37308e+04
5.75770e-02 1.62465e+04
6.25679e-02 1.51564e+04
6.75637e-02 1.37361e+04
7.25587e-02 1.04231e+04
7.75534e-02 1.01273e+04
8.25494e-02 1.01209e+04
8.75470e-02 1.01902e+04
9.25421e-02 9.04166e+03
9.75420e-02 7.71209e+03
1.02542e-01 8.49118e+03
1.07541e-01 5.90988e+03
1.12539e-01 5.54933e+03
1.17536e-01 5.22709e+03
1.22536e-01 5.05237e+03
1.27533e-01 4.75009e+03
1.32529e-01 4.66263e+03
1.37528e-01 5.10288e+03
1.42529e-01 4.95525e+03
1.47530e-01 4.02313e+03
1.52529e-01 4.18281e+03
1.57528e-01 3.86052e+03
1.62527e-01 2.93670e+03
1.67527e-01 2.68890e+03
1.72526e-01 2.75091e+03
1.77523e-01 2.78810e+03
1.82522e-01 2.18686e+03
1.87521e-01 1.71467e+03
1.92521e-01 1.79841e+03
1.97520e-01 1.87936e+03
2.02519e-01 1.51370e+03
2.07520e-01 1.66595e+03
2.12519e-01 2.25257e+03
2.17519e-01 1.42711e+03
2.22518e-01 1.27066e+03
2.27517e-01 1.28232e+03
2.32518e-01 1.12746e+03
2.37519e-01 1.11381e+03
2.42519e-01 8.61531e+02
2.47519e-01 8.30539e+02
2.52518e-01 1.39221e+03
2.57516e-01 6.20195e+02
2.62515e-01 4.37680e+02
2.67514e-01 5.11242e+02
2.72514e-01 8.23844e+02
2.77515e-01 4.86211e+02
2.82515e-01 4.90039e+02
2.87515e-01 2.40617e+02
2.92514e-01 5.07930e+02
2.97513e-01 2.90742e+02
8.01858e-03 4.48482e+03
1.28441e-02 2.30633e+04
1.77514e-02 9.75815e+03
2.26910e-02 2.09840e+03
2.76613e-02 1.28749e+04
3.26316e-02 8.90924e+03
3.76089e-02 3.91743e+03
4.25899e-02 7.66661e+03
4.75838e-02 2.20952e+03
5.25894e-02 3.54097e+03
5.75770e-02 4.98089e+03
6.25679e-02 5.41205e+03
6.75637e-02 1.27206e+04
7.25587e-02 3.87872e+03
7.75534e-02 2.93816e+03
8.25494e-02 2.90825e+03
8.75470e-02 4.19404e+02
9.25421e-02 3.50556e+03
9.75420e-02 1.44309e+03
1.02542e-01 3.36405e+03
1.07541e-01 4.75036e+03
1.12539e-01 4.85511e+03
1.17536e-01 8.95200e+02
1.22536e-01 3.25033e+03
1.27533e-01 4.29826e+03
1.32529e-01 2.19599e+03
1.37528e-01 3.06253e+03
1.42529e-01 1.35017e+03
1.47530e-01 1.02183e+03
1.52529e-01 4.53996e+02
1.57528e-01 1.82208e+03
1.62527e-01 -1.94093e+02
1.67527e-01 7.76336e+01
1.72526e-01 1.36585e+03
1.77523e-01 5.56916e+02
1.82522e-01 1.22052e+02
1.87521e-01 -1.01139e+03
1.92521e-01 -2.07187e+02
1.97520e-01 9.39885e+02
2.02519e-01 -3.82614e+02
2.07520e-01 -2.56699e+02
2.12519e-01 -4.24702e+02
2.17519e-01 -3.10443e+02
2.22518e-01 1.03319e+02
2.27517e-01 4.95872e+02
2.32518e-01 -4.52821e+02
2.37519e-01 7.16022e+02
2.42519e-01 -1.50986e+02
2.47519e-01 4.57440e+02
2.52518e-01 -4.39462e+02
2.57516e-01 -1.76833e+02
2.62515e-01 -5.42487e+02
2.67514e-01 3.00163e+02
2.72514e-01 4.95346e+02
2.77515e-01 1.03075e+02
2.82515e-01 9.37366e+01
2.87515e-01 3.27959e+02
2.92514e-01 9.31024e+02
2.97513e-01 -1.14909e+02
