60 2
k power
3.70544e-03 4.55931e+04
8.00271e-03 4.94198e+04
1.28497e-02 3.61424e+04
1.77641e-02 4.10886e+04
2.26842e-02 3.41770e+04
2.76464e-02 2.60421e+04
3.26361e-02 2.40732e+04
3.76229e-02 2.51862e+04
4.26066e-02 2.57582e+04
4.75842e-02 1.89027e+04
5.25722e-02 2.10663e+04
5.75659e-02 1.74549e+04
6.25589e-02 1.52786e+04
6.75629e-02 1.35593e+04
7.25605e-02 1.23858e+04
7.75516e-02 1.27431e+04
8.25500e-02 9.79673e+03
8.75455e-02 9.95084e+03
9.25437e-02 9.43191e+03
9.75415e-02 8.97316e+03
1.02534e-01 6.74153e+03
1.07536e-01 6.73951e+03
1.12540e-01 6.90931e+03
1.17537e-01 6.41102e+03
1.22533e-01 5.34767e+03
1.27534e-01 5.50393e+03
1.32530e-01 4.78923e+03
1.37531e-01 4.31498e+03
1.42530e-01 4.30630e+03
1.47526e-01 3.54713e+03
1.52527e-01 2.69586e+03
1.57528e-01 3.21559e+03
1.62527e-01 3.04983e+03
1.67526e-01 2.80584e+03
1.72526e-01 2.54255e+03
1.77526e-01 2.17784e+03
1.82527e-01 2.01264e+03
1.87525e-01 2.36820e+03
1.92520e-01 2.58923e+03
1.97516e-01 1.88657e+03
2.02513e-01 2.05034e+03
2.07516e-01 2.00388e+03
2.12517e-01 1.74046e+03
2.17519e-01 1.96340e+03
2.22521e-01 1.49183e+03
2.27519e-01 1.36191e+03
2.32521e-01 9.33445e+02
2.37520e-01 1.11287e+03
2.42520e-01 1.42454e+03
2.47519e-01 1.10155e+03
2.52516e-01 1.40935e+03
2.57514e-01 9.35922e+02
2.62513e-01 9.42641e+02
2.67513e-01 7.41555e+02
2.72514e-01 7.68625e+02
2.77515e-01 7.00148e+02
2.82516e-01 6.29188e+02
2.87514e-01 1.06702e+03
2.92512e-01 6.78070e+02
2.97514e-01 4.48758e+02
3.70544e-03 -7.48367e+04
8.00271e-03 -1.57545e+03
1.28497e-02 -3.17242e+03
1.77641e-02 1.90625e+04
2.26842e-02 1.17527e+04
2.76464e-02 1.23856e+04
3.26361e-02 7.51794e+03
3.76229e-02 1.13877e+04
4.26066e-02 7.67691e+03
4.75842e-02 1.39542e+04
5.25722e-02 1.25986e+04
5.75659e-02 9.90849e+03
6.25589e-02 3.85252e+03
6.75629e-02 7.21571e+03
7.25605e-02 5.36158e+03
7.75516e-02 3.47371e+03
8.25500e-02 3.64582e+03
8.75455e-02 3.77328e+02
9.25437e-02 1.03314e+03
9.75415e-02 1.63710e+03
1.02534e-01 2.13094e+03
1.07536e-01 2.02550e+03
1.12540e-01 1.40553e+03
1.17537e-01 3.54217e+02
1.22533e-01 1.67580e+03
1.27534e-01 9.89182e+02
1.32530e-01 4.70854e+01
1.37531e-01 9.06542e+02
1.42530e-01 1.56586e+03
1.47526e-01 1.23873e+03
1.52527e-01 -3.40485e+02
1.57528e-01 -6.00571e+01
1.62527e-01 3.67759e+01
1.67526e-01 -1.52827e+02
1.72526e-01 3.76897e+02
1.77526e-01 -6.40529e+02
1.82527e-01 8.23022e+02
1.87525e-01 -8.39865e+02
1.92520e-01 -9.05789e+02
1.97516e-01 6.36345e+02
2.02513e-01 7.16930e+02
2.07516e-01 -2.13268e+02
2.12517e-01 5.10102e+02
2.17519e-01 1.29677e+03
2.22521e-01 -6.29752e+02
2.27519e-01 2.77022e+02
2.32521e-01 -8.72459e+02
2.37520e-01 -6.26969e+02
2.42520e-01 4.45286e+02
2.47519e-01 5.63947e+02
2.52516e-01 3.40423e+02
2.57514e-01 -1.05389e+03
2.62513e-01 -5.76595e+02
2.67513e-01 -2.97936e+02
2.72514e-01 3.99688e+00
2.77515e-01 9.49891e+02
2.82516e-01 2.68130e+02
2.87514e-01 9.38427e+01
2.92512e-01 -7.24744e+02
2.97514e-01 2.06192e+02
