80 2
k power
3.75378e-03 -1.74047e+04
8.05040e-03 2.93412e+04
1.28486e-02 3.34095e+04
1.77516e-02 3.60559e+04
2.26918e-02 3.85665e+04
2.76480e-02 3.24151e+04
3.26126e-02 2.83590e+04
3.76111e-02 3.00989e+04
4.26130e-02 2.67078e+04
4.76051e-02 1.50617e+04
5.25913e-02 1.74480e+04
5.75684e-02 2.02841e+04
6.25625e-02 1.47907e+04
6.75666e-02 1.54488e+04
7.25730e-02 1.50186e+04
7.75647e-02 1.32615e+04
8.25476e-02 1.31172e+04
8.75441e-02 1.08525e+04
9.25437e-02 9.55420e+03
9.75415e-02 1.02004e+04
1.02541e-01 9.89479e+03
1.07542e-01 6.30108e+03
1.12541e-01 6.21077e+03
1.17533e-01 6.17266e+03
1.22524e-01 6.39380e+03
1.27531e-01 4.61392e+03
1.32537e-01 3.10237e+03
1.37532e-01 4.98559e+03
1.42526e-01 5.06057e+03
1.47525e-01 4.53482e+03
1.52527e-01 3.75170e+03
1.57525e-01 2.83388e+03
1.62524e-01 2.15258e+03
1.67524e-01 3.69590e+03
1.72523e-01 2.92249e+03
1.77521e-01 2.76745e+03
1.82521e-01 2.69209e+03
1.87522e-01 1.63494e+03
1.92522e-01 1.91091e+03
1.97522e-01 6.24289e+02
2.02520e-01 1.77898e+03
2.07516e-01 1.84680e+03
2.12515e-01 1.94941e+03
2.17519e-01 1.79966e+03
2.22521e-01 1.23892e+03
2.27520e-01 6.43719e+02
2.32521e-01 1.75502e+03
2.37519e-01 1.33221e+03
2.42517e-01 9.97492e+02
2.47516e-01 1.13333e+03
2.52517e-01 1.36486e+03
2.57519e-01 1.06445e+03
2.62519e-01 4.43312e+02
2.67517e-01 7.59312e+02
2.72515e-01 5.81617e+02
2.77516e-01 5.56906e+02
2.82516e-01 1.13580e+03
2.87515e-01 7.07547e+02
2.92513e-01 -8.92969e+00
2.97512e-01 -2.78664e+02
3.02513e-01 1.46547e+02
3.07511e-01 2.78289e+02
3.12511e-01 3.64297e+02
3.17513e-01 5.63375e+02
3.22513e-01 3.03023e+02
3.27512e-01 3.16961e+02
3.32509e-01 1.85539e+02
3.37510e-01 2.65000e+02
3.42513e-01 6.02812e+01
3.47514e-01 7.83984e+01
3.52514e-01 5.97125e+02
3.57512e-01 1.12375e+02
3.62512e-01 4.12422e+01
3.67512e-01 4.18984e+01
3.72510e-01 5.57930e+02
3.77511e-01 1.99977e+02
3.82512e-01 4.36172e+01
3.87512e-01 5.28633e+02
3.92510e-01 5.78852e+02
3.97510e-01 2.20070e+02
3.75378e-03 -5.16828e+03
8.05040e-03 -9.31731e+03
1.28486e-02 -1.27922e+03
1.77516e-02 6.01536e+03
2.26918e-02 6.17710e+03
2.76480e-02 -7.82930e+03
3.26126e-02 8.92308e+03
3.76111e-02 1.18559e+04
4.26130e-02 9.32273e+03
4.76051e-02 -2.96523e+03
5.25913e-02 3.57686e+03
5.75684e-02 9.96420e+03
6.25625e-02 8.63331e+03
6.75666e-02 7.54595e+03
7.25730e-02 5.56796e+03
7.75647e-02 -1.67816e+03
8.25476e-02 -9.62770e+02
8.75441e-02 3.88831e+03
9.25437e-02 1.67553e+03
9.75415e-02 5.31585e+03
1.02541e-01 5.37449e+03
1.07542e-01 2.85145e+03
1.12541e-01 5.93423e+03
1.17533e-01 3.43078e+02
1.22524e-01 1.46459e+03
1.27531e-01 9.17645e+02
1.32537e-01 1.58273e+02
1.37532e-01 -2.22462e+03
1.42526e-01 -1.07823e+03
1.47525e-01 7.74189e+01
1.52527e-01 -6.36691e+02
1.57525e-01 1.69283e+03
1.62524e-01 7.02917e+02
1.67524e-01 -4.35100e+01
1.72523e-01 -9.61794e+01
1.77521e-01 -7.72764e+02
1.82521e-01 2.22549e+03
1.87522e-01 -6.35117e+02
1.92522e-01 -5.44512e+02
1.97522e-01 -1.85729e+02
2.02520e-01 -7.70026e+02
2.07516e-01 -7.07833e+02
2.12515e-01 -9.70368e+02
2.17519e-01 5.07570e+02
2.22521e-01 6.53556e+02
2.27520e-01 -2.79967e+02
2.32521e-01 -1.02838e+02
2.37519e-01 1.40592e+03
2.42517e-01 -1.41104e+01
2.47516e-01 -6.28142e+02
2.52517e-01 2.65496e+02
2.57519e-01 -1.49498e+02
2.62519e-01 -6.21798e+01
2.67517e-01 -9.49688e+02
2.72515e-01 -8.79765e+02
2.77516e-01 -1.41114e+02
2.82516e-01 -1.56374e+02
2.87515e-01 5.78218e+01
2.92513e-01 7.84802e+02
2.97512e-01 1.83203e+02
3.02513e-01 -1.47330e+02
3.07511e-01 -6.88018e+02
3.12511e-01 -1.14200e+03
3.17513e-01 -4.89066e+02
3.22513e-01 9.34508e+02
3.27512e-01 5.46924e+02
3.32509e-01 -8.54329e+02
3.37510e-01 6.50282e+02
3.42513e-01 5.23712e+02
3.47514e-01 2.63791e+02
3.52514e-01 5.14250e+02
3.57512e-01 6.25218e+02
3.62512e-01 -7.73938e+02
3.67512e-01 -8.50075e+02
3.72510e-01 4.48214e+02
3.77511e-01 5.65997e+02
3.82512e-01 -2.48174e+02
3.87512e-01 -2.74906e+02
3.92510e-01 -7.34723e+01
3.97510e-01 1.98448e+02
