59 2
k power
8.00271e-03 3.16185e+04
1.28497e-02 2.99412e+04
1.77641e-02 2.73945e+04
2.26842e-02 3.19460e+04
2.76464e-02 3.58245e+04
3.26361e-02 2.57910e+04
3.76229e-02 2.94051e+04
4.26066e-02 2.25582e+04
4.75842e-02 2.12482e+04
5.25722e-02 1.97028e+04
5.75659e-02 1.58446e+04
6.25589e-02 1.66474e+04
6.75629e-02 1.56036e+04
7.25605e-02 1.36248e+04
7.75516e-02 1.18459e+04
8.25500e-02 9.89215e+03
8.75455e-02 1.00639e+04
9.25437e-02 8.41537e+03
9.75415e-02 7.87191e+03
1.02534e-01 7.11093e+03
1.07536e-01 6.45055e+03
1.12540e-01 6.91371e+03
1.17537e-01 6.53716e+03
1.22533e-01 5.94898e+03
1.27534e-01 5.40400e+03
1.32530e-01 4.70134e+03
1.37531e-01 4.27882e+03
1.42530e-01 4.17602e+03
1.47526e-01 4.26148e+03
1.52527e-01 4.49970e+03
1.57528e-01 3.14622e+03
1.62527e-01 3.05684e+03
1.67526e-01 3.58827e+03
1.72526e-01 2.97719e+03
1.77526e-01 1.81889e+03
1.82527e-01 2.52058e+03
1.87525e-01 1.71241e+03
1.92520e-01 2.64150e+03
1.97516e-01 2.12702e+03
2.02513e-01 2.05957e+03
2.07516e-01 1.91169e+03
2.12517e-01 1.62107e+03
2.17519e-01 1.61566e+03
2.22521e-01 1.20213e+03
2.27519e-01 9.44188e+02
2.32521e-01 1.40062e+03
2.37520e-01 1.41980e+03
2.42520e-01 9.26859e+02
2.47519e-01 1.21761e+03
2.52516e-01 6.80188e+02
2.57514e-01 6.00898e+02
2.62513e-01 5.97008e+02
2.67513e-01 4.99602e+02
2.72514e-01 6.74836e+02
2.77515e-01 9.25336e+02
2.82516e-01 7.23594e+02
2.87514e-01 3.65766e+02
2.92512e-01 3.78844e+02
2.97514e-01 4.97367e+02
8.00271e-03 1.17337e+04
1.28497e-02 2.62572e+04
1.77641e-02 2.69842e+04
2.26842e-02 9.30868e+03
2.76464e-02 1.20118e+04
3.26361e-02 1.02791e+04
3.76229e-02 1.10836e+04
4.26066e-02 5.53027e+03
4.75842e-02 6.39734e+03
5.25722e-02 7.95922e+03
5.75659e-02 6.26551e+03
6.25589e-02 6.41538e+03
6.75629e-02 2.77776e+03
7.25605e-02 5.83696e+03
7.75516e-02 2.67865e+03
8.25500e-02 1.38359e+03
8.75455e-02 3.11638e+03
9.25437e-02 3.25377e+03
9.75415e-02 -8.87498e+02
1.02534e-01 1.01959e+03
1.07536e-01 1.93655e+03
1.12540e-01 2.48680e+03
1.17537e-01 2.37115e+03
1.22533e-01 4.97985e+02
1.27534e-01 1.40606e+03
1.32530e-01 -3.07624e+01
1.37531e-01 2.69819e+02
1.42530e-01 1.45248e+03
1.47526e-01 1.55598e+03
1.52527e-01 -3.61659e+02
1.57528e-01 -2.21969e+02
1.62527e-01 -5.86997e+02
1.67526e-01 -1.21257e+03
1.72526e-01 5.61121e+02
1.77526e-01 1.51559e+03
1.82527e-01 8.75113e+02
1.87525e-01 -8.69210e+01
1.92520e-01 -1.70608e+02
1.97516e-01 -1.16665e+02
2.02513e-01 9.82034e+02
2.07516e-01 2.75680e+02
2.12517e-01 3.42239e+02
2.17519e-01 -1.55940e+02
2.22521e-01 -3.72146e+02
2.27519e-01 -8.15520e+01
2.32521e-01 -9.81752e+02
2.37520e-01 -5.40430e+02
2.42520e-01 -7.53964e+02
2.47519e-01 -1.74452e+03
2.52516e-01 -8.22349e+02
2.57514e-01 -9.67274e+02
2.62513e-01 -1.04544e+03
2.67513e-01 -6.83257e+02
2.72514e-01 -1.71688e+03
2.77515e-01 -7.86468e+02
2.82516e-01 1.11707e+02
2.87514e-01 -4.50048e+02
2.92512e-01 -7.27045e+02
2.97514e-01 4.42332e+02
