60 2
k power
3.78596e-03 2.12255e+04
8.05565e-03 3.60246e+04
1.28387e-02 3.57451e+04
1.77584e-02 3.42435e+04
2.26862e-02 3.47315e+04
2.76450e-02 3.45139e+04
3.26261e-02 3.05647e+04
3.76152e-02 2.68171e+04
4.26121e-02 2.43351e+04
4.75881e-02 1.71943e+04
5.25764e-02 1.91280e+04
5.75766e-02 1.67874e+04
6.25706e-02 1.71314e+04
6.75643e-02 1.43183e+04
7.25546e-02 1.37790e+04
7.75520e-02 1.27677e+04
8.25499e-02 1.04434e+04
8.75466e-02 9.95936e+03
9.25461e-02 9.21430e+03
9.75410e-02 8.35351e+03
1.02539e-01 7.50230e+03
1.07538e-01 7.44436e+03
1.12539e-01 6.60336e+03
1.17539e-01 6.06876e+03
1.22534e-01 5.05076e+03
1.27532e-01 5.20702e+03
1.32531e-01 4.63332e+03
1.37529e-01 4.70073e+03
1.42529e-01 4.17549e+03
1.47527e-01 4.22834e+03
1.52526e-01 3.42652e+03
1.57526e-01 3.82380e+03
1.62527e-01 2.93313e+03
1.67528e-01 3.12810e+03
1.72524e-01 1.75184e+03
1.77522e-01 1.96113e+03
1.82524e-01 1.98641e+03
1.87522e-01 1.85752e+03
1.92522e-01 2.77516e+03
1.97523e-01 2.17995e+03
2.02522e-01 1.51507e+03
2.07520e-01 1.47030e+03
2.12520e-01 1.11514e+03
2.17519e-01 1.24571e+03
2.22517e-01 9.31352e+02
2.27517e-01 1.19857e+03
2.32517e-01 1.56980e+03
2.37517e-01 1.07908e+03
2.42517e-01 1.10567e+03
2.47517e-01 1.08886e+03
2.52517e-01 5.31352e+02
2.57516e-01 4.31945e+02
2.62515e-01 8.49984e+02
2.67515e-01 5.62445e+02
2.72514e-01 5.45586e+02
2.77515e-01 1.04200e+03
2.82515e-01 9.04148e+02
2.87514e-01 7.26055e+02
2.92514e-01 5.25297e+02
2.97513e-01 6.02672e+02
3.78596e-03 -3.37360e+03
8.05565e-03 7.31894e+03
1.28387e-02 1.54566e+04
1.77584e-02 5.10114e+03
2.26862e-02 2.67862e+04
2.76450e-02 1.28637e+04
3.26261e-02 1.86428e+04
3.76152e-02 9.42240e+03
4.26121e-02 8.16224e+03
4.75881e-02 5.13034e+03
5.25764e-02 1.46916e+04
5.75766e-02 1.02706e+04
6.25706e-02 5.62569e+03
6.75643e-02 7.63468e+03
7.25546e-02 4.68423e+03
7.75520e-02 4.62461e+03
8.25499e-02 3.02216e+03
8.75466e-02 1.98100e+03
9.25461e-02 1.07686e+03
9.75410e-02 2.18778e+03
1.02539e-01 2.50902e+02
1.07538e-01 1.85796e+03
1.12539e-01 1.32377e+03
1.17539e-01 7.08238e+02
1.22534e-01 -1.93614e+02
1.27532e-01 -1.11710e+03
1.32531e-01 2.82192e+03
1.37529e-01 8.73582e+02
1.42529e-01 1.53623e+03
1.47527e-01 1.95606e+03
1.52526e-01 8.64467e+02
1.57526e-01 3.67429e+02
1.62527e-01 -4.36001e+02
1.67528e-01 -5.55748e+02
1.72524e-01 -8.99286e+02
1.77522e-01 2.90950e+02
1.82524e-01 1.12066e+03
1.87522e-01 2.65543e+01
1.92522e-01 5.17464e+02
1.97523e-01 -2.14174e+02
2.02522e-01 2.33462e+02
2.07520e-01 5.35539e+00
2.12520e-01 -9.66809e+02
2.17519e-01 -4.02369e+02
2.22517e-01 -5.85279e+02
2.27517e-01 1.07161e+03
2.32517e-01 2.23667e+02
2.37517e-01 8.90367e+01
2.42517e-01 -6.85570e+02
2.47517e-01 -4.12884e+01
2.52517e-01 5.29297e+02
2.57516e-01 -5.60367e+02
2.62515e-01 2.01758e+02
2.67515e-01 -1.27621e+01
2.72514e-01 -4.60962e+02
2.77515e-01 -4.59785e+01
2.82515e-01 5.40681e+02
2.87514e-01 -6.80091e+02
2.92514e-01 -1.47303e+02
2.97513e-01 -4.02472e+02
