60 2
k power
3.70814e-03 1.32607e+04
8.01858e-03 4.39310e+04
1.28441e-02 4.06616e+04
1.77514e-02 4.31595e+04
2.26910e-02 3.26442e+04
2.76613e-02 3.62211e+04
3.26316e-02 3.35648e+04
3.76089e-02 2.79722e+04
4.25899e-02 2.69348e+04
4.75838e-02 2.19284e+04
5.25894e-02 1.83633e+04
5.75770e-02 1.86555e+04
6.25679e-02 1.73451e+04
6.75637e-02 1.63128e+04
7.25587e-02 1.39786e+04
7.75534e-02 1.41199e+04
8.25494e-02 1.06632e+04
8.75470e-02 8.76085e+03
9.25421e-02 8.27630e+03
9.75420e-02 7.50534e+03
1.02542e-01 6.65492e+03
1.07541e-01 7.68091e+03
1.12539e-01 8.09227e+03
1.17536e-01 7.08524e+03
1.22536e-01 6.18327e+03
1.27533e-01 5.55205e+03
1.32529e-01 4.37499e+03
1.37528e-01 3.68943e+03
1.42529e-01 4.15098e+03
1.47530e-01 3.82942e+03
1.52529e-01 2.21153e+03
1.57528e-01 2.62138e+03
1.62527e-01 2.63519e+03
1.67527e-01 2.73591e+03
1.72526e-01 2.68886e+03
1.77523e-01 2.38691e+03
1.82522e-01 2.12223e+03
1.87521e-01 2.53391e+03
1.92521e-01 2.03289e+03
1.97520e-01 2.06635e+03
2.02519e-01 2.24059e+03
2.07520e-01 2.03845e+03
2.12519e-01 1.64673e+03
2.17519e-01 1.04021e+03
2.22518e-01 1.38021e+03
2.27517e-01 2.08070e+03
2.32518e-01 1.70970e+03
2.37519e-01 1.28091e+03
2.42519e-01 9.51219e+02
2.47519e-01 1.84727e+02
2.52518e-01 7.29523e+02
2.57516e-01 1.03673e+03
2.62515e-01 1.29332e+03
2.67514e-01 5.77883e+02
2.72514e-01 6.74688e+02
2.77515e-01 7.01727e+02
2.82515e-01 2.93906e+02
2.87515e-01 3.57797e+02
2.92514e-01 8.37234e+02
2.97513e-01 1.08781e+03
3.70814e-03 -2.39602e+04
8.01858e-03 2.24473e+03
1.28441e-02 -1.55583e+04
1.77514e-02 1.37424e+04
2.26910e-02 1.56531e+04
2.76613e-02 1.45644e+04
3.26316e-02 9.40172e+03
3.76089e-02 3.21157e+03
4.25899e-02 9.28851e+03
4.75838e-02 4.95684e+03
5.25894e-02 -1.62260e+03
5.75770e-02 -4.10426e+03
6.25679e-02 2.87676e+03
6.75637e-02 6.80285e+03
7.25587e-02 4.30005e+03
7.75534e-02 7.60396e+03
8.25494e-02 1.91519e+02
8.75470e-02 4.57102e+03
9.25421e-02 1.99044e+03
9.75420e-02 4.54901e+03
1.02542e-01 3.44858e+03
1.07541e-01 3.39494e+02
1.12539e-01 9.65415e+02
1.17536e-01 5.26293e+03
1.22536e-01 -1.07196e+03
1.27533e-01 -5.58186e+02
1.32529e-01 2.56057e+03
1.37528e-01 7.85140e+02
1.42529e-01 -3.60337e+02
1.47530e-01 -9.52137e+02
1.52529e-01 -8.17283e+02
1.57528e-01 1.36656e+03
1.62527e-01 1.86749e+03
1.67527e-01 9.98125e+02
1.72526e-01 3.86309e+02
1.77523e-01 1.57926e+03
1.82522e-01 1.27114e+03
1.87521e-01 2.21981e+03
1.92521e-01 3.21628e+02
1.97520e-01 1.75738e+03
2.02519e-01 1.79565e+03
2.07520e-01 5.96029e+02
2.12519e-01 1.53270e+03
2.17519e-01 1.12503e+03
2.22518e-01 -1.14082e+03
2.27517e-01 -6.46997e+02
2.32518e-01 1.08550e+03
2.37519e-01 2.09220e+03
2.42519e-01 3.46042e+01
2.47519e-01 3.96012e+02
2.52518e-01 1.21612e+03
2.57516e-01 -1.28812e+02
2.62515e-01 -1.70850e+01
2.67514e-01 9.78505e+02
2.72514e-01 3.03028e+02
2.77515e-01 -1.10947e+03
2.82515e-01 1.16426e+02
2.87515e-01 -3.32664e+02
2.92514e-01 -9.97780e+02
2.97513e-01 -3.60270e+02
