60 2
k power
3.75378e-03 6.83844e+04
8.05040e-03 5.54003e+04
1.28486e-02 3.53905e+04
1.77516e-02 3.05428e+04
2.26918e-02 3.75054e+04
2.76480e-02 3.05700e+04
3.26126e-02 3.19534e+04
3.76111e-02 2.63396e+04
4.26130e-02 2.39169e+04
4.76051e-02 2.01656e+04
5.25913e-02 1.99659e+04
5.75684e-02 1.84402e+04
6.25625e-02 1.24560e+04
6.75666e-02 1.39616e+04
7.25730e-02 1.61781e+04
7.75647e-02 1.40470e+04
8.25476e-02 1.14663e+04
8.75441e-02 1.18736e+04
9.25437e-02 9.58895e+03
9.75415e-02 6.99121e+03
1.02541e-01 6.53329e+03
1.07542e-01 6.60233e+03
1.12541e-01 6.47495e+03
1.17533e-01 5.73085e+03
1.22524e-01 4.35471e+03
1.27531e-01 4.84853e+03
1.32537e-01 5.81687e+03
1.37532e-01 5.09551e+03
1.42526e-01 4.73135e+03
1.47525e-01 4.14896e+03
1.52527e-01 2.77957e+03
1.57525e-01 4.17800e+03
1.62524e-01 3.56172e+03
1.67524e-01 3.04540e+03
1.72523e-01 2.48145e+03
1.77521e-01 2.94226e+03
1.82521e-01 2.76170e+03
1.87522e-01 2.12416e+03
1.92522e-01 1.03268e+03
1.97522e-01 1.27929e+03
2.02520e-01 1.59860e+03
2.07516e-01 1.33737e+03
2.12515e-01 1.79273e+03
2.17519e-01 1.58339e+03
2.22521e-01 1.52253e+03
2.27520e-01 1.66663e+03
2.32521e-01 1.01866e+03
2.37519e-01 1.25674e+03
2.42517e-01 1.11508e+03
2.47516e-01 1.61740e+03
2.52517e-01 1.42870e+03
2.57519e-01 1.07534e+03
2.62519e-01 1.06207e+03
2.67517e-01 9.82102e+02
2.72515e-01 4.64250e+02
2.77516e-01 6.79578e+02
2.82516e-01 8.91258e+02
2.87515e-01 1.03238e+03
2.92513e-01 8.84188e+02
2.97512e-01 8.62812e+02
3.75378e-03 -2.29580e+04
8.05040e-03 3.59364e+04
1.28486e-02 -1.22173e+03
1.77516e-02 -1.14242e+04
2.26918e-02 1.20540e+04
2.76480e-02 8.26982e+03
3.26126e-02 1.61809e+04
3.76111e-02 2.62455e+03
4.26130e-02 6.45383e+03
4.76051e-02 -1.49454e+02
5.25913e-02 6.28051e+03
5.75684e-02 3.98097e+03
6.25625e-02 2.03485e+03
6.75666e-02 5.16087e+03
7.25730e-02 5.81378e+03
7.75647e-02 5.26906e+03
8.25476e-02 4.82502e+03
8.75441e-02 4.79163e+03
9.25437e-02 3.13708e+03
9.75415e-02 6.91744e+02
1.02541e-01 2.75035e+03
1.07542e-01 2.30988e+03
1.12541e-01 2.08304e+03
1.17533e-01 1.39748e+03
1.22524e-01 2.52971e+03
1.27531e-01 2.58773e+03
1.32537e-01 1.13412e+03
1.37532e-01 1.73509e+03
1.42526e-01 1.63797e+03
1.47525e-01 1.07881e+03
1.52527e-01 -1.87760e+02
1.57525e-01 -1.03926e+03
1.62524e-01 4.47871e+02
1.67524e-01 5.73393e+02
1.72523e-01 1.03575e+03
1.77521e-01 -6.32441e+02
1.82521e-01 2.57890e+03
1.87522e-01 4.04736e+02
1.92522e-01 6.68664e+02
1.97522e-01 -2.95695e+02
2.02520e-01 2.60641e+02
2.07516e-01 1.65774e+02
2.12515e-01 4.16399e+02
2.17519e-01 -1.39695e+03
2.22521e-01 5.24255e+01
2.27520e-01 -1.43100e+02
2.32521e-01 1.52728e+02
2.37519e-01 1.69577e+03
2.42517e-01 -2.38298e+02
2.47516e-01 -1.00094e+03
2.52517e-01 2.91225e+01
2.57519e-01 7.59383e+02
2.62519e-01 4.65600e+02
2.67517e-01 1.48108e+02
2.72515e-01 1.91059e+02
2.77516e-01 9.03115e+02
2.82516e-01 -5.76480e+02
2.87515e-01 8.21493e+01
2.92513e-01 8.57293e+02
2.97512e-01 -7.72181e+02
