60 2
k power
3.78596e-03 1.98723e+04
8.05565e-03 4.10774e+04
1.28387e-02 4.15401e+04
1.77584e-02 4.61228e+04
2.26862e-02 3.65513e+04
2.76450e-02 2.58993e+04
3.26261e-02 2.72630e+04
3.76152e-02 2.46055e+04
4.26121e-02 2.11588e+04
4.75881e-02 1.90422e+04
5.25764e-02 1.85198e+04
5.75766e-02 1.65250e+04
6.25706e-02 1.60356e+04
6.75643e-02 1.51399e+04
7.25546e-02 1.36179e+04
7.75520e-02 1.24073e+04
8.25499e-02 1.08839e+04
8.75466e-02 1.09954e+04
9.25461e-02 8.60188e+03
9.75410e-02 9.22350e+03
1.02539e-01 6.86741e+03
1.07538e-01 6.82528e+03
1.12539e-01 7.26269e+03
1.17539e-01 6.44557e+03
1.22534e-01 5.24915e+03
1.27532e-01 5.23084e+03
1.32531e-01 4.93682e+03
1.37529e-01 4.51944e+03
1.42529e-01 4.86938e+03
1.47527e-01 3.42627e+03
1.52526e-01 3.15498e+03
1.57526e-01 3.85051e+03
1.62527e-01 2.61300e+03
1.67528e-01 2.42117e+03
1.72524e-01 2.86208e+03
1.77522e-01 1.70556e+03
1.82524e-01 1.64385e+03
1.87522e-01 1.57451e+03
1.92522e-01 1.56021e+03
1.97523e-01 1.73138e+03
2.02522e-01 2.26416e+03
2.07520e-01 2.18089e+03
2.12520e-01 2.48970e+03
2.17519e-01 1.73983e+03
2.22517e-01 1.38390e+03
2.27517e-01 1.10669e+03
2.32517e-01 1.33220e+03
2.37517e-01 1.49187e+03
2.42517e-01 1.03393e+03
2.47517e-01 7.81320e+02
2.52517e-01 5.53281e+02
2.57516e-01 9.21391e+02
2.62515e-01 8.62508e+02
2.67515e-01 6.55766e+02
2.72514e-01 4.92188e+02
2.77515e-01 4.84211e+02
2.82515e-01 3.15234e+02
2.87514e-01 9.51312e+02
2.92514e-01 8.54195e+02
2.97513e-01 4.49031e+02
3.78596e-03 6.30692e+04
8.05565e-03 2.94720e+04
1.28387e-02 3.43000e+04
1.77584e-02 1.11749e+04
2.26862e-02 1.26940e+04
2.76450e-02 1.17012e+04
3.26261e-02 1.09089e+03
3.76152e-02 1.21317e+04
4.26121e-02 4.29852e+03
4.75881e-02 4.10071e+03
5.25764e-02 5.92399e+03
5.75766e-02 5.41589e+03
6.25706e-02 8.87302e+03
6.75643e-02 8.99392e+03
7.25546e-02 7.56296e+03
7.75520e-02 8.54775e+03
8.25499e-02 7.14106e+03
8.75466e-02 3.61294e+03
9.25461e-02 1.41095e+03
9.75410e-02 2.48159e+03
1.02539e-01 1.37280e+03
1.07538e-01 1.66791e+03
1.12539e-01 1.90674e+03
1.17539e-01 2.52241e+03
1.22534e-01 4.77787e+02
1.27532e-01 3.45154e+03
1.32531e-01 8.48674e+02
1.37529e-01 1.63577e+03
1.42529e-01 2.01606e+03
1.47527e-01 8.18201e+02
1.52526e-01 -4.80488e+02
1.57526e-01 -3.67250e+02
1.62527e-01 -1.42901e+03
1.67528e-01 7.17876e+02
1.72524e-01 1.14309e+03
1.77522e-01 4.04810e+02
1.82524e-01 -2.21234e+02
1.87522e-01 -2.53031e+02
1.92522e-01 7.54768e+02
1.97523e-01 -2.64368e+01
2.02522e-01 4.91557e+02
2.07520e-01 -6.96242e+02
2.12520e-01 -2.14139e+02
2.17519e-01 1.57216e+03
2.22517e-01 1.98518e+02
2.27517e-01 3.34713e+02
2.32517e-01 5.45581e+01
2.37517e-01 -1.39884e+02
2.42517e-01 3.05312e+02
2.47517e-01 6.65688e+02
2.52517e-01 -5.23299e+02
2.57516e-01 1.12002e+02
2.62515e-01 4.64930e+02
2.67515e-01 -2.10587e+01
2.72514e-01 -9.74517e+02
2.77515e-01 -2.84198e+02
2.82515e-01 -6.85201e+02
2.87514e-01 -6.22148e+02
2.92514e-01 1.71888e+01
2.97513e-01 -8.92228e+02
