80 2
k power
3.70544e-03 7.90581e+04
8.00271e-03 4.01336e+04
1.28497e-02 4.24449e+04
1.77641e-02 3.45969e+04
2.26842e-02 3.41290e+04
2.76464e-02 2.98504e+04
3.26361e-02 2.69610e+04
3.76229e-02 2.67612e+04
4.26066e-02 2.23518e+04
4.75842e-02 1.79679e+04
5.25722e-02 2.10715e+04
5.75659e-02 1.91142e+04
6.25589e-02 1.72161e+04
6.75629e-02 1.61678e+04
7.25605e-02 1.53571e+04
7.75516e-02 1.23765e+04
8.25500e-02 1.01751e+04
8.75455e-02 8.67970e+03
9.25437e-02 8.09806e+03
9.75415e-02 6.98916e+03
1.02534e-01 6.56095e+03
1.07536e-01 6.31441e+03
1.12540e-01 5.93774e+03
1.17537e-01 5.60462e+03
1.22533e-01 4.26035e+03
1.27534e-01 5.25657e+03
1.32530e-01 5.29285e+03
1.37531e-01 4.93520e+03
1.42530e-01 4.62146e+03
1.47526e-01 3.24539e+03
1.52527e-01 2.74966e+03
1.57528e-01 3.15023e+03
1.62527e-01 2.77270e+03
1.67526e-01 3.06461e+03
1.72526e-01 2.32565e+03
1.77526e-01 2.23627e+03
1.82527e-01 2.16806e+03
1.87525e-01 1.54273e+03
1.92520e-01 1.79884e+03
1.97516e-01 1.89836e+03
2.02513e-01 2.16710e+03
2.07516e-01 1.78368e+03
2.12517e-01 1.84701e+03
2.17519e-01 1.26591e+03
2.22521e-01 1.70497e+03
2.27519e-01 1.75177e+03
2.32521e-01 1.32335e+03
2.37520e-01 1.25177e+03
2.42520e-01 1.49927e+03
2.47519e-01 8.70359e+02
2.52516e-01 8.13219e+02
2.57514e-01 8.46797e+02
2.62513e-01 7.41867e+02
2.67513e-01 5.62359e+02
2.72514e-01 7.35430e+02
2.77515e-01 5.43633e+02
2.82516e-01 4.89219e+02
2.87514e-01 5.33547e+02
2.92512e-01 2.72656e+02
2.97514e-01 4.11055e+02
3.02516e-01 4.51273e+02
3.07515e-01 4.51414e+02
3.12512e-01 3.47938e+02
3.17510e-01 6.70594e+02
3.22511e-01 4.14562e+02
3.27512e-01 5.64484e+02
3.32512e-01 6.33703e+02
3.37512e-01 2.75969e+02
3.42513e-01 4.09906e+02
3.47513e-01 5.74375e+01
3.52513e-01 1.38195e+02
3.57513e-01 3.19219e+01
3.62512e-01 1.35492e+02
3.67512e-01 2.43312e+02
3.72512e-01 2.70695e+02
3.77511e-01 2.52758e+02
3.82510e-01 2.40094e+02
3.87510e-01 4.21781e+02
3.92510e-01 1.66297e+02
3.97510e-01 2.62883e+02
3.70544e-03 6.67243e+03
8.00271e-03 2.50007e+04
1.28497e-02 1.06589e+04
1.77641e-02 5.42935e+03
2.26842e-02 1.85333e+04
2.76464e-02 2.66444e+04
3.26361e-02 2.17823e+04
3.76229e-02 1.30532e+04
4.26066e-02 1.21389e+04
4.75842e-02 9.66696e+03
5.25722e-02 1.06519e+04
5.75659e-02 2.82999e+03
6.25589e-02 1.91566e+03
6.75629e-02 4.34101e+03
7.25605e-02 3.13424e+03
7.75516e-02 2.33774e+03
8.25500e-02 2.74460e+03
8.75455e-02 3.39675e+03
9.25437e-02 3.08501e+03
9.75415e-02 1.08920e+03
1.02534e-01 -1.25570e+03
1.07536e-01 1.51080e+03
1.12540e-01 1.89826e+03
1.17537e-01 9.94793e+02
1.22533e-01 1.68835e+03
1.27534e-01 9.76071e+02
1.32530e-01 2.54614e+03
1.37531e-01 -1.15084e+03
1.42530e-01 9.76161e+01
1.47526e-01 2.67621e+03
1.52527e-01 1.93261e+03
1.57528e-01 -8.00451e+02
1.62527e-01 2.77574e+03
1.67526e-01 5.43199e+02
1.72526e-01 6.82714e+02
1.77526e-01 1.76002e+02
1.82527e-01 1.07553e+03
1.87525e-01 -1.10298e+03
1.92520e-01 -9.39732e+02
1.97516e-01 -6.04047e+02
2.02513e-01 1.32073e+03
2.07516e-01 8.60271e+02
2.12517e-01 -2.25904e+02
2.17519e-01 6.52302e+02
2.22521e-01 -9.32788e+01
2.27519e-01 -8.31448e+02
2.32521e-01 2.10753e+02
2.37520e-01 -3.16572e+01
2.42520e-01 -9.11012e+01
2.47519e-01 -2.74305e+02
2.52516e-01 4.87383e+02
2.57514e-01 2.68190e+01
2.62513e-01 -1.60868e+02
2.67513e-01 -1.74554e+02
2.72514e-01 -6.09949e+02
2.77515e-01 -4.35432e+01
2.82516e-01 -1.26342e+03
2.87514e-01 -9.21255e+02
2.92512e-01 3.50775e+02
2.97514e-01 -1.83451e+02
3.02516e-01 -3.49735e+02
3.07515e-01 -9.34543e+02
3.12512e-01 -3.13213e+02
3.17510e-01 -4.30966e+02
3.22511e-01 -8.13246e+02
3.27512e-01 -1.04388e+03
3.32512e-01 -5.95640e+02
3.37512e-01 -9.65742e+02
3.42513e-01 -1.05488e+03
3.47513e-01 2.20567e+02
3.52513e-01 -2.98675e+02
3.57513e-01 4.16814e+01
3.62512e-01 1.40081e+02
3.67512e-01 3.07750e+02
3.72512e-01 2.61582e+02
3.77511e-01 -4.20833e+02
3.82510e-01 1.70157e+02
3.87510e-01 -3.36071e+02
3.92510e-01 9.58142e+01
3.97510e-01 -3.17765e+02
