60 2
k power
3.78596e-03 -1.71318e+04
8.05565e-03 2.17960e+04
1.28387e-02 4.05887e+04
1.77584e-02 3.27357e+04
2.26862e-02 3.57455e+04
2.76450e-02 3.43994e+04
3.26261e-02 3.00570e+04
3.76152e-02 2.86314e+04
4.26121e-02 1.87383e+04
4.75881e-02 2.09048e+04
5.25764e-02 1.81491e+04
5.75766e-02 1.88664e+04
6.25706e-02 1.33062e+04
6.75643e-02 1.41726e+04
7.25546e-02 1.38758e+04
7.75520e-02 1.33611e+04
8.25499e-02 1.11022e+04
8.75466e-02 8.84319e+03
9.25461e-02 8.38409e+03
9.75410e-02 8.02698e+03
1.02539e-01 6.71662e+03
1.07538e-01 7.19487e+03
1.12539e-01 6.87821e+03
1.17539e-01 6.68075e+03
1.22534e-01 5.58841e+03
1.27532e-01 5.61541e+03
1.32531e-01 3.78900e+03
1.37529e-01 4.10709e+03
1.42529e-01 3.94242e+03
1.47527e-01 4.40273e+03
1.52526e-01 4.70864e+03
1.57526e-01 3.72173e+03
1.62527e-01 4.16022e+03
1.67528e-01 2.85313e+03
1.72524e-01 2.97302e+03
1.77522e-01 3.39654e+03
1.82524e-01 2.55437e+03
1.87522e-01 2.27739e+03
1.92522e-01 1.88878e+03
1.97523e-01 2.11715e+03
2.02522e-01 2.47442e+03
2.07520e-01 1.71971e+03
2.12520e-01 1.61358e+03
2.17519e-01 1.23966e+03
2.22517e-01 1.55220e+03
2.27517e-01 1.15740e+03
2.32517e-01 1.29964e+03
2.37517e-01 1.46237e+03
2.42517e-01 5.72617e+02
2.47517e-01 1.14987e+03
2.52517e-01 1.46877e+03
2.57516e-01 1.58235e+03
2.62515e-01 1.17115e+03
2.67515e-01 6.68711e+02
2.72514e-01 1.47399e+03
2.77515e-01 8.98461e+02
2.82515e-01 6.02562e+02
2.87514e-01 5.22000e+02
2.92514e-01 8.57203e+02
2.97513e-01 5.68367e+02
3.78596e-03 7.87327e+04
8.05565e-03 -6.42275e+03
1.28387e-02 4.47679e+04
1.77584e-02 2.00781e+04
2.26862e-02 1.99691e+04
2.76450e-02 1.07629e+04
3.26261e-02 1.19658e+04
3.76152e-02 1.19715e+04
4.26121e-02 1.21325e+04
4.75881e-02 4.39472e+03
5.25764e-02 1.71365e+03
5.75766e-02 9.61950e+03
6.25706e-02 1.06647e+04
6.75643e-02 3.15640e+03
7.25546e-02 6.35881e+03
7.75520e-02 5.47775e+03
8.25499e-02 3.79318e+03
8.75466e-02 5.93584e+03
9.25461e-02 5.62717e+03
9.75410e-02 1.68637e+03
1.02539e-01 4.73994e+03
1.07538e-01 2.77059e+03
1.12539e-01 -1.62532e+03
1.17539e-01 -1.28696e+03
1.22534e-01 -1.40440e+02
1.27532e-01 9.16521e+02
1.32531e-01 6.39665e+02
1.37529e-01 -4.63534e+02
1.42529e-01 6.07692e+02
1.47527e-01 2.02657e+03
1.52526e-01 2.54284e+02
1.57526e-01 4.98175e+02
1.62527e-01 1.58470e+02
1.67528e-01 1.12189e+03
1.72524e-01 6.50020e+02
1.77522e-01 9.59443e+02
1.82524e-01 2.92024e+02
1.87522e-01 -9.25845e+02
1.92522e-01 2.07978e+02
1.97523e-01 -8.30813e+01
2.02522e-01 -2.29125e+02
2.07520e-01 -7.97933e+02
2.12520e-01 4.80424e+02
2.17519e-01 1.61693e+02
2.22517e-01 1.12984e+02
2.27517e-01 5.47521e+02
2.32517e-01 5.40746e+02
2.37517e-01 8.78861e+01
2.42517e-01 -2.91400e+02
2.47517e-01 -5.69712e+02
2.52517e-01 4.00416e+02
2.57516e-01 4.89327e+02
2.62515e-01 -3.54125e+02
2.67515e-01 7.66508e+02
2.72514e-01 -4.66291e+02
2.77515e-01 -7.03718e+01
2.82515e-01 -4.37416e+02
2.87514e-01 -1.05482e+03
2.92514e-01 9.03763e+01
2.97513e-01 1.84032e+02
