80 2
k power
3.75378e-03 6.96547e+04
8.05040e-03 3.98599e+04
1.28486e-02 3.47058e+04
1.77516e-02 4.09881e+04
2.26918e-02 4.77616e+04
2.76480e-02 2.71493e+04
3.26126e-02 2.62812e+04
3.76111e-02 2.10200e+04
4.26130e-02 2.29813e+04
4.76051e-02 2.28074e+04
5.25913e-02 2.00550e+04
5.75684e-02 1.98780e+04
6.25625e-02 1.64082e+04
6.75666e-02 1.48838e+04
7.25730e-02 1.30687e+04
7.75647e-02 1.14364e+04
8.25476e-02 1.11549e+04
8.75441e-02 1.03648e+04
9.25437e-02 8.49000e+03
9.75415e-02 8.53205e+03
1.02541e-01 7.78349e+03
1.07542e-01 6.28818e+03
1.12541e-01 5.68566e+03
1.17533e-01 5.51334e+03
1.22524e-01 5.29347e+03
1.27531e-01 5.45498e+03
1.32537e-01 5.61491e+03
1.37532e-01 5.27857e+03
1.42526e-01 3.87804e+03
1.47525e-01 4.11597e+03
1.52527e-01 3.86266e+03
1.57525e-01 3.71443e+03
1.62524e-01 3.06568e+03
1.67524e-01 3.20220e+03
1.72523e-01 2.89751e+03
1.77521e-01 2.42281e+03
1.82521e-01 3.11868e+03
1.87522e-01 3.20586e+03
1.92522e-01 2.57256e+03
1.97522e-01 2.60561e+03
2.02520e-01 2.00520e+03
2.07516e-01 1.58280e+03
2.12515e-01 1.13826e+03
2.17519e-01 2.02496e+03
2.22521e-01 2.19509e+03
2.27520e-01 2.10998e+03
2.32521e-01 2.00091e+03
2.37519e-01 1.28957e+03
2.42517e-01 1.23729e+03
2.47516e-01 7.63430e+02
2.52517e-01 8.61273e+02
2.57519e-01 1.49200e+03
2.62519e-01 1.29874e+03
2.67517e-01 8.05062e+02
2.72515e-01 1.97289e+02
2.77516e-01 5.43328e+02
2.82516e-01 9.79234e+02
2.87515e-01 1.29250e+03
2.92513e-01 1.10758e+03
2.97512e-01 2.45188e+02
3.02513e-01 7.67859e+02
3.07511e-01 1.91844e+02
3.12511e-01 2.66305e+02
3.17513e-01 7.76766e+02
3.22513e-01 8.96680e+02
3.27512e-01 6.41531e+02
3.32509e-01 6.12445e+02
3.37510e-01 6.16094e+02
3.42513e-01 4.91367e+02
3.47514e-01 4.80125e+02
3.52514e-01 8.18984e+01
3.57512e-01 -1.19984e+02
3.62512e-01 5.75648e+02
3.67512e-01 1.62516e+02
3.72510e-01 2.37281e+02
3.77511e-01 7.21719e+01
3.82512e-01 2.84984e+02
3.87512e-01 2.32266e+02
3.92510e-01 1.48414e+02
3.97510e-01 3.06734e+02
3.75378e-03 1.41735e+05
8.05040e-03 -4.36893e+03
1.28486e-02 -1.76119e+03
1.77516e-02 1.00498e+04
2.26918e-02 2.44876e+04
2.76480e-02 1.14762e+04
3.26126e-02 1.03015e+04
3.76111e-02 8.31378e+03
4.26130e-02 2.07476e+03
4.76051e-02 1.18764e+04
5.25913e-02 1.39191e+04
5.75684e-02 9.01513e+02
6.25625e-02 5.65221e+03
6.75666e-02 7.84039e+03
7.25730e-02 3.03362e+03
7.75647e-02 5.23300e+02
8.25476e-02 5.34455e+03
8.75441e-02 1.23760e+03
9.25437e-02 4.44026e+03
9.75415e-02 3.97250e+03
1.02541e-01 1.58579e+03
1.07542e-01 9.97607e+02
1.12541e-01 1.41110e+03
1.17533e-01 -6.32930e+02
1.22524e-01 2.61030e+02
1.27531e-01 1.11851e+03
1.32537e-01 2.01127e+03
1.37532e-01 4.29927e+02
1.42526e-01 6.42062e+02
1.47525e-01 8.14909e+01
1.52527e-01 7.00000e+02
1.57525e-01 5.29459e+02
1.62524e-01 3.37380e+03
1.67524e-01 7.11424e+02
1.72523e-01 1.15649e+03
1.77521e-01 1.32257e+03
1.82521e-01 -1.25082e+03
1.87522e-01 1.20162e+02
1.92522e-01 1.56442e+03
1.97522e-01 6.15545e+02
2.02520e-01 -1.61000e+03
2.07516e-01 -1.70055e+03
2.12515e-01 -6.66082e+02
2.17519e-01 1.98259e+02
2.22521e-01 2.25333e+02
2.27520e-01 8.10863e+02
2.32521e-01 -1.46645e+02
2.37519e-01 -1.26541e+03
2.42517e-01 -6.73708e+02
2.47516e-01 -1.30789e+03
2.52517e-01 5.67017e+02
2.57519e-01 -5.13288e+02
2.62519e-01 1.04994e+03
2.67517e-01 3.31283e+01
2.72515e-01 5.26957e+01
2.77516e-01 -2.12928e+03
2.82516e-01 -1.27530e+03
2.87515e-01 1.29180e+02
2.92513e-01 1.07847e+03
2.97512e-01 8.63443e+02
3.02513e-01 1.19020e+03
3.07511e-01 4.85136e+02
3.12511e-01 -3.17769e+02
3.17513e-01 -2.43058e+02
3.22513e-01 -8.47254e+02
3.27512e-01 -6.29597e+01
3.32509e-01 3.73888e+02
3.37510e-01 1.29065e+02
3.42513e-01 6.04444e+01
3.47514e-01 -9.32246e+02
3.52514e-01 -5.83282e+02
3.57512e-01 2.30822e+02
3.62512e-01 1.39273e+03
3.67512e-01 7.85068e+02
3.72510e-01 5.30899e+02
3.77511e-01 -3.88380e+02
3.82512e-01 -4.31054e+02
3.87512e-01 -4.45726e+02
3.92510e-01 -2.72153e+02
3.97510e-01 -6.33998e+02
