80 2
k power
3.75378e-03 5.39589e+04
8.05040e-03 1.72564e+04
1.28486e-02 3.60061e+04
1.77516e-02 4.09585e+04
2.26918e-02 3.40378e+04
2.76480e-02 3.47963e+04
3.26126e-02 3.47755e+04
3.76111e-02 2.69236e+04
4.26130e-02 2.26024e+04
4.76051e-02 2.07459e+04
5.25913e-02 1.87507e+04
5.75684e-02 1.70860e+04
6.25625e-02 1.55164e+04
6.75666e-02 1.33449e+04
7.25730e-02 1.32212e+04
7.75647e-02 1.20007e+04
8.25476e-02 1.15374e+04
8.75441e-02 9.81916e+03
9.25437e-02 9.62281e+03
9.75415e-02 7.36719e+03
1.02541e-01 7.73671e+03
1.07542e-01 5.88112e+03
1.12541e-01 5.29173e+03
1.17533e-01 6.37075e+03
1.22524e-01 5.19923e+03
1.27531e-01 3.90498e+03
1.32537e-01 4.35645e+03
1.37532e-01 4.93186e+03
1.42526e-01 5.02909e+03
1.47525e-01 4.91445e+03
1.52527e-01 4.09321e+03
1.57525e-01 3.42069e+03
1.62524e-01 3.19189e+03
1.67524e-01 2.80316e+03
1.72523e-01 2.48547e+03
1.77521e-01 2.88591e+03
1.82521e-01 3.58554e+03
1.87522e-01 2.28810e+03
1.92522e-01 1.81277e+03
1.97522e-01 2.55600e+03
2.02520e-01 1.69673e+03
2.07516e-01 1.46488e+03
2.12515e-01 1.61051e+03
2.17519e-01 1.42071e+03
2.22521e-01 1.22156e+03
2.27520e-01 1.48657e+03
2.32521e-01 1.32065e+03
2.37519e-01 1.02756e+03
2.42517e-01 5.00234e+02
2.47516e-01 7.62789e+02
2.52517e-01 8.74148e+02
2.57519e-01 8.32867e+02
2.62519e-01 7.55898e+02
2.67517e-01 6.05180e+02
2.72515e-01 4.00156e+02
2.77516e-01 5.27250e+02
2.82516e-01 9.48523e+02
2.87515e-01 6.12648e+02
2.92513e-01 1.10831e+03
2.97512e-01 7.34922e+02
3.02513e-01 5.44180e+02
3.07511e-01 1.46188e+02
3.12511e-01 3.60078e+01
3.17513e-01 5.56633e+02
3.22513e-01 3.98180e+02
3.27512e-01 4.55172e+02
3.32509e-01 5.07898e+02
3.37510e-01 2.52383e+02
3.42513e-01 4.85023e+02
3.47514e-01 1.62430e+02
3.52514e-01 4.61086e+02
3.57512e-01 2.89086e+02
3.62512e-01 2.18289e+02
3.67512e-01 1.16414e+02
3.72510e-01 2.83391e+02
3.77511e-01 4.11953e+02
3.82512e-01 7.86797e+01
3.87512e-01 3.73008e+02
3.92510e-01 2.74844e+01
3.97510e-01 3.18422e+02
3.75378e-03 -8.20083e+04
8.05040e-03 9.32620e+03
1.28486e-02 2.30037e+04
1.77516e-02 2.00602e+04
2.26918e-02 3.34892e+04
2.76480e-02 1.67228e+04
3.26126e-02 1.36996e+04
3.76111e-02 6.80364e+03
4.26130e-02 3.16768e+03
4.76051e-02 5.82309e+03
5.25913e-02 6.05100e+03
5.75684e-02 9.69128e+03
6.25625e-02 1.33511e+04
6.75666e-02 1.06603e+04
7.25730e-02 5.03301e+03
7.75647e-02 5.60438e+03
8.25476e-02 6.25668e+02
8.75441e-02 3.60743e+03
9.25437e-02 1.86364e+03
9.75415e-02 -2.55203e+02
1.02541e-01 3.23018e+03
1.07542e-01 -3.30239e+02
1.12541e-01 1.01575e+03
1.17533e-01 4.36098e+03
1.22524e-01 1.48721e+03
1.27531e-01 3.18215e+02
1.32537e-01 4.60906e+03
1.37532e-01 1.02315e+03
1.42526e-01 1.78337e+03
1.47525e-01 -2.68184e+02
1.52527e-01 -5.44526e+01
1.57525e-01 5.22435e+02
1.62524e-01 1.34397e+03
1.67524e-01 1.37214e+03
1.72523e-01 7.46881e+02
1.77521e-01 4.54858e+02
1.82521e-01 -9.62770e+02
1.87522e-01 7.05073e+02
1.92522e-01 9.75028e+02
1.97522e-01 -5.50896e+02
2.02520e-01 -1.59021e+03
2.07516e-01 1.85490e+02
2.12515e-01 5.65298e+02
2.17519e-01 -3.61742e+02
2.22521e-01 1.39086e+02
2.27520e-01 -2.69886e+02
2.32521e-01 -2.80065e+02
2.37519e-01 3.46860e+02
2.42517e-01 7.01618e+02
2.47516e-01 7.08635e+02
2.52517e-01 9.76933e+02
2.57519e-01 1.14708e+02
2.62519e-01 -2.42629e+02
2.67517e-01 -9.23151e+02
2.72515e-01 9.67492e+02
2.77516e-01 1.23402e+03
2.82516e-01 -3.35960e+02
2.87515e-01 -1.20032e+02
2.92513e-01 -6.39313e+01
2.97512e-01 3.48369e+02
3.02513e-01 -1.64304e+02
3.07511e-01 9.65019e+01
3.12511e-01 -5.40798e+02
3.17513e-01 -1.45596e+02
3.22513e-01 -8.55299e+02
3.27512e-01 -6.41372e+02
3.32509e-01 -7.13207e+02
3.37510e-01 2.41118e+02
3.42513e-01 -9.40331e+01
3.47514e-01 -1.24692e+01
3.52514e-01 6.76889e+00
3.57512e-01 -1.03353e+02
3.62512e-01 -8.11774e+01
3.67512e-01 -6.95160e+02
3.72510e-01 6.34650e+02
3.77511e-01 5.66262e+02
3.82512e-01 1.53596e+02
3.87512e-01 7.23608e+02
3.92510e-01 3.08174e+02
3.97510e-01 3.07942e+02
