80 2
k power
3.75378e-03 5.49609e+04
8.05040e-03 4.85690e+04
1.28486e-02 4.78166e+04
1.77516e-02 4.28622e+04
2.26918e-02 3.33826e+04
2.76480e-02 2.70128e+04
3.26126e-02 2.75561e+04
3.76111e-02 2.39410e+04
4.26130e-02 2.62818e+04
4.76051e-02 1.87854e+04
5.25913e-02 2.13360e+04
5.75684e-02 1.57105e+04
6.25625e-02 1.38055e+04
6.75666e-02 1.49235e+04
7.25730e-02 1.41399e+04
7.75647e-02 1.29828e+04
8.25476e-02 1.12386e+04
8.75441e-02 9.63729e+03
9.25437e-02 1.00532e+04
9.75415e-02 8.93974e+03
1.02541e-01 6.67224e+03
1.07542e-01 7.31027e+03
1.12541e-01 5.14187e+03
1.17533e-01 6.26759e+03
1.22524e-01 6.52338e+03
1.27531e-01 5.17519e+03
1.32537e-01 5.54959e+03
1.37532e-01 3.64641e+03
1.42526e-01 3.53305e+03
1.47525e-01 3.74297e+03
1.52527e-01 3.86641e+03
1.57525e-01 3.40548e+03
1.62524e-01 3.09402e+03
1.67524e-01 4.00763e+03
1.72523e-01 3.52421e+03
1.77521e-01 1.89803e+03
1.82521e-01 2.27323e+03
1.87522e-01 3.11862e+03
1.92522e-01 2.78943e+03
1.97522e-01 2.86422e+03
2.02520e-01 2.60116e+03
2.07516e-01 2.64389e+03
2.12515e-01 1.72537e+03
2.17519e-01 1.63491e+03
2.22521e-01 1.59066e+03
2.27520e-01 1.56362e+03
2.32521e-01 1.22819e+03
2.37519e-01 1.35946e+03
2.42517e-01 1.63255e+03
2.47516e-01 9.72680e+02
2.52517e-01 1.10735e+03
2.57519e-01 8.51000e+02
2.62519e-01 6.65773e+02
2.67517e-01 5.25016e+02
2.72515e-01 8.20039e+02
2.77516e-01 8.47812e+02
2.82516e-01 2.18031e+02
2.87515e-01 4.37438e+02
2.92513e-01 7.30250e+02
2.97512e-01 6.57273e+02
3.02513e-01 9.59172e+02
3.07511e-01 8.34000e+02
3.12511e-01 1.07604e+03
3.17513e-01 6.51305e+02
3.22513e-01 3.10188e+02
3.27512e-01 -3.31367e+02
3.32509e-01 4.08844e+02
3.37510e-01 3.44781e+02
3.42513e-01 -9.26406e+01
3.47514e-01 4.23617e+02
3.52514e-01 2.75703e+02
3.57512e-01 6.44180e+02
3.62512e-01 1.98453e+02
3.67512e-01 1.87102e+02
3.72510e-01 5.53828e+01
3.77511e-01 -4.02578e+01
3.82512e-01 -1.03766e+02
3.87512e-01 -1.01570e+02
3.92510e-01 3.45914e+02
3.97510e-01 -2.61406e+01
3.75378e-03 -8.28300e+04
8.05040e-03 -5.14285e+04
1.28486e-02 3.62077e+04
1.77516e-02 1.09897e+04
2.26918e-02 9.94325e+02
2.76480e-02 2.46989e+04
3.26126e-02 1.43426e+04
3.76111e-02 2.25386e+03
4.26130e-02 8.18932e+03
4.76051e-02 1.00887e+04
5.25913e-02 1.12508e+04
5.75684e-02 6.67323e+03
6.25625e-02 3.48987e+03
6.75666e-02 4.61708e+03
7.25730e-02 5.39362e+03
7.75647e-02 6.23512e+02
8.25476e-02 1.72621e+03
8.75441e-02 1.43418e+03
9.25437e-02 5.87157e+03
9.75415e-02 2.35632e+03
1.02541e-01 1.45034e+03
1.07542e-01 1.82827e+03
1.12541e-01 2.95833e+03
1.17533e-01 -6.32341e+02
1.22524e-01 8.99285e+02
1.27531e-01 1.30730e+03
1.32537e-01 3.66251e+03
1.37532e-01 1.68824e+03
1.42526e-01 -1.44629e+03
1.47525e-01 5.30020e+02
1.52527e-01 1.34652e+03
1.57525e-01 -2.95563e+01
1.62524e-01 1.06963e+02
1.67524e-01 1.21296e+03
1.72523e-01 2.36571e+03
1.77521e-01 -1.20342e+03
1.82521e-01 5.49686e+02
1.87522e-01 1.02240e+03
1.92522e-01 1.30958e+03
1.97522e-01 2.78013e+02
2.02520e-01 8.28113e+02
2.07516e-01 -1.03892e+03
2.12515e-01 -1.16150e+03
2.17519e-01 -2.19717e+03
2.22521e-01 -3.34145e+02
2.27520e-01 -3.79843e+02
2.32521e-01 -4.99917e+02
2.37519e-01 6.80841e+01
2.42517e-01 4.26839e+02
2.47516e-01 4.31442e+01
2.52517e-01 7.38523e+02
2.57519e-01 5.79709e+02
2.62519e-01 -4.09723e+02
2.67517e-01 -1.90256e+02
2.72515e-01 9.19986e+02
2.77516e-01 3.37195e+02
2.82516e-01 -2.62364e+02
2.87515e-01 -1.68805e+02
2.92513e-01 -2.16679e+02
2.97512e-01 7.00095e+01
3.02513e-01 3.05595e+02
3.07511e-01 -3.17984e+02
3.12511e-01 6.37445e+02
3.17513e-01 1.72769e+02
3.22513e-01 -7.06931e+01
3.27512e-01 2.48007e+01
3.32509e-01 -1.03690e+03
3.37510e-01 -6.38007e+00
3.42513e-01 5.74333e+02
3.47514e-01 -2.30740e+02
3.52514e-01 1.07867e+02
3.57512e-01 -2.30595e+02
3.62512e-01 -1.07408e+02
3.67512e-01 -3.91179e+02
3.72510e-01 2.01139e+02
3.77511e-01 -1.98481e+02
3.82512e-01 1.22808e+02
3.87512e-01 1.24025e+02
3.92510e-01 2.29739e+00
3.97510e-01 1.12332e+02
