59 2
k power
8.00271e-03 3.83620e+04
1.28497e-02 3.93622e+04
1.77641e-02 3.52462e+04
2.26842e-02 3.21812e+04
2.76464e-02 3.55533e+04
3.26361e-02 2.84015e+04
3.76229e-02 2.36235e+04
4.26066e-02 1.99412e+04
4.75842e-02 1.99669e+04
5.25722e-02 1.72807e+04
5.75659e-02 1.67180e+04
6.25589e-02 1.64492e+04
6.75629e-02 1.57555e+04
7.25605e-02 1.33780e+04
7.75516e-02 1.23259e+04
8.25500e-02 1.12670e+04
8.75455e-02 1.12053e+04
9.25437e-02 8.04477e+03
9.75415e-02 7.47438e+03
1.02534e-01 6.73907e+03
1.07536e-01 6.78710e+03
1.12540e-01 6.29531e+03
1.17537e-01 6.02770e+03
1.22533e-01 5.33396e+03
1.27534e-01 5.52691e+03
1.32530e-01 4.82895e+03
1.37531e-01 4.44454e+03
1.42530e-01 3.42212e+03
1.47526e-01 3.45062e+03
1.52527e-01 2.34502e+03
1.57528e-01 2.82951e+03
1.62527e-01 2.89338e+03
1.67526e-01 2.75984e+03
1.72526e-01 2.15370e+03
1.77526e-01 2.04333e+03
1.82527e-01 1.68957e+03
1.87525e-01 1.60454e+03
1.92520e-01 1.83479e+03
1.97516e-01 1.88562e+03
2.02513e-01 1.41360e+03
2.07516e-01 1.73825e+03
2.12517e-01 2.00395e+03
2.17519e-01 1.31780e+03
2.22521e-01 1.09643e+03
2.27519e-01 1.49424e+03
2.32521e-01 1.23942e+03
2.37520e-01 1.14507e+03
2.42520e-01 9.53508e+02
2.47519e-01 7.46875e+02
2.52516e-01 9.39320e+02
2.57514e-01 7.54180e+02
2.62513e-01 1.10946e+03
2.67513e-01 9.24344e+02
2.72514e-01 1.32639e+03
2.77515e-01 3.87297e+02
2.82516e-01 6.28133e+02
2.87514e-01 6.35852e+02
2.92512e-01 3.90078e+02
2.97514e-01 7.39406e+02
8.00271e-03 -5.23221e+03
1.28497e-02 3.73050e+03
1.77641e-02 2.09019e+04
2.26842e-02 1.35172e+04
2.76464e-02 1.98435e+04
3.26361e-02 1.32630e+04
3.76229e-02 7.08958e+03
4.26066e-02 8.67728e+03
4.75842e-02 9.10429e+03
5.25722e-02 8.66264e+03
5.75659e-02 3.58954e+02
6.25589e-02 5.95720e+03
6.75629e-02 6.53670e+03
7.25605e-02 4.72369e+03
7.75516e-02 2.76659e+03
8.25500e-02 5.50355e+03
8.75455e-02 6.58927e+02
9.25437e-02 4.52303e+03
9.75415e-02 4.33762e+03
1.02534e-01 2.77580e+03
1.07536e-01 1.53628e+03
1.12540e-01 -9.10768e+01
1.17537e-01 1.57541e+03
1.22533e-01 2.38138e+03
1.27534e-01 2.48664e+03
1.32530e-01 2.67810e+03
1.37531e-01 2.63219e+03
1.42530e-01 2.58046e+03
1.47526e-01 1.40987e+03
1.52527e-01 1.87890e+03
1.57528e-01 1.90070e+03
1.62527e-01 1.27914e+03
1.67526e-01 7.05935e+02
1.72526e-01 5.73533e+02
1.77526e-01 2.96789e+02
1.82527e-01 3.74698e+02
1.87525e-01 4.81936e+02
1.92520e-01 8.63023e+02
1.97516e-01 -1.52687e+02
2.02513e-01 -8.24661e+02
2.07516e-01 4.33736e+02
2.12517e-01 6.92307e+02
2.17519e-01 -1.22897e+03
2.22521e-01 -5.18384e+02
2.27519e-01 -6.67484e+02
2.32521e-01 -3.12160e+02
2.37520e-01 -1.13447e+03
2.42520e-01 -2.08713e+02
2.47519e-01 2.93066e+02
2.52516e-01 -6.06194e+02
2.57514e-01 -2.10303e+02
2.62513e-01 -1.55011e+02
2.67513e-01 -7.12503e+02
2.72514e-01 -5.77717e+02
2.77515e-01 -1.50385e+03
2.82516e-01 -6.95030e+02
2.87514e-01 4.84039e+02
2.92512e-01 7.48801e+02
2.97514e-01 -5.69552e+02
