59 2
k power
8.00271e-03 2.95728e+04
1.28497e-02 4.69200e+04
1.77641e-02 3.92777e+04
2.26842e-02 4.06501e+04
2.76464e-02 3.06750e+04
3.26361e-02 2.59513e+04
3.76229e-02 2.47278e+04
4.26066e-02 2.26997e+04
4.75842e-02 1.84141e+04
5.25722e-02 1.88802e+04
5.75659e-02 1.52416e+04
6.25589e-02 1.68848e+04
6.75629e-02 1.37274e+04
7.25605e-02 1.37370e+04
7.75516e-02 1.30674e+04
8.25500e-02 1.09647e+04
8.75455e-02 9.11107e+03
9.25437e-02 7.53324e+03
9.75415e-02 6.94820e+03
1.02534e-01 7.60196e+03
1.07536e-01 5.78216e+03
1.12540e-01 6.00431e+03
1.17537e-01 5.79241e+03
1.22533e-01 6.07176e+03
1.27534e-01 5.27445e+03
1.32530e-01 4.20138e+03
1.37531e-01 5.25366e+03
1.42530e-01 3.54088e+03
1.47526e-01 4.05195e+03
1.52527e-01 3.60703e+03
1.57528e-01 2.82625e+03
1.62527e-01 3.34955e+03
1.67526e-01 3.05364e+03
1.72526e-01 2.54041e+03
1.77526e-01 2.14868e+03
1.82527e-01 2.41655e+03
1.87525e-01 2.04892e+03
1.92520e-01 2.00077e+03
1.97516e-01 2.17157e+03
2.02513e-01 1.75462e+03
2.07516e-01 1.91148e+03
2.12517e-01 1.71162e+03
2.17519e-01 1.39980e+03
2.22521e-01 1.51642e+03
2.27519e-01 1.44679e+03
2.32521e-01 1.87407e+03
2.37520e-01 1.26572e+03
2.42520e-01 1.09941e+03
2.47519e-01 1.48364e+03
2.52516e-01 1.08833e+03
2.57514e-01 5.64148e+02
2.62513e-01 6.36805e+02
2.67513e-01 3.68891e+02
2.72514e-01 5.54953e+02
2.77515e-01 4.32789e+02
2.82516e-01 3.69805e+02
2.87514e-01 4.69094e+02
2.92512e-01 7.70219e+02
2.97514e-01 8.53727e+02
8.00271e-03 -1.27087e+04
1.28497e-02 1.91389e+04
1.77641e-02 -1.40009e+03
2.26842e-02 1.21088e+04
2.76464e-02 1.63317e+04
3.26361e-02 1.49526e+04
3.76229e-02 3.20719e+03
4.26066e-02 1.48865e+04
4.75842e-02 8.38699e+03
5.25722e-02 8.73598e+03
5.75659e-02 3.35745e+03
6.25589e-02 6.90597e+03
6.75629e-02 3.25868e+03
7.25605e-02 1.67805e+03
7.75516e-02 9.23693e+02
8.25500e-02 3.94250e+03
8.75455e-02 4.59272e+03
9.25437e-02 3.61179e+03
9.75415e-02 2.56146e+03
1.02534e-01 6.12756e+02
1.07536e-01 2.04185e+03
1.12540e-01 1.41171e+03
1.17537e-01 1.84424e+03
1.22533e-01 1.33161e+03
1.27534e-01 7.61562e+02
1.32530e-01 1.81416e+03
1.37531e-01 -2.44287e+02
1.42530e-01 -6.07045e+02
1.47526e-01 1.93598e+02
1.52527e-01 -1.40363e+02
1.57528e-01 -8.78613e+01
1.62527e-01 1.58406e+03
1.67526e-01 9.96205e+02
1.72526e-01 1.15216e+03
1.77526e-01 7.71268e+02
1.82527e-01 -1.37270e+03
1.87525e-01 -7.25292e+02
1.92520e-01 -6.78870e+02
1.97516e-01 -8.62678e+02
2.02513e-01 -2.81351e+02
2.07516e-01 -7.90215e+01
2.12517e-01 8.77267e+01
2.17519e-01 1.45387e+03
2.22521e-01 1.73673e+02
2.27519e-01 -1.11890e+02
2.32521e-01 -6.21763e+02
2.37520e-01 7.20210e+01
2.42520e-01 -6.92202e+02
2.47519e-01 -2.20030e+03
2.52516e-01 -1.48796e+03
2.57514e-01 -1.33315e+03
2.62513e-01 -1.97791e+02
2.67513e-01 -1.76096e+02
2.72514e-01 -1.03556e+03
2.77515e-01 -6.90251e+02
2.82516e-01 -3.67010e+02
2.87514e-01 -8.17523e+02
2.92512e-01 9.35277e+01
2.97514e-01 -2.78989e+00
