80 2
k power
3.75378e-03 9.64571e+04
8.05040e-03 4.27400e+04
1.28486e-02 3.69103e+04
1.77516e-02 4.58754e+04
2.26918e-02 3.79873e+04
2.76480e-02 3.40989e+04
3.26126e-02 3.20917e+04
3.76111e-02 2.96844e+04
4.26130e-02 2.73442e+04
4.76051e-02 1.90698e+04
5.25913e-02 1.95073e+04
5.75684e-02 1.77556e+04
6.25625e-02 1.67950e+04
6.75666e-02 1.54308e+04
7.25730e-02 1.75955e+04
7.75647e-02 1.42993e+04
8.25476e-02 1.13443e+04
8.75441e-02 8.58603e+03
9.25437e-02 8.22454e+03
9.75415e-02 7.43437e+03
1.02541e-01 6.24116e+03
1.07542e-01 5.99528e+03
1.12541e-01 5.68857e+03
1.17533e-01 5.55661e+03
1.22524e-01 5.04175e+03
1.27531e-01 4.93139e+03
1.32537e-01 5.10675e+03
1.37532e-01 4.80495e+03
1.42526e-01 4.91069e+03
1.47525e-01 3.67333e+03
1.52527e-01 3.45841e+03
1.57525e-01 3.41634e+03
1.62524e-01 2.87059e+03
1.67524e-01 2.86501e+03
1.72523e-01 2.42512e+03
1.77521e-01 2.26112e+03
1.82521e-01 2.27576e+03
1.87522e-01 2.56341e+03
1.92522e-01 2.31530e+03
1.97522e-01 1.80938e+03
2.02520e-01 1.97961e+03
2.07516e-01 1.85107e+03
2.12515e-01 1.89160e+03
2.17519e-01 1.71980e+03
2.22521e-01 1.63134e+03
2.27520e-01 1.24798e+03
2.32521e-01 9.06062e+02
2.37519e-01 1.19330e+03
2.42517e-01 1.33025e+03
2.47516e-01 1.22461e+03
2.52517e-01 1.03173e+03
2.57519e-01 1.31552e+03
2.62519e-01 9.68625e+02
2.67517e-01 4.67312e+02
2.72515e-01 6.46961e+02
2.77516e-01 4.02062e+02
2.82516e-01 6.30445e+02
2.87515e-01 9.07844e+02
2.92513e-01 4.18227e+02
2.97512e-01 4.46203e+02
3.02513e-01 5.79898e+02
3.07511e-01 6.42891e+02
3.12511e-01 4.20906e+02
3.17513e-01 3.26312e+02
3.22513e-01 6.23984e+01
3.27512e-01 1.97547e+02
3.32509e-01 4.65180e+02
3.37510e-01 5.11750e+02
3.42513e-01 3.20695e+02
3.47514e-01 -8.16875e+01
3.52514e-01 1.66211e+02
3.57512e-01 3.04953e+02
3.62512e-01 4.43883e+02
3.67512e-01 3.36352e+02
3.72510e-01 5.45938e+02
3.77511e-01 2.10016e+02
3.82512e-01 1.65969e+02
3.87512e-01 6.07109e+01
3.92510e-01 2.65844e+02
3.97510e-01 -6.67891e+01
3.75378e-03 -3.94125e+04
8.05040e-03 -9.55994e+03
1.28486e-02 3.39970e+04
1.77516e-02 8.68458e+03
2.26918e-02 3.50999e+02
2.76480e-02 -3.86804e+03
3.26126e-02 -2.45765e+03
3.76111e-02 2.30868e+04
4.26130e-02 1.12171e+04
4.76051e-02 1.28373e+04
5.25913e-02 1.39264e+04
5.75684e-02 6.24745e+03
6.25625e-02 3.48486e+02
6.75666e-02 6.06288e+03
7.25730e-02 7.11246e+03
7.75647e-02 3.86605e+03
8.25476e-02 6.08235e+03
8.75441e-02 4.49585e+03
9.25437e-02 3.37587e+03
9.75415e-02 2.57631e+03
1.02541e-01 2.02880e+03
1.07542e-01 -2.37470e+02
1.12541e-01 7.38751e+02
1.17533e-01 -1.63408e+02
1.22524e-01 5.29235e+02
1.27531e-01 2.60664e+03
1.32537e-01 3.04160e+03
1.37532e-01 4.46079e+03
1.42526e-01 3.83875e+03
1.47525e-01 1.95214e+03
1.52527e-01 9.23637e+02
1.57525e-01 -6.49557e+01
1.62524e-01 2.94909e+01
1.67524e-01 5.33641e+02
1.72523e-01 1.29739e+03
1.77521e-01 1.53751e+03
1.82521e-01 9.53158e+02
1.87522e-01 6.65671e+02
1.92522e-01 4.33572e+02
1.97522e-01 7.22692e+02
2.02520e-01 1.65346e+03
2.07516e-01 3.12110e+02
2.12515e-01 9.65978e+02
2.17519e-01 3.18482e+02
2.22521e-01 3.80546e+02
2.27520e-01 -1.18279e+03
2.32521e-01 -6.39367e+02
2.37519e-01 -8.94558e+02
2.42517e-01 -1.35550e+02
2.47516e-01 8.35976e+02
2.52517e-01 1.16175e+03
2.57519e-01 1.27807e+02
2.62519e-01 -1.87709e+02
2.67517e-01 -7.74616e+02
2.72515e-01 -4.96607e+01
2.77516e-01 4.74824e+02
2.82516e-01 1.25048e+01
2.87515e-01 -1.85570e+02
2.92513e-01 -2.97792e+02
2.97512e-01 -1.58663e+02
3.02513e-01 5.68013e+02
3.07511e-01 6.35123e+02
3.12511e-01 5.86012e+02
3.17513e-01 -3.40125e+01
3.22513e-01 1.06120e+03
3.27512e-01 1.11342e+03
3.32509e-01 8.41050e+02
3.37510e-01 -5.48869e+02
3.42513e-01 3.49389e+02
3.47514e-01 3.92802e+02
3.52514e-01 -3.10439e+01
3.57512e-01 2.50070e+02
3.62512e-01 2.73907e+02
3.67512e-01 -1.40282e+01
3.72510e-01 8.10564e+01
3.77511e-01 3.59347e+02
3.82512e-01 7.01883e+02
3.87512e-01 1.10087e+03
3.92510e-01 -4.71315e+02
3.97510e-01 -3.86809e+02
