60 2
k power
3.70814e-03 -2.05190e+04
8.01858e-03 2.39835e+04
1.28441e-02 4.08234e+04
1.77514e-02 3.03042e+04
2.26910e-02 3.21943e+04
2.76613e-02 2.69037e+04
3.26316e-02 2.81028e+04
3.76089e-02 2.46917e+04
4.25899e-02 1.84813e+04
4.75838e-02 1.44308e+04
5.25894e-02 1.69092e+04
5.75770e-02 1.65336e+04
6.25679e-02 1.68567e+04
6.75637e-02 1.51042e+04
7.25587e-02 1.30661e+04
7.75534e-02 1.29805e+04
8.25494e-02 1.07520e+04
8.75470e-02 9.72146e+03
9.25421e-02 9.37984e+03
9.75420e-02 9.18148e+03
1.02542e-01 7.67333e+03
1.07541e-01 7.01158e+03
1.12539e-01 6.83424e+03
1.17536e-01 6.82905e+03
1.22536e-01 6.11548e+03
1.27533e-01 4.83861e+03
1.32529e-01 4.79998e+03
1.37528e-01 4.68843e+03
1.42529e-01 5.02549e+03
1.47530e-01 4.23238e+03
1.52529e-01 3.48087e+03
1.57528e-01 3.59334e+03
1.62527e-01 3.13842e+03
1.67527e-01 2.62816e+03
1.72526e-01 2.61861e+03
1.77523e-01 3.85612e+03
1.82522e-01 2.43704e+03
1.87521e-01 2.57097e+03
1.92521e-01 2.41057e+03
1.97520e-01 2.19806e+03
2.02519e-01 2.41090e+03
2.07520e-01 1.84797e+03
2.12519e-01 1.41138e+03
2.17519e-01 1.78420e+03
2.22518e-01 1.77111e+03
2.27517e-01 1.98216e+03
2.32518e-01 9.49531e+02
2.37519e-01 9.77766e+02
2.42519e-01 1.06496e+03
2.47519e-01 7.58836e+02
2.52518e-01 9.34180e+02
2.57516e-01 7.74398e+02
2.62515e-01 4.49188e+02
2.67514e-01 4.39375e+02
2.72514e-01 1.02926e+03
2.77515e-01 7.68250e+02
2.82515e-01 4.93391e+02
2.87515e-01 7.62469e+02
2.92514e-01 7.60430e+02
2.97513e-01 7.32922e+02
3.70814e-03 3.45208e+04
8.01858e-03 9.11265e+03
1.28441e-02 2.82804e+04
1.77514e-02 1.39646e+04
2.26910e-02 2.28459e+04
2.76613e-02 1.86623e+04
3.26316e-02 1.77968e+04
3.76089e-02 1.18971e+04
4.25899e-02 4.28107e+03
4.75838e-02 3.79281e+03
5.25894e-02 9.05258e+03
5.75770e-02 2.63641e+03
6.25679e-02 3.68350e+03
6.75637e-02 3.38355e+03
7.25587e-02 6.12343e+03
7.75534e-02 1.04988e+04
8.25494e-02 5.67174e+03
8.75470e-02 6.26791e+03
9.25421e-02 4.81094e+03
9.75420e-02 2.45282e+03
1.02542e-01 1.52928e+03
1.07541e-01 5.14511e+01
1.12539e-01 2.76291e+03
1.17536e-01 1.13242e+03
1.22536e-01 2.36496e+03
1.27533e-01 3.33855e+03
1.32529e-01 7.25527e+02
1.37528e-01 2.53486e+03
1.42529e-01 3.51448e+03
1.47530e-01 1.97397e+03
1.52529e-01 2.67581e+03
1.57528e-01 1.90981e+03
1.62527e-01 8.13797e+02
1.67527e-01 1.00225e+02
1.72526e-01 -6.60570e+02
1.77523e-01 -2.15174e+02
1.82522e-01 -3.72493e+02
1.87521e-01 1.46688e+03
1.92521e-01 1.08909e+02
1.97520e-01 1.23108e+02
2.02519e-01 3.29088e+02
2.07520e-01 -4.20663e+02
2.12519e-01 -1.14808e+03
2.17519e-01 7.91310e+02
2.22518e-01 2.04741e+03
2.27517e-01 6.89354e+02
2.32518e-01 6.44147e+02
2.37519e-01 4.54354e+02
2.42519e-01 -3.45565e+02
2.47519e-01 -2.09920e+02
2.52518e-01 6.81031e+01
2.57516e-01 2.75049e+02
2.62515e-01 -5.71796e+01
2.67514e-01 -2.48200e+02
2.72514e-01 3.50306e+01
2.77515e-01 3.01425e+02
2.82515e-01 -1.40917e+02
2.87515e-01 3.77094e+02
2.92514e-01 -5.53301e+00
2.97513e-01 -2.64554e+02
