60 2
k power
3.70544e-03 4.62086e+04
8.00271e-03 4.32615e+04
1.28497e-02 3.61897e+04
1.77641e-02 3.75371e+04
2.26842e-02 4.43171e+04
2.76464e-02 3.49865e+04
3.26361e-02 2.77152e+04
3.76229e-02 2.25355e+04
4.26066e-02 1.98512e+04
4.75842e-02 2.10398e+04
5.25722e-02 1.50706e+04
5.75659e-02 1.70118e+04
6.25589e-02 1.75215e+04
6.75629e-02 1.57348e+04
7.25605e-02 1.48433e+04
7.75516e-02 1.37011e+04
8.25500e-02 1.12940e+04
8.75455e-02 1.02342e+04
9.25437e-02 8.90637e+03
9.75415e-02 8.48423e+03
1.02534e-01 7.22401e+03
1.07536e-01 7.69089e+03
1.12540e-01 6.50639e+03
1.17537e-01 5.55504e+03
1.22533e-01 5.52354e+03
1.27534e-01 5.59349e+03
1.32530e-01 5.13277e+03
1.37531e-01 4.78073e+03
1.42530e-01 5.24043e+03
1.47526e-01 4.59830e+03
1.52527e-01 4.08559e+03
1.57528e-01 2.82011e+03
1.62527e-01 3.00632e+03
1.67526e-01 3.43495e+03
1.72526e-01 2.53353e+03
1.77526e-01 2.85155e+03
1.82527e-01 2.29673e+03
1.87525e-01 1.95642e+03
1.92520e-01 2.25782e+03
1.97516e-01 2.19957e+03
2.02513e-01 2.34620e+03
2.07516e-01 1.97766e+03
2.12517e-01 1.70494e+03
2.17519e-01 1.55366e+03
2.22521e-01 1.74791e+03
2.27519e-01 1.92597e+03
2.32521e-01 1.34327e+03
2.37520e-01 1.54670e+03
2.42520e-01 1.15624e+03
2.47519e-01 1.36131e+03
2.52516e-01 1.05888e+03
2.57514e-01 1.01214e+03
2.62513e-01 8.62789e+02
2.67513e-01 1.02445e+03
2.72514e-01 6.52352e+02
2.77515e-01 8.63367e+02
2.82516e-01 5.25883e+02
2.87514e-01 2.72992e+02
2.92512e-01 1.12641e+03
2.97514e-01 8.64188e+02
3.70544e-03 -1.89124e+04
8.00271e-03 3.00043e+04
1.28497e-02 2.02611e+04
1.77641e-02 2.82974e+03
2.26842e-02 1.98523e+04
2.76464e-02 1.70221e+04
3.26361e-02 9.87432e+03
3.76229e-02 1.06658e+04
4.26066e-02 6.10754e+03
4.75842e-02 7.60982e+03
5.25722e-02 5.04035e+03
5.75659e-02 1.80218e+03
6.25589e-02 3.08206e+03
6.75629e-02 2.77286e+03
7.25605e-02 6.78769e+03
7.75516e-02 8.02848e+03
8.25500e-02 -3.75458e+02
8.75455e-02 3.32798e+03
9.25437e-02 2.14066e+03
9.75415e-02 1.75326e+03
1.02534e-01 -1.35438e+02
1.07536e-01 3.56608e+02
1.12540e-01 1.84772e+03
1.17537e-01 3.13515e+03
1.22533e-01 2.32326e+02
1.27534e-01 9.36852e+02
1.32530e-01 3.69755e+02
1.37531e-01 1.08752e+03
1.42530e-01 4.77341e+02
1.47526e-01 1.46958e+03
1.52527e-01 7.37148e+02
1.57528e-01 4.81880e+02
1.62527e-01 4.49832e+02
1.67526e-01 5.77370e+02
1.72526e-01 7.10859e+02
1.77526e-01 4.29110e+02
1.82527e-01 -2.04199e+03
1.87525e-01 -2.25214e+02
1.92520e-01 3.57917e+02
1.97516e-01 7.83316e+02
2.02513e-01 5.45364e+02
2.07516e-01 5.20538e+01
2.12517e-01 8.02414e+02
2.17519e-01 -4.17462e+02
2.22521e-01 -7.06258e+02
2.27519e-01 1.87543e+01
2.32521e-01 -3.28939e+02
2.37520e-01 -7.57837e+02
2.42520e-01 -1.60867e+02
2.47519e-01 -4.80852e+02
2.52516e-01 -8.96193e+02
2.57514e-01 -4.17913e+02
2.62513e-01 -5.23303e+02
2.67513e-01 -2.06347e+02
2.72514e-01 -3.38977e+01
2.77515e-01 -2.29292e+02
2.82516e-01 -3.55937e+02
2.87514e-01 -6.13887e+02
2.92512e-01 -6.18702e+01
2.97514e-01 1.21758e+02
