80 2
k power
3.70544e-03 1.00699e+05
8.00271e-03 1.85088e+04
1.28497e-02 2.55884e+04
1.77641e-02 4.25588e+04
2.26842e-02 4.04007e+04
2.76464e-02 2.91161e+04
3.26361e-02 2.32961e+04
3.76229e-02 2.64802e+04
4.26066e-02 2.13460e+04
4.75842e-02 1.78444e+04
5.25722e-02 1.79511e+04
5.75659e-02 1.60863e+04
6.25589e-02 1.38951e+04
6.75629e-02 1.65936e+04
7.25605e-02 1.36187e+04
7.75516e-02 1.16263e+04
8.25500e-02 1.15336e+04
8.75455e-02 1.01235e+04
9.25437e-02 8.47800e+03
9.75415e-02 8.29941e+03
1.02534e-01 7.95328e+03
1.07536e-01 6.53955e+03
1.12540e-01 5.81081e+03
1.17537e-01 5.42103e+03
1.22533e-01 5.62738e+03
1.27534e-01 4.28055e+03
1.32530e-01 4.78059e+03
1.37531e-01 4.48240e+03
1.42530e-01 4.18621e+03
1.47526e-01 3.69277e+03
1.52527e-01 4.21093e+03
1.57528e-01 3.12966e+03
1.62527e-01 3.08932e+03
1.67526e-01 3.49646e+03
1.72526e-01 2.53678e+03
1.77526e-01 3.09109e+03
1.82527e-01 2.50974e+03
1.87525e-01 2.33880e+03
1.92520e-01 2.71221e+03
1.97516e-01 2.52102e+03
2.02513e-01 2.17969e+03
2.07516e-01 1.64997e+03
2.12517e-01 1.44809e+03
2.17519e-01 1.56163e+03
2.22521e-01 1.37991e+03
2.27519e-01 7.37469e+02
2.32521e-01 7.81516e+02
2.37520e-01 9.12023e+02
2.42520e-01 8.61297e+02
2.47519e-01 9.61320e+02
2.52516e-01 9.53664e+02
2.57514e-01 7.16586e+02
2.62513e-01 4.16008e+02
2.67513e-01 4.66391e+02
2.72514e-01 6.83898e+02
2.77515e-01 5.84117e+02
2.82516e-01 4.10055e+02
2.87514e-01 7.34406e+02
2.92512e-01 5.90141e+02
2.97514e-01 5.12969e+02
3.02516e-01 5.89109e+02
3.07515e-01 4.28797e+02
3.12512e-01 1.50898e+02
3.17510e-01 2.01430e+02
3.22511e-01 3.32172e+02
3.27512e-01 2.25266e+02
3.32512e-01 3.23930e+02
3.37512e-01 3.70711e+02
3.42513e-01 5.93820e+02
3.47513e-01 2.63023e+02
3.52513e-01 -3.01953e+01
3.57513e-01 -4.09688e+01
3.62512e-01 3.38742e+02
3.67512e-01 3.27117e+02
3.72512e-01 8.10391e+01
3.77511e-01 9.42578e+01
3.82510e-01 1.93336e+02
3.87510e-01 1.70680e+02
3.92510e-01 1.34430e+02
3.97510e-01 -1.40461e+02
3.70544e-03 1.99918e+05
8.00271e-03 2.78014e+04
1.28497e-02 1.04576e+04
1.77641e-02 1.98678e+03
2.26842e-02 7.62729e+03
2.76464e-02 1.89327e+04
3.26361e-02 1.58950e+04
3.76229e-02 1.55533e+04
4.26066e-02 1.07091e+04
4.75842e-02 5.20848e+03
5.25722e-02 1.05499e+04
5.75659e-02 5.98303e+03
6.25589e-02 6.25761e+03
6.75629e-02 4.68370e+03
7.25605e-02 3.03532e+03
7.75516e-02 3.12489e+03
8.25500e-02 -5.17014e+02
8.75455e-02 -1.30001e+02
9.25437e-02 8.10738e+02
9.75415e-02 2.86944e+03
1.02534e-01 2.00293e+03
1.07536e-01 2.11404e+03
1.12540e-01 2.77699e+03
1.17537e-01 2.52646e+03
1.22533e-01 1.13162e+03
1.27534e-01 9.55985e+02
1.32530e-01 -1.55823e+02
1.37531e-01 2.11549e+02
1.42530e-01 -3.98870e+02
1.47526e-01 -1.88232e+00
1.52527e-01 1.20130e+03
1.57528e-01 -9.60238e+02
1.62527e-01 -5.59563e+02
1.67526e-01 -7.13075e+02
1.72526e-01 -4.33835e+02
1.77526e-01 6.11451e+02
1.82527e-01 3.27344e+02
1.87525e-01 2.38003e+02
1.92520e-01 -6.13279e+02
1.97516e-01 -5.70058e+02
2.02513e-01 7.91120e+02
2.07516e-01 2.40492e+02
2.12517e-01 -9.54455e+01
2.17519e-01 2.19089e+02
2.22521e-01 -7.34526e+02
2.27519e-01 1.17342e+03
2.32521e-01 -2.69923e+02
2.37520e-01 4.15793e+02
2.42520e-01 2.45545e+02
2.47519e-01 1.20669e+03
2.52516e-01 -2.33324e+02
2.57514e-01 3.94364e+02
2.62513e-01 -6.58920e+02
2.67513e-01 -5.94920e+02
2.72514e-01 -2.25186e+02
2.77515e-01 -3.57420e+02
2.82516e-01 -1.75937e+02
2.87514e-01 3.67904e+01
2.92512e-01 -1.93757e+02
2.97514e-01 -5.33231e+02
3.02516e-01 1.51736e+02
3.07515e-01 3.01150e+02
3.12512e-01 -3.67860e+01
3.17510e-01 1.48688e+02
3.22511e-01 -3.30895e+02
3.27512e-01 -6.07483e+02
3.32512e-01 -7.10636e+02
3.37512e-01 -3.72297e+02
3.42513e-01 -3.51577e+02
3.47513e-01 -6.50856e+02
3.52513e-01 -7.55268e+00
3.57513e-01 4.40162e+02
3.62512e-01 2.11497e+02
3.67512e-01 -2.34133e+02
3.72512e-01 -4.23681e+02
3.77511e-01 -9.97372e+01
3.82510e-01 -5.92684e+01
3.87510e-01 -5.20296e+02
3.92510e-01 -4.19769e+02
3.97510e-01 3.72873e+02
