60 2
k power
3.70814e-03 4.18512e+04
8.01858e-03 4.40184e+04
1.28441e-02 5.97476e+04
1.77514e-02 4.96847e+04
2.26910e-02 4.44326e+04
2.76613e-02 3.04786e+04
3.26316e-02 3.24197e+04
3.76089e-02 2.70669e+04
4.25899e-02 2.45759e+04
4.75838e-02 1.96168e+04
5.25894e-02 1.67223e+04
5.75770e-02 1.51256e+04
6.25679e-02 1.58448e+04
6.75637e-02 1.36600e+04
7.25587e-02 1.35889e+04
7.75534e-02 1.23831e+04
8.25494e-02 9.63891e+03
8.75470e-02 1.16148e+04
9.25421e-02 1.06546e+04
9.75420e-02 7.43222e+03
1.02542e-01 4.90332e+03
1.07541e-01 5.62594e+03
1.12539e-01 5.93288e+03
1.17536e-01 5.78408e+03
1.22536e-01 5.40805e+03
1.27533e-01 5.16570e+03
1.32529e-01 6.76362e+03
1.37528e-01 4.47053e+03
1.42529e-01 4.61904e+03
1.47530e-01 4.27890e+03
1.52529e-01 4.07164e+03
1.57528e-01 3.24534e+03
1.62527e-01 3.60878e+03
1.67527e-01 2.28977e+03
1.72526e-01 2.59305e+03
1.77523e-01 2.83928e+03
1.82522e-01 2.89315e+03
1.87521e-01 1.99267e+03
1.92521e-01 1.59238e+03
1.97520e-01 1.93227e+03
2.02519e-01 1.76558e+03
2.07520e-01 2.13419e+03
2.12519e-01 1.83732e+03
2.17519e-01 1.79285e+03
2.22518e-01 1.48403e+03
2.27517e-01 1.25018e+03
2.32518e-01 9.04938e+02
2.37519e-01 9.76859e+02
2.42519e-01 1.05953e+03
2.47519e-01 7.23492e+02
2.52518e-01 8.59367e+02
2.57516e-01 1.46829e+03
2.62515e-01 8.65547e+02
2.67514e-01 9.10516e+02
2.72514e-01 5.92219e+02
2.77515e-01 1.13447e+03
2.82515e-01 8.99109e+02
2.87515e-01 6.00477e+02
2.92514e-01 1.15818e+03
2.97513e-01 6.84203e+02
3.70814e-03 1.43356e+04
8.01858e-03 -6.57462e+03
1.28441e-02 5.47488e+04
1.77514e-02 -1.45631e+04
2.26910e-02 -2.25798e+03
2.76613e-02 1.90194e+04
3.26316e-02 2.72074e+04
3.76089e-02 2.74111e+04
4.25899e-02 5.76607e+03
4.75838e-02 1.90504e+03
5.25894e-02 9.55562e+03
5.75770e-02 -1.63262e+02
6.25679e-02 2.85928e+03
6.75637e-02 7.30303e+03
7.25587e-02 4.87622e+03
7.75534e-02 3.71318e+03
8.25494e-02 6.44987e+03
8.75470e-02 3.73501e+03
9.25421e-02 4.71448e+03
9.75420e-02 2.55814e+03
1.02542e-01 2.12452e+03
1.07541e-01 4.63212e+03
1.12539e-01 4.40028e+03
1.17536e-01 3.61449e+03
1.22536e-01 1.34486e+03
1.27533e-01 1.21963e+03
1.32529e-01 2.10168e+03
1.37528e-01 2.58053e+02
1.42529e-01 1.50292e+03
1.47530e-01 4.60759e+03
1.52529e-01 3.78586e+02
1.57528e-01 1.80183e+03
1.62527e-01 2.39956e+03
1.67527e-01 1.75683e+03
1.72526e-01 1.13794e+03
1.77523e-01 -6.31927e+02
1.82522e-01 -9.49667e+02
1.87521e-01 -1.10983e+03
1.92521e-01 1.23972e+01
1.97520e-01 -8.43437e+02
2.02519e-01 -3.72834e+02
2.07520e-01 -3.90050e+02
2.12519e-01 -2.18292e+02
2.17519e-01 7.12549e+02
2.22518e-01 1.57530e+03
2.27517e-01 1.31058e+03
2.32518e-01 4.78804e+02
2.37519e-01 4.47074e+00
2.42519e-01 -8.12174e+02
2.47519e-01 -9.57071e+01
2.52518e-01 -4.55780e+02
2.57516e-01 9.98381e+02
2.62515e-01 1.58726e+02
2.67514e-01 5.16618e+02
2.72514e-01 4.68407e+02
2.77515e-01 -5.42424e+02
2.82515e-01 -4.80670e+02
2.87515e-01 -6.60346e+02
2.92514e-01 4.75607e+02
2.97513e-01 9.71208e+02
