59 2
k power
8.05040e-03 4.19492e+04
1.28486e-02 5.05153e+04
1.77516e-02 4.50897e+04
2.26918e-02 3.80472e+04
2.76480e-02 4.17045e+04
3.26126e-02 2.51237e+04
3.76111e-02 1.66081e+04
4.26130e-02 2.05872e+04
4.76051e-02 2.29687e+04
5.25913e-02 1.89786e+04
5.75684e-02 1.42996e+04
6.25625e-02 1.27034e+04
6.75666e-02 1.34331e+04
7.25730e-02 1.30476e+04
7.75647e-02 1.40760e+04
8.25476e-02 1.17341e+04
8.75441e-02 8.79493e+03
9.25437e-02 7.56882e+03
9.75415e-02 7.31051e+03
1.02541e-01 7.15516e+03
1.07542e-01 7.39802e+03
1.12541e-01 6.90468e+03
1.17533e-01 6.80793e+03
1.22524e-01 7.11472e+03
1.27531e-01 5.53284e+03
1.32537e-01 4.45328e+03
1.37532e-01 3.73019e+03
1.42526e-01 4.75410e+03
1.47525e-01 3.20491e+03
1.52527e-01 2.83823e+03
1.57525e-01 3.70838e+03
1.62524e-01 3.53233e+03
1.67524e-01 2.93573e+03
1.72523e-01 2.21703e+03
1.77521e-01 2.76136e+03
1.82521e-01 2.85663e+03
1.87522e-01 1.86818e+03
1.92522e-01 2.30534e+03
1.97522e-01 2.28679e+03
2.02520e-01 2.83017e+03
2.07516e-01 2.19112e+03
2.12515e-01 1.50223e+03
2.17519e-01 1.90779e+03
2.22521e-01 1.79550e+03
2.27520e-01 1.21706e+03
2.32521e-01 1.00970e+03
2.37519e-01 1.26130e+03
2.42517e-01 9.76789e+02
2.47516e-01 1.08121e+03
2.52517e-01 1.20398e+03
2.57519e-01 9.21664e+02
2.62519e-01 1.15831e+03
2.67517e-01 1.67019e+03
2.72515e-01 1.08896e+03
2.77516e-01 8.97352e+02
2.82516e-01 8.26281e+02
2.87515e-01 8.28078e+02
2.92513e-01 8.80117e+02
2.97512e-01 5.24836e+02
8.05040e-03 -1.58124e+04
1.28486e-02 4.82656e+04
1.77516e-02 -2.82897e+03
2.26918e-02 1.39466e+04
2.76480e-02 2.62433e+04
3.26126e-02 1.20565e+04
3.76111e-02 5.13595e+03
4.26130e-02 4.81625e+03
4.76051e-02 6.94036e+03
5.25913e-02 8.56130e+03
5.75684e-02 2.99981e+03
6.25625e-02 2.97949e+03
6.75666e-02 6.29352e+03
7.25730e-02 6.39865e+03
7.75647e-02 5.62101e+03
8.25476e-02 8.13010e+03
8.75441e-02 4.81500e+03
9.25437e-02 2.47368e+03
9.75415e-02 1.65394e+02
1.02541e-01 8.66057e+00
1.07542e-01 1.63753e+03
1.12541e-01 2.15592e+03
1.17533e-01 3.00023e+03
1.22524e-01 3.22149e+03
1.27531e-01 -6.73478e+02
1.32537e-01 -7.63533e+01
1.37532e-01 3.60188e+03
1.42526e-01 3.50272e+03
1.47525e-01 4.43520e+02
1.52527e-01 1.49729e+03
1.57525e-01 1.21298e+03
1.62524e-01 1.37483e+03
1.67524e-01 7.28233e+02
1.72523e-01 1.58273e+02
1.77521e-01 -1.08537e+03
1.82521e-01 -5.89194e+02
1.87522e-01 6.75918e+02
1.92522e-01 1.46655e+03
1.97522e-01 -7.96641e+02
2.02520e-01 -1.07154e+03
2.07516e-01 1.55732e+03
2.12515e-01 -3.53536e+02
2.17519e-01 1.13264e+03
2.22521e-01 1.39835e+01
2.27520e-01 1.18925e+02
2.32521e-01 2.14988e+03
2.37519e-01 1.62540e+03
2.42517e-01 -2.11489e+02
2.47516e-01 7.78056e+01
2.52517e-01 4.66987e+02
2.57519e-01 1.32927e+03
2.62519e-01 1.67870e+01
2.67517e-01 1.03466e+03
2.72515e-01 6.09138e+01
2.77516e-01 9.48805e+02
2.82516e-01 -8.62202e+01
2.87515e-01 -6.35375e+02
2.92513e-01 5.29505e+02
2.97512e-01 -2.78701e+02
