60 2
k power
3.70544e-03 3.16692e+04
8.00271e-03 3.56737e+04
1.28497e-02 3.02650e+04
1.77641e-02 3.63824e+04
2.26842e-02 3.06570e+04
2.76464e-02 3.00775e+04
3.26361e-02 3.18952e+04
3.76229e-02 2.71688e+04
4.26066e-02 2.52464e+04
4.75842e-02 1.82303e+04
5.25722e-02 1.77381e+04
5.75659e-02 1.64350e+04
6.25589e-02 1.38239e+04
6.75629e-02 1.40804e+04
7.25605e-02 1.44024e+04
7.75516e-02 1.34990e+04
8.25500e-02 1.22303e+04
8.75455e-02 1.06118e+04
9.25437e-02 8.61842e+03
9.75415e-02 7.47663e+03
1.02534e-01 8.46620e+03
1.07536e-01 7.90465e+03
1.12540e-01 6.72771e+03
1.17537e-01 6.22229e+03
1.22533e-01 5.46975e+03
1.27534e-01 4.99097e+03
1.32530e-01 5.00321e+03
1.37531e-01 4.80791e+03
1.42530e-01 3.98795e+03
1.47526e-01 4.71424e+03
1.52527e-01 3.84327e+03
1.57528e-01 2.88362e+03
1.62527e-01 2.24011e+03
1.67526e-01 2.88779e+03
1.72526e-01 2.99491e+03
1.77526e-01 2.36216e+03
1.82527e-01 2.95636e+03
1.87525e-01 2.04459e+03
1.92520e-01 1.73550e+03
1.97516e-01 1.81970e+03
2.02513e-01 2.17719e+03
2.07516e-01 1.58549e+03
2.12517e-01 2.16848e+03
2.17519e-01 1.98215e+03
2.22521e-01 1.83470e+03
2.27519e-01 1.37948e+03
2.32521e-01 1.35102e+03
2.37520e-01 1.23920e+03
2.42520e-01 1.04991e+03
2.47519e-01 1.19933e+03
2.52516e-01 1.12645e+03
2.57514e-01 8.04648e+02
2.62513e-01 7.54703e+02
2.67513e-01 7.08375e+02
2.72514e-01 1.18807e+03
2.77515e-01 7.80062e+02
2.82516e-01 8.44094e+02
2.87514e-01 8.26539e+02
2.92512e-01 1.32789e+02
2.97514e-01 4.22484e+02
3.70544e-03 -3.72256e+04
8.00271e-03 7.33248e+04
1.28497e-02 1.03566e+04
1.77641e-02 1.16755e+03
2.26842e-02 1.86747e+04
2.76464e-02 1.09184e+04
3.26361e-02 9.98343e+03
3.76229e-02 1.01443e+04
4.26066e-02 1.38336e+04
4.75842e-02 1.60294e+04
5.25722e-02 9.85261e+03
5.75659e-02 2.71409e+03
6.25589e-02 2.12883e+02
6.75629e-02 2.30946e+03
7.25605e-02 2.00100e+03
7.75516e-02 5.41304e+03
8.25500e-02 8.93258e+03
8.75455e-02 4.87695e+03
9.25437e-02 3.07159e+03
9.75415e-02 5.30203e+03
1.02534e-01 4.19604e+03
1.07536e-01 2.08451e+03
1.12540e-01 2.90766e+03
1.17537e-01 -1.01612e+03
1.22533e-01 2.33821e+02
1.27534e-01 2.51501e+03
1.32530e-01 1.56322e+03
1.37531e-01 1.02536e+03
1.42530e-01 9.05717e+02
1.47526e-01 2.37784e+02
1.52527e-01 1.55104e+02
1.57528e-01 6.77761e+02
1.62527e-01 7.10322e+02
1.67526e-01 3.56769e+02
1.72526e-01 -6.00808e+02
1.77526e-01 3.28624e+02
1.82527e-01 1.66648e+02
1.87525e-01 4.04907e+02
1.92520e-01 2.17690e+03
1.97516e-01 4.08285e+02
2.02513e-01 -1.03000e+03
2.07516e-01 2.60578e+02
2.12517e-01 2.57455e+01
2.17519e-01 -3.69431e+02
2.22521e-01 -3.26980e+01
2.27519e-01 1.84899e+02
2.32521e-01 -1.44249e+02
2.37520e-01 6.42122e+02
2.42520e-01 3.81326e+02
2.47519e-01 -2.45636e+02
2.52516e-01 -2.27800e+02
2.57514e-01 -2.49055e+02
2.62513e-01 -7.15160e+02
2.67513e-01 -1.25178e+03
2.72514e-01 -3.08462e+02
2.77515e-01 -2.51287e+02
2.82516e-01 1.72229e+02
2.87514e-01 -1.83519e+02
2.92512e-01 2.06147e+02
2.97514e-01 1.60056e+02
