60 2
k power
3.70814e-03 -3.65672e+02
8.01858e-03 4.45273e+04
1.28441e-02 3.32547e+04
1.77514e-02 2.45696e+04
2.26910e-02 2.15542e+04
2.76613e-02 2.66397e+04
3.26316e-02 2.93741e+04
3.76089e-02 2.49478e+04
4.25899e-02 1.90418e+04
4.75838e-02 1.83424e+04
5.25894e-02 1.94469e+04
5.75770e-02 1.87820e+04
6.25679e-02 1.74211e+04
6.75637e-02 1.58086e+04
7.25587e-02 1.49840e+04
7.75534e-02 1.23022e+04
8.25494e-02 1.17952e+04
8.75470e-02 1.16477e+04
9.25421e-02 9.24705e+03
9.75420e-02 8.64095e+03
1.02542e-01 7.65034e+03
1.07541e-01 5.98799e+03
1.12539e-01 6.74267e+03
1.17536e-01 6.45197e+03
1.22536e-01 5.68580e+03
1.27533e-01 6.48017e+03
1.32529e-01 5.73813e+03
1.37528e-01 5.74847e+03
1.42529e-01 5.34545e+03
1.47530e-01 4.14870e+03
1.52529e-01 5.16940e+03
1.57528e-01 3.20760e+03
1.62527e-01 4.23678e+03
1.67527e-01 3.47220e+03
1.72526e-01 2.71095e+03
1.77523e-01 3.03466e+03
1.82522e-01 3.25154e+03
1.87521e-01 3.18105e+03
1.92521e-01 2.38980e+03
1.97520e-01 1.93548e+03
2.02519e-01 2.33301e+03
2.07520e-01 2.30380e+03
2.12519e-01 1.90070e+03
2.17519e-01 1.32800e+03
2.22518e-01 1.14222e+03
2.27517e-01 1.12365e+03
2.32518e-01 1.18228e+03
2.37519e-01 1.34843e+03
2.42519e-01 9.50508e+02
2.47519e-01 6.31930e+02
2.52518e-01 4.31070e+02
2.57516e-01 7.82820e+02
2.62515e-01 8.33023e+02
2.67514e-01 1.24597e+03
2.72514e-01 1.30632e+03
2.77515e-01 7.36547e+02
2.82515e-01 8.68086e+02
2.87515e-01 5.45500e+02
2.92514e-01 3.52266e+02
2.97513e-01 1.56234e+02
3.70814e-03 -8.19222e+03
8.01858e-03 -1.79937e+04
1.28441e-02 5.76992e+03
1.77514e-02 2.51459e+04
2.26910e-02 8.01115e+03
2.76613e-02 1.99905e+04
3.26316e-02 1.01740e+04
3.76089e-02 2.05572e+04
4.25899e-02 1.02019e+04
4.75838e-02 3.95773e+03
5.25894e-02 9.81915e+03
5.75770e-02 8.24945e+03
6.25679e-02 7.63365e+03
6.75637e-02 6.88660e+03
7.25587e-02 7.08085e+03
7.75534e-02 2.74395e+02
8.25494e-02 6.51792e+03
8.75470e-02 3.05495e+03
9.25421e-02 2.32235e+03
9.75420e-02 5.38558e+03
1.02542e-01 2.73446e+03
1.07541e-01 2.52593e+03
1.12539e-01 -4.76785e+02
1.17536e-01 -1.71252e+02
1.22536e-01 4.69659e+03
1.27533e-01 3.00411e+03
1.32529e-01 1.03871e+03
1.37528e-01 3.01802e+03
1.42529e-01 3.96432e+03
1.47530e-01 3.40823e+03
1.52529e-01 1.94936e+03
1.57528e-01 1.03179e+03
1.62527e-01 7.52124e+02
1.67527e-01 3.08545e+02
1.72526e-01 1.37258e+03
1.77523e-01 2.05080e+03
1.82522e-01 1.36125e+03
1.87521e-01 1.90203e+03
1.92521e-01 -4.49696e+02
1.97520e-01 -9.06474e+02
2.02519e-01 -2.51030e+02
2.07520e-01 2.88882e+02
2.12519e-01 1.07466e+03
2.17519e-01 -1.41510e+03
2.22518e-01 -8.36165e+02
2.27517e-01 -1.11289e+03
2.32518e-01 -1.94949e+02
2.37519e-01 -3.48720e+02
2.42519e-01 -1.59154e+00
2.47519e-01 -4.32269e+02
2.52518e-01 3.75495e+02
2.57516e-01 -6.60011e+02
2.62515e-01 -1.82523e+03
2.67514e-01 -1.27418e+03
2.72514e-01 -5.70579e+02
2.77515e-01 -4.02186e+02
2.82515e-01 -9.30605e+02
2.87515e-01 1.22599e+02
2.92514e-01 3.34629e+02
2.97513e-01 7.62323e+02
