80 2
k power
3.70544e-03 6.43415e+04
8.00271e-03 3.50551e+04
1.28497e-02 3.79069e+04
1.77641e-02 3.82797e+04
2.26842e-02 3.35892e+04
2.76464e-02 3.45695e+04
3.26361e-02 2.87828e+04
3.76229e-02 2.86328e+04
4.26066e-02 2.34311e+04
4.75842e-02 2.14177e+04
5.25722e-02 1.78716e+04
5.75659e-02 1.38925e+04
6.25589e-02 1.66178e+04
6.75629e-02 1.50480e+04
7.25605e-02 1.47884e+04
7.75516e-02 1.35870e+04
8.25500e-02 1.10333e+04
8.75455e-02 9.92374e+03
9.25437e-02 8.85934e+03
9.75415e-02 7.10912e+03
1.02534e-01 7.29209e+03
1.07536e-01 7.01598e+03
1.12540e-01 5.65955e+03
1.17537e-01 5.41927e+03
1.22533e-01 5.81427e+03
1.27534e-01 5.88752e+03
1.32530e-01 5.35837e+03
1.37531e-01 4.25046e+03
1.42530e-01 4.26670e+03
1.47526e-01 3.71868e+03
1.52527e-01 3.54271e+03
1.57528e-01 2.59944e+03
1.62527e-01 3.02972e+03
1.67526e-01 3.20409e+03
1.72526e-01 1.79020e+03
1.77526e-01 2.22909e+03
1.82527e-01 2.50442e+03
1.87525e-01 2.02726e+03
1.92520e-01 1.66816e+03
1.97516e-01 1.95185e+03
2.02513e-01 1.63796e+03
2.07516e-01 1.66420e+03
2.12517e-01 1.27794e+03
2.17519e-01 1.52079e+03
2.22521e-01 9.59016e+02
2.27519e-01 1.41202e+03
2.32521e-01 1.10049e+03
2.37520e-01 1.24482e+03
2.42520e-01 1.53914e+03
2.47519e-01 1.24617e+03
2.52516e-01 1.08619e+03
2.57514e-01 1.10866e+03
2.62513e-01 6.43211e+02
2.67513e-01 1.07193e+03
2.72514e-01 9.00570e+02
2.77515e-01 7.24273e+02
2.82516e-01 6.60250e+02
2.87514e-01 4.95156e+02
2.92512e-01 6.85945e+02
2.97514e-01 5.63719e+02
3.02516e-01 2.49688e+01
3.07515e-01 1.14977e+02
3.12512e-01 -3.79141e+01
3.17510e-01 1.06242e+02
3.22511e-01 1.75430e+02
3.27512e-01 1.22898e+02
3.32512e-01 3.50156e+01
3.37512e-01 1.86141e+02
3.42513e-01 -4.21953e+01
3.47513e-01 1.14391e+02
3.52513e-01 3.80992e+02
3.57513e-01 2.51180e+02
3.62512e-01 2.48688e+02
3.67512e-01 2.37211e+02
3.72512e-01 5.71711e+02
3.77511e-01 2.34758e+02
3.82510e-01 7.63047e+01
3.87510e-01 7.61250e+01
3.92510e-01 2.58461e+02
3.97510e-01 4.54883e+02
3.70544e-03 4.06614e+04
8.00271e-03 2.74902e+04
1.28497e-02 8.70700e+03
1.77641e-02 8.61853e+03
2.26842e-02 2.58084e+04
2.76464e-02 8.86898e+03
3.26361e-02 2.14635e+04
3.76229e-02 8.27070e+03
4.26066e-02 4.63153e+03
4.75842e-02 -1.11195e+03
5.25722e-02 2.34911e+03
5.75659e-02 3.43674e+03
6.25589e-02 8.43836e+03
6.75629e-02 3.79808e+03
7.25605e-02 6.38319e+03
7.75516e-02 2.65677e+03
8.25500e-02 6.55048e+03
8.75455e-02 5.69784e+03
9.25437e-02 2.89388e+03
9.75415e-02 6.40656e+02
1.02534e-01 1.89945e+03
1.07536e-01 2.66472e+03
1.12540e-01 1.44475e+03
1.17537e-01 1.77586e+03
1.22533e-01 1.61391e+03
1.27534e-01 2.93306e+03
1.32530e-01 3.34764e+03
1.37531e-01 1.38221e+03
1.42530e-01 7.52043e+02
1.47526e-01 2.02939e+03
1.52527e-01 8.51855e+02
1.57528e-01 -1.01423e+02
1.62527e-01 2.62960e+02
1.67526e-01 -9.65017e+02
1.72526e-01 -7.63935e+02
1.77526e-01 1.26642e+03
1.82527e-01 2.91312e+02
1.87525e-01 1.13818e+03
1.92520e-01 1.15327e+03
1.97516e-01 -4.39285e+02
2.02513e-01 -7.76776e+02
2.07516e-01 -4.49496e+02
2.12517e-01 2.50025e+02
2.17519e-01 -2.32015e+03
2.22521e-01 -4.10576e+02
2.27519e-01 -5.08934e+02
2.32521e-01 -5.65271e+02
2.37520e-01 -1.32743e+03
2.42520e-01 -1.09286e+03
2.47519e-01 -8.77389e+02
2.52516e-01 1.10241e+03
2.57514e-01 -9.99856e+02
2.62513e-01 1.32805e+02
2.67513e-01 -7.67619e+02
2.72514e-01 -2.08285e+02
2.77515e-01 2.20940e+01
2.82516e-01 1.34383e+02
2.87514e-01 -9.40451e+01
2.92512e-01 3.83418e+02
2.97514e-01 -6.50641e+02
3.02516e-01 1.15593e+01
3.07515e-01 -4.62049e+02
3.12512e-01 -5.53456e+02
3.17510e-01 -1.04601e+01
3.22511e-01 -7.64938e+01
3.27512e-01 2.52034e+01
3.32512e-01 -5.18846e+01
3.37512e-01 3.14444e+02
3.42513e-01 1.16184e+02
3.47513e-01 -5.46374e+02
3.52513e-01 -1.25886e+03
3.57513e-01 -6.31929e+02
3.62512e-01 -1.01186e+03
3.67512e-01 -9.35708e+02
3.72512e-01 -4.65152e+02
3.77511e-01 2.55375e+02
3.82510e-01 3.93438e+01
3.87510e-01 7.99302e+01
3.92510e-01 -2.78314e+02
3.97510e-01 -9.27282e+01
