80 2
k power
3.70544e-03 -1.00580e+03
8.00271e-03 4.09083e+04
1.28497e-02 2.30736e+04
1.77641e-02 3.41082e+04
2.26842e-02 3.05780e+04
2.76464e-02 2.09995e+04
3.26361e-02 2.61172e+04
3.76229e-02 2.75886e+04
4.26066e-02 2.55444e+04
4.75842e-02 2.05992e+04
5.25722e-02 2.07980e+04
5.75659e-02 1.63599e+04
6.25589e-02 1.83611e+04
6.75629e-02 1.45071e+04
7.25605e-02 1.25294e+04
7.75516e-02 1.24427e+04
8.25500e-02 9.83282e+03
8.75455e-02 8.92095e+03
9.25437e-02 9.32099e+03
9.75415e-02 7.15540e+03
1.02534e-01 7.09786e+03
1.07536e-01 7.29068e+03
1.12540e-01 6.92510e+03
1.17537e-01 5.39816e+03
1.22533e-01 5.74325e+03
1.27534e-01 5.21323e+03
1.32530e-01 4.16082e+03
1.37531e-01 3.82962e+03
1.42530e-01 3.67958e+03
1.47526e-01 3.44276e+03
1.52527e-01 2.71983e+03
1.57528e-01 2.61302e+03
1.62527e-01 3.23517e+03
1.67526e-01 2.76161e+03
1.72526e-01 3.65624e+03
1.77526e-01 3.58755e+03
1.82527e-01 2.37323e+03
1.87525e-01 2.04409e+03
1.92520e-01 2.35111e+03
1.97516e-01 1.68216e+03
2.02513e-01 1.82166e+03
2.07516e-01 2.03720e+03
2.12517e-01 9.09305e+02
2.17519e-01 1.10339e+03
2.22521e-01 8.67555e+02
2.27519e-01 1.10744e+03
2.32521e-01 9.27258e+02
2.37520e-01 1.10546e+03
2.42520e-01 1.00579e+03
2.47519e-01 6.61156e+02
2.52516e-01 8.39977e+02
2.57514e-01 1.22189e+03
2.62513e-01 1.12728e+03
2.67513e-01 6.73750e+02
2.72514e-01 5.63039e+02
2.77515e-01 4.89078e+02
2.82516e-01 9.03398e+02
2.87514e-01 5.37516e+02
2.92512e-01 4.30914e+02
2.97514e-01 2.03984e+02
3.02516e-01 3.48930e+02
3.07515e-01 3.85523e+02
3.12512e-01 -2.62883e+02
3.17510e-01 -2.83281e+01
3.22511e-01 1.65031e+02
3.27512e-01 3.44469e+02
3.32512e-01 7.66000e+02
3.37512e-01 4.14062e+01
3.42513e-01 3.20125e+02
3.47513e-01 2.79375e+01
3.52513e-01 -1.39992e+02
3.57513e-01 1.33891e+02
3.62512e-01 8.82891e+01
3.67512e-01 9.81250e+01
3.72512e-01 9.65078e+01
3.77511e-01 1.17461e+02
3.82510e-01 1.96375e+02
3.87510e-01 -6.41406e+00
3.92510e-01 1.77234e+02
3.97510e-01 3.49836e+02
3.70544e-03 -3.88033e+03
8.00271e-03 -2.32848e+04
1.28497e-02 -6.32365e+03
1.77641e-02 1.01855e+04
2.26842e-02 1.90161e+04
2.76464e-02 1.17078e+04
3.26361e-02 1.18001e+04
3.76229e-02 1.38613e+04
4.26066e-02 9.60613e+03
4.75842e-02 3.56401e+03
5.25722e-02 5.38952e+03
5.75659e-02 6.01977e+03
6.25589e-02 1.06455e+04
6.75629e-02 6.12387e+03
7.25605e-02 9.58303e+03
7.75516e-02 6.85212e+03
8.25500e-02 3.96129e+03
8.75455e-02 3.03978e+03
9.25437e-02 6.88888e+02
9.75415e-02 2.38231e+03
1.02534e-01 8.41352e+02
1.07536e-01 1.68059e+03
1.12540e-01 3.63611e+03
1.17537e-01 4.01936e+02
1.22533e-01 -3.57946e+02
1.27534e-01 2.09680e+03
1.32530e-01 2.12919e+03
1.37531e-01 2.93749e+03
1.42530e-01 3.83814e+03
1.47526e-01 2.92763e+03
1.52527e-01 -6.81921e+02
1.57528e-01 9.40880e+01
1.62527e-01 9.94584e+01
1.67526e-01 -5.89911e+02
1.72526e-01 -4.37602e+02
1.77526e-01 5.06767e+02
1.82527e-01 4.29621e+02
1.87525e-01 -1.29253e+03
1.92520e-01 2.99972e+02
1.97516e-01 7.43363e+02
2.02513e-01 -2.32977e+01
2.07516e-01 9.96614e+02
2.12517e-01 3.83140e+02
2.17519e-01 3.31554e+02
2.22521e-01 4.49210e+02
2.27519e-01 1.10733e+03
2.32521e-01 -2.46907e+02
2.37520e-01 -1.16180e+02
2.42520e-01 -5.63131e+01
2.47519e-01 -1.56808e+02
2.52516e-01 -5.16510e+02
2.57514e-01 -5.08463e+02
2.62513e-01 -3.02013e+02
2.67513e-01 -4.24141e+02
2.72514e-01 -3.37888e+02
2.77515e-01 -3.89229e+02
2.82516e-01 7.53229e+02
2.87514e-01 -4.78052e+01
2.92512e-01 1.00295e+02
2.97514e-01 -8.67376e+02
3.02516e-01 9.60056e+01
3.07515e-01 -8.89094e+02
3.12512e-01 -9.73324e+02
3.17510e-01 -7.30994e+02
3.22511e-01 -1.39967e+02
3.27512e-01 1.95254e+01
3.32512e-01 -8.02815e+02
3.37512e-01 -2.61698e+02
3.42513e-01 -5.39969e+02
3.47513e-01 -3.72771e+02
3.52513e-01 -1.73263e+02
3.57513e-01 -8.34151e+01
3.62512e-01 -1.01136e+02
3.67512e-01 -8.18307e+01
3.72512e-01 4.40363e+00
3.77511e-01 -4.31036e+02
3.82510e-01 -4.54354e+02
3.87510e-01 -1.82004e+02
3.92510e-01 -2.02566e+02
3.97510e-01 -3.56649e+02
