59 2
k power
8.00271e-03 2.18432e+04
1.28497e-02 3.46621e+04
1.77641e-02 4.93093e+04
2.26842e-02 3.99704e+04
2.76464e-02 3.44079e+04
3.26361e-02 2.82599e+04
3.76229e-02 2.34381e+04
4.26066e-02 2.23302e+04
4.75842e-02 1.98870e+04
5.25722e-02 1.87023e+04
5.75659e-02 2.05292e+04
6.25589e-02 1.54527e+04
6.75629e-02 1.41117e+04
7.25605e-02 1.38416e+04
7.75516e-02 1.26861e+04
8.25500e-02 1.26231e+04
8.75455e-02 1.14367e+04
9.25437e-02 9.64648e+03
9.75415e-02 8.15249e+03
1.02534e-01 7.19284e+03
1.07536e-01 7.46223e+03
1.12540e-01 6.16810e+03
1.17537e-01 5.73602e+03
1.22533e-01 6.46601e+03
1.27534e-01 4.17533e+03
1.32530e-01 4.69366e+03
1.37531e-01 4.91278e+03
1.42530e-01 4.26003e+03
1.47526e-01 3.95767e+03
1.52527e-01 3.50234e+03
1.57528e-01 2.92868e+03
1.62527e-01 2.83448e+03
1.67526e-01 3.03824e+03
1.72526e-01 3.04049e+03
1.77526e-01 2.48159e+03
1.82527e-01 2.15058e+03
1.87525e-01 1.96049e+03
1.92520e-01 2.00325e+03
1.97516e-01 1.79513e+03
2.02513e-01 1.65170e+03
2.07516e-01 1.65878e+03
2.12517e-01 1.79620e+03
2.17519e-01 1.51723e+03
2.22521e-01 1.26952e+03
2.27519e-01 1.37770e+03
2.32521e-01 1.47391e+03
2.37520e-01 1.05801e+03
2.42520e-01 4.81219e+02
2.47519e-01 6.82078e+02
2.52516e-01 8.51312e+02
2.57514e-01 1.08026e+03
2.62513e-01 1.23366e+03
2.67513e-01 9.35031e+02
2.72514e-01 1.03818e+03
2.77515e-01 5.33195e+02
2.82516e-01 1.10316e+03
2.87514e-01 9.06695e+02
2.92512e-01 2.58508e+02
2.97514e-01 3.31078e+02
8.00271e-03 3.49707e+03
1.28497e-02 7.01606e+03
1.77641e-02 -2.63714e+03
2.26842e-02 2.51395e+04
2.76464e-02 1.34288e+04
3.26361e-02 1.28392e+04
3.76229e-02 1.99176e+03
4.26066e-02 6.50401e+03
4.75842e-02 3.93649e+03
5.25722e-02 -6.72388e+02
5.75659e-02 7.51182e+03
6.25589e-02 5.32590e+03
6.75629e-02 5.92474e+02
7.25605e-02 5.26449e+03
7.75516e-02 2.37421e+03
8.25500e-02 1.84090e+03
8.75455e-02 5.02261e+03
9.25437e-02 2.32557e+03
9.75415e-02 4.59490e+03
1.02534e-01 3.90420e+03
1.07536e-01 3.05637e+03
1.12540e-01 2.92017e+03
1.17537e-01 3.89782e+03
1.22533e-01 1.67543e+03
1.27534e-01 2.07444e+03
1.32530e-01 2.52368e+02
1.37531e-01 2.50680e+03
1.42530e-01 9.61074e+02
1.47526e-01 7.70776e+02
1.52527e-01 1.65251e+02
1.57528e-01 -5.91656e+02
1.62527e-01 1.79146e+03
1.67526e-01 -9.16030e+02
1.72526e-01 -7.13868e+02
1.77526e-01 2.57156e+02
1.82527e-01 1.43978e+03
1.87525e-01 7.39664e+02
1.92520e-01 5.23978e+02
1.97516e-01 4.63761e+02
2.02513e-01 -8.65421e+02
2.07516e-01 -1.49658e+03
2.12517e-01 -3.34229e+02
2.17519e-01 -9.06316e+02
2.22521e-01 -2.35249e+02
2.27519e-01 1.77364e+02
2.32521e-01 -3.87955e+02
2.37520e-01 6.80900e+01
2.42520e-01 -8.91882e+02
2.47519e-01 -7.43486e+02
2.52516e-01 -7.32392e+02
2.57514e-01 -6.43457e+01
2.62513e-01 -8.52718e+02
2.67513e-01 1.74838e+01
2.72514e-01 -1.66859e+01
2.77515e-01 4.34880e+02
2.82516e-01 -3.04505e+02
2.87514e-01 -5.94036e+02
2.92512e-01 -6.16689e+02
2.97514e-01 -4.12977e+02
