80 2
k power
3.75378e-03 1.77889e+04
8.05040e-03 5.36045e+04
1.28486e-02 5.27796e+04
1.77516e-02 4.02379e+04
2.26918e-02 3.99608e+04
2.76480e-02 3.33852e+04
3.26126e-02 3.22674e+04
3.76111e-02 3.03608e+04
4.26130e-02 2.43830e+04
4.76051e-02 2.03020e+04
5.25913e-02 2.29867e+04
5.75684e-02 1.62899e+04
6.25625e-02 1.50731e+04
6.75666e-02 1.41044e+04
7.25730e-02 1.28861e+04
7.75647e-02 1.27139e+04
8.25476e-02 1.11448e+04
8.75441e-02 8.02620e+03
9.25437e-02 7.61788e+03
9.75415e-02 8.20741e+03
1.02541e-01 7.42024e+03
1.07542e-01 7.89220e+03
1.12541e-01 6.17470e+03
1.17533e-01 5.44291e+03
1.22524e-01 5.48547e+03
1.27531e-01 4.93108e+03
1.32537e-01 4.97786e+03
1.37532e-01 4.46798e+03
1.42526e-01 3.78777e+03
1.47525e-01 4.97972e+03
1.52527e-01 4.27880e+03
1.57525e-01 3.96730e+03
1.62524e-01 4.12248e+03
1.67524e-01 3.37453e+03
1.72523e-01 3.29058e+03
1.77521e-01 3.33896e+03
1.82521e-01 2.15637e+03
1.87522e-01 2.58226e+03
1.92522e-01 1.84618e+03
1.97522e-01 1.93951e+03
2.02520e-01 1.58945e+03
2.07516e-01 1.43406e+03
2.12515e-01 1.75673e+03
2.17519e-01 1.66562e+03
2.22521e-01 1.51558e+03
2.27520e-01 1.81625e+03
2.32521e-01 1.45905e+03
2.37519e-01 1.54638e+03
2.42517e-01 1.65945e+03
2.47516e-01 1.03212e+03
2.52517e-01 9.64328e+02
2.57519e-01 1.20104e+03
2.62519e-01 1.49065e+03
2.67517e-01 1.35697e+03
2.72515e-01 1.14752e+03
2.77516e-01 6.96867e+02
2.82516e-01 4.17281e+02
2.87515e-01 5.59211e+02
2.92513e-01 4.75484e+02
2.97512e-01 5.93008e+02
3.02513e-01 -3.13750e+01
3.07511e-01 2.09078e+02
3.12511e-01 7.92922e+02
3.17513e-01 8.92859e+02
3.22513e-01 7.05711e+02
3.27512e-01 2.01055e+02
3.32509e-01 6.14938e+02
3.37510e-01 3.79102e+02
3.42513e-01 3.16648e+02
3.47514e-01 4.74719e+02
3.52514e-01 2.42305e+02
3.57512e-01 3.57359e+02
3.62512e-01 3.95469e+02
3.67512e-01 1.92516e+02
3.72510e-01 3.28016e+02
3.77511e-01 1.90977e+02
3.82512e-01 8.46797e+01
3.87512e-01 2.80273e+02
3.92510e-01 2.19539e+02
3.97510e-01 -1.11633e+02
3.75378e-03 3.62559e+04
8.05040e-03 -1.15627e+04
1.28486e-02 -5.81730e+02
1.77516e-02 -1.23210e+04
2.26918e-02 1.24433e+04
2.76480e-02 -1.97611e+02
3.26126e-02 2.88201e+03
3.76111e-02 -7.54447e+03
4.26130e-02 4.04152e+03
4.76051e-02 9.95515e+03
5.25913e-02 9.04040e+03
5.75684e-02 -8.31759e+02
6.25625e-02 -5.82435e+03
6.75666e-02 1.79300e+03
7.25730e-02 2.78186e+03
7.75647e-02 3.64810e+03
8.25476e-02 9.13163e+03
8.75441e-02 5.13470e+03
9.25437e-02 3.55689e+03
9.75415e-02 3.52733e+03
1.02541e-01 1.51193e+03
1.07542e-01 -1.05382e+03
1.12541e-01 2.01494e+03
1.17533e-01 -3.04180e+02
1.22524e-01 -8.80107e+01
1.27531e-01 1.08214e+02
1.32537e-01 3.53001e+03
1.37532e-01 3.27213e+03
1.42526e-01 2.20799e+03
1.47525e-01 4.42464e+03
1.52527e-01 3.29273e+03
1.57525e-01 -1.53576e+03
1.62524e-01 8.26942e+02
1.67524e-01 1.04057e+03
1.72523e-01 1.15008e+03
1.77521e-01 1.17195e+02
1.82521e-01 -5.19094e+02
1.87522e-01 -2.48150e+02
1.92522e-01 -4.32416e+02
1.97522e-01 -1.24414e+02
2.02520e-01 3.60484e+02
2.07516e-01 7.59688e+02
2.12515e-01 1.48766e+03
2.17519e-01 1.99955e+02
2.22521e-01 1.25752e+03
2.27520e-01 -1.89857e+02
2.32521e-01 -8.08932e+02
2.37519e-01 -2.82229e+02
2.42517e-01 5.47185e+01
2.47516e-01 -6.82449e+02
2.52517e-01 9.39664e+02
2.57519e-01 1.42943e+02
2.62519e-01 7.14975e+02
2.67517e-01 -1.43550e+02
2.72515e-01 -1.67931e+02
2.77516e-01 -6.47876e+02
2.82516e-01 -2.01472e+02
2.87515e-01 -7.27729e+02
2.92513e-01 -9.09180e+01
2.97512e-01 2.90757e+02
3.02513e-01 -1.95761e+02
3.07511e-01 -7.96459e+02
3.12511e-01 -1.44665e+02
3.17513e-01 -4.74641e+02
3.22513e-01 7.00699e+02
3.27512e-01 -1.14827e+02
3.32509e-01 9.55457e+02
3.37510e-01 6.38021e+01
3.42513e-01 -3.17609e+02
3.47514e-01 -2.83592e+01
3.52514e-01 2.24170e+02
3.57512e-01 -1.93389e+02
3.62512e-01 -1.62417e+02
3.67512e-01 -4.76482e+02
3.72510e-01 -5.61912e+02
3.77511e-01 -8.32117e+02
3.82512e-01 -1.88425e+02
3.87512e-01 2.89163e+02
3.92510e-01 1.85002e+02
3.97510e-01 -4.79674e+02
