80 2
k power
3.75378e-03 4.58920e+04
8.05040e-03 4.38986e+04
1.28486e-02 5.31953e+04
1.77516e-02 3.70510e+04
2.26918e-02 3.13913e+04
2.76480e-02 2.29001e+04
3.26126e-02 2.58844e+04
3.76111e-02 2.07141e+04
4.26130e-02 1.74922e+04
4.76051e-02 1.93405e+04
5.25913e-02 1.81781e+04
5.75684e-02 1.70192e+04
6.25625e-02 1.52968e+04
6.75666e-02 1.34895e+04
7.25730e-02 1.23484e+04
7.75647e-02 1.26098e+04
8.25476e-02 1.10475e+04
8.75441e-02 1.11930e+04
9.25437e-02 8.46244e+03
9.75415e-02 6.92441e+03
1.02541e-01 7.27516e+03
1.07542e-01 6.42734e+03
1.12541e-01 6.67294e+03
1.17533e-01 5.01060e+03
1.22524e-01 5.35405e+03
1.27531e-01 4.97730e+03
1.32537e-01 4.76868e+03
1.37532e-01 5.18629e+03
1.42526e-01 3.64116e+03
1.47525e-01 3.32613e+03
1.52527e-01 3.65107e+03
1.57525e-01 3.51480e+03
1.62524e-01 3.19596e+03
1.67524e-01 3.09288e+03
1.72523e-01 2.31641e+03
1.77521e-01 2.03695e+03
1.82521e-01 1.87173e+03
1.87522e-01 1.59522e+03
1.92522e-01 9.18445e+02
1.97522e-01 1.74237e+03
2.02520e-01 1.53264e+03
2.07516e-01 1.53580e+03
2.12515e-01 1.76773e+03
2.17519e-01 1.37269e+03
2.22521e-01 1.02704e+03
2.27520e-01 1.74266e+03
2.32521e-01 1.13710e+03
2.37519e-01 9.18000e+02
2.42517e-01 5.40227e+02
2.47516e-01 3.69562e+02
2.52517e-01 1.31156e+03
2.57519e-01 5.18883e+02
2.62519e-01 3.90898e+02
2.67517e-01 5.23148e+02
2.72515e-01 6.78195e+02
2.77516e-01 2.05016e+02
2.82516e-01 2.00305e+02
2.87515e-01 5.84438e+02
2.92513e-01 5.77891e+02
2.97512e-01 4.47773e+02
3.02513e-01 4.84359e+02
3.07511e-01 2.66992e+02
3.12511e-01 5.33086e+02
3.17513e-01 2.61109e+02
3.22513e-01 3.63781e+02
3.27512e-01 2.94344e+02
3.32509e-01 3.27680e+02
3.37510e-01 2.39766e+02
3.42513e-01 5.40234e+01
3.47514e-01 3.01781e+02
3.52514e-01 2.85094e+02
3.57512e-01 5.18594e+01
3.62512e-01 1.84453e+02
3.67512e-01 8.89219e+01
3.72510e-01 5.52266e+01
3.77511e-01 9.98906e+01
3.82512e-01 -1.28875e+02
3.87512e-01 -1.14766e+02
3.92510e-01 -2.65727e+02
3.97510e-01 -8.75000e+00
3.75378e-03 -9.32412e+04
8.05040e-03 -1.11345e+04
1.28486e-02 -1.76466e+04
1.77516e-02 7.99979e+03
2.26918e-02 8.02985e+03
2.76480e-02 7.24506e+03
3.26126e-02 1.42821e+04
3.76111e-02 6.19963e+03
4.26130e-02 3.33859e+02
4.76051e-02 1.12969e+04
5.25913e-02 1.18511e+04
5.75684e-02 1.18042e+04
6.25625e-02 1.18251e+04
6.75666e-02 1.80128e+03
7.25730e-02 1.02241e+03
7.75647e-02 3.46991e+03
8.25476e-02 1.35489e+03
8.75441e-02 4.32867e+03
9.25437e-02 6.94485e+03
9.75415e-02 2.37215e+03
1.02541e-01 2.60499e+03
1.07542e-01 1.89584e+03
1.12541e-01 4.39142e+03
1.17533e-01 3.20570e+03
1.22524e-01 -1.55131e+03
1.27531e-01 6.36648e+02
1.32537e-01 3.80488e+03
1.37532e-01 3.97663e+03
1.42526e-01 1.01458e+03
1.47525e-01 2.12463e+02
1.52527e-01 1.69841e+03
1.57525e-01 1.52124e+03
1.62524e-01 -1.78965e+01
1.67524e-01 1.13075e+03
1.72523e-01 1.57693e+03
1.77521e-01 -4.31820e+02
1.82521e-01 -4.11059e+02
1.87522e-01 1.10244e+03
1.92522e-01 -1.68153e+03
1.97522e-01 -1.16549e+03
2.02520e-01 5.29030e+02
2.07516e-01 3.06691e+02
2.12515e-01 2.15533e+02
2.17519e-01 -8.63263e+02
2.22521e-01 -9.34854e+01
2.27520e-01 -1.70759e+03
2.32521e-01 -6.73680e+02
2.37519e-01 7.44544e+02
2.42517e-01 -1.19984e+02
2.47516e-01 3.58309e+02
2.52517e-01 7.68162e+02
2.57519e-01 9.13227e+02
2.62519e-01 -1.41346e+02
2.67517e-01 -1.91342e+03
2.72515e-01 -5.95046e+02
2.77516e-01 -8.18986e+02
2.82516e-01 -3.35846e+01
2.87515e-01 -4.85919e+01
2.92513e-01 -2.34705e+02
2.97512e-01 6.28029e+02
3.02513e-01 9.94196e+02
3.07511e-01 1.03178e+02
3.12511e-01 3.99642e+02
3.17513e-01 4.85977e+02
3.22513e-01 -3.45952e+02
3.27512e-01 -4.99556e+02
3.32509e-01 -3.24539e+02
3.37510e-01 -6.56375e+02
3.42513e-01 9.94580e+01
3.47514e-01 4.40564e+02
3.52514e-01 3.06448e+01
3.57512e-01 3.05180e+02
3.62512e-01 -1.55831e+02
3.67512e-01 1.94519e+01
3.72510e-01 3.38839e+01
3.77511e-01 3.17023e-01
3.82512e-01 1.36870e+02
3.87512e-01 1.00660e+03
3.92510e-01 -1.78365e+02
3.97510e-01 -4.67228e+02
