80 2
k power
3.75378e-03 4.01189e+04
8.05040e-03 3.56421e+04
1.28486e-02 3.32284e+04
1.77516e-02 4.25695e+04
2.26918e-02 3.91088e+04
2.76480e-02 3.85318e+04
3.26126e-02 3.42644e+04
3.76111e-02 2.76056e+04
4.26130e-02 2.18133e+04
4.76051e-02 2.00933e+04
5.25913e-02 1.89938e+04
5.75684e-02 1.42738e+04
6.25625e-02 1.46496e+04
6.75666e-02 1.54991e+04
7.25730e-02 1.26454e+04
7.75647e-02 1.23824e+04
8.25476e-02 1.15316e+04
8.75441e-02 1.06902e+04
9.25437e-02 9.45158e+03
9.75415e-02 8.08488e+03
1.02541e-01 7.93493e+03
1.07542e-01 6.78895e+03
1.12541e-01 7.81522e+03
1.17533e-01 6.34455e+03
1.22524e-01 6.88945e+03
1.27531e-01 5.62505e+03
1.32537e-01 5.26709e+03
1.37532e-01 5.03041e+03
1.42526e-01 5.38455e+03
1.47525e-01 4.00162e+03
1.52527e-01 3.36785e+03
1.57525e-01 3.42895e+03
1.62524e-01 3.07052e+03
1.67524e-01 2.20121e+03
1.72523e-01 2.86688e+03
1.77521e-01 2.39675e+03
1.82521e-01 1.46273e+03
1.87522e-01 2.43928e+03
1.92522e-01 1.75145e+03
1.97522e-01 1.20365e+03
2.02520e-01 1.92777e+03
2.07516e-01 2.21995e+03
2.12515e-01 2.28379e+03
2.17519e-01 1.73721e+03
2.22521e-01 1.84636e+03
2.27520e-01 1.26321e+03
2.32521e-01 1.03494e+03
2.37519e-01 1.32941e+03
2.42517e-01 1.43064e+03
2.47516e-01 1.23285e+03
2.52517e-01 7.62086e+02
2.57519e-01 8.80961e+02
2.62519e-01 6.44859e+02
2.67517e-01 7.76078e+02
2.72515e-01 9.86656e+02
2.77516e-01 1.02785e+03
2.82516e-01 8.46031e+02
2.87515e-01 2.56398e+02
2.92513e-01 6.90445e+02
2.97512e-01 5.62672e+02
3.02513e-01 7.42445e+02
3.07511e-01 4.07891e+02
3.12511e-01 4.86875e+01
3.17513e-01 6.39398e+02
3.22513e-01 5.60820e+02
3.27512e-01 5.59922e+02
3.32509e-01 4.11859e+02
3.37510e-01 2.72859e+02
3.42513e-01 3.50609e+02
3.47514e-01 1.42031e+01
3.52514e-01 2.53477e+02
3.57512e-01 1.90961e+02
3.62512e-01 3.50133e+02
3.67512e-01 5.31328e+01
3.72510e-01 1.23680e+02
3.77511e-01 1.41727e+02
3.82512e-01 -6.80469e+01
3.87512e-01 -9.13594e+01
3.92510e-01 1.21211e+02
3.97510e-01 4.50859e+01
3.75378e-03 -7.51217e+04
8.05040e-03 -8.14552e+03
1.28486e-02 7.22379e+03
1.77516e-02 1.63366e+04
2.26918e-02 3.00336e+04
2.76480e-02 2.18572e+04
3.26126e-02 8.03904e+03
3.76111e-02 5.07745e+03
4.26130e-02 1.59458e+04
4.76051e-02 1.62549e+04
5.25913e-02 1.55772e+04
5.75684e-02 5.52237e+03
6.25625e-02 6.79213e+03
6.75666e-02 6.73901e+03
7.25730e-02 9.19356e+03
7.75647e-02 6.43381e+03
8.25476e-02 3.57413e+03
8.75441e-02 4.92224e+03
9.25437e-02 6.04515e+03
9.75415e-02 7.59362e+02
1.02541e-01 1.70991e+03
1.07542e-01 1.54110e+03
1.12541e-01 3.15243e+03
1.17533e-01 5.03682e+03
1.22524e-01 1.26634e+03
1.27531e-01 3.10799e+03
1.32537e-01 3.42959e+03
1.37532e-01 1.81115e+03
1.42526e-01 -3.76150e+01
1.47525e-01 5.16620e+02
1.52527e-01 2.82751e+02
1.57525e-01 -1.65330e+03
1.62524e-01 -1.06725e+02
1.67524e-01 3.82808e+02
1.72523e-01 1.70259e+02
1.77521e-01 5.36244e+02
1.82521e-01 9.78650e+02
1.87522e-01 1.93487e+03
1.92522e-01 1.38726e+03
1.97522e-01 -7.80329e+02
2.02520e-01 1.16033e+03
2.07516e-01 6.89172e+02
2.12515e-01 7.87039e+02
2.17519e-01 3.85035e+02
2.22521e-01 4.10385e+02
2.27520e-01 -1.15059e+03
2.32521e-01 -3.97972e+02
2.37519e-01 2.14403e+02
2.42517e-01 7.53956e+02
2.47516e-01 1.81104e+01
2.52517e-01 -4.35825e+01
2.57519e-01 2.34619e+01
2.62519e-01 -9.03915e+02
2.67517e-01 1.08567e+02
2.72515e-01 -3.49400e+02
2.77516e-01 -1.85344e+01
2.82516e-01 -1.25097e+03
2.87515e-01 -1.05813e+02
2.92513e-01 8.20186e+02
2.97512e-01 -9.40125e+01
3.02513e-01 1.65951e+02
3.07511e-01 2.32380e+02
3.12511e-01 -4.71472e+02
3.17513e-01 -5.94734e+02
3.22513e-01 -2.51762e+02
3.27512e-01 7.86145e+02
3.32509e-01 -2.15609e+02
3.37510e-01 -8.14289e+02
3.42513e-01 -4.36784e+02
3.47514e-01 -4.31443e+02
3.52514e-01 -2.87414e+02
3.57512e-01 -6.05730e+02
3.62512e-01 6.12952e+02
3.67512e-01 2.85480e+02
3.72510e-01 1.57460e+02
3.77511e-01 6.05165e+02
3.82512e-01 -5.19663e+02
3.87512e-01 4.30485e+02
3.92510e-01 -1.66869e+02
3.97510e-01 -3.84610e+02
