80 2
k power
3.75378e-03 4.78680e+04
8.05040e-03 4.06561e+04
1.28486e-02 4.32717e+04
1.77516e-02 3.63622e+04
2.26918e-02 3.53347e+04
2.76480e-02 2.83969e+04
3.26126e-02 2.81247e+04
3.76111e-02 2.30154e+04
4.26130e-02 2.01981e+04
4.76051e-02 1.67684e+04
5.25913e-02 1.88801e+04
5.75684e-02 1.60855e+04
6.25625e-02 1.56020e+04
6.75666e-02 1.40280e+04
7.25730e-02 1.30450e+04
7.75647e-02 1.21044e+04
8.25476e-02 1.13372e+04
8.75441e-02 8.88184e+03
9.25437e-02 9.50025e+03
9.75415e-02 8.84937e+03
1.02541e-01 8.12752e+03
1.07542e-01 7.72280e+03
1.12541e-01 6.05898e+03
1.17533e-01 5.28809e+03
1.22524e-01 4.91034e+03
1.27531e-01 4.12060e+03
1.32537e-01 4.21389e+03
1.37532e-01 4.83991e+03
1.42526e-01 4.42138e+03
1.47525e-01 4.07302e+03
1.52527e-01 3.21994e+03
1.57525e-01 2.95753e+03
1.62524e-01 3.59877e+03
1.67524e-01 2.65157e+03
1.72523e-01 2.63420e+03
1.77521e-01 2.45244e+03
1.82521e-01 2.01659e+03
1.87522e-01 1.97298e+03
1.92522e-01 1.85554e+03
1.97522e-01 1.72383e+03
2.02520e-01 1.79215e+03
2.07516e-01 2.03019e+03
2.12515e-01 1.81250e+03
2.17519e-01 7.72172e+02
2.22521e-01 1.10855e+03
2.27520e-01 1.63959e+03
2.32521e-01 1.28970e+03
2.37519e-01 1.18300e+03
2.42517e-01 8.35344e+02
2.47516e-01 8.07859e+02
2.52517e-01 9.86500e+02
2.57519e-01 1.03234e+03
2.62519e-01 5.77094e+02
2.67517e-01 7.89938e+02
2.72515e-01 7.88969e+02
2.77516e-01 9.20273e+02
2.82516e-01 3.60648e+02
2.87515e-01 6.95203e+02
2.92513e-01 3.53156e+02
2.97512e-01 2.35875e+02
3.02513e-01 3.87211e+02
3.07511e-01 4.59172e+02
3.12511e-01 3.39836e+02
3.17513e-01 4.88695e+02
3.22513e-01 1.55031e+02
3.27512e-01 3.61953e+01
3.32509e-01 3.52039e+02
3.37510e-01 2.69398e+02
3.42513e-01 4.22875e+02
3.47514e-01 5.55562e+02
3.52514e-01 2.57719e+02
3.57512e-01 2.30109e+02
3.62512e-01 1.05672e+02
3.67512e-01 2.47023e+02
3.72510e-01 9.38672e+01
3.77511e-01 -1.19375e+01
3.82512e-01 1.01125e+02
3.87512e-01 3.69734e+02
3.92510e-01 2.14297e+02
3.97510e-01 1.94094e+02
3.75378e-03 -4.34436e+04
8.05040e-03 2.24749e+04
1.28486e-02 1.77202e+04
1.77516e-02 1.29982e+04
2.26918e-02 2.82739e+04
2.76480e-02 1.26718e+04
3.26126e-02 1.78603e+04
3.76111e-02 1.30253e+04
4.26130e-02 5.28064e+03
4.76051e-02 1.11499e+04
5.25913e-02 1.09758e+04
5.75684e-02 9.84222e+03
6.25625e-02 6.73666e+03
6.75666e-02 1.15814e+04
7.25730e-02 7.42737e+03
7.75647e-02 4.69985e+03
8.25476e-02 2.46717e+03
8.75441e-02 2.83816e+03
9.25437e-02 6.35026e+03
9.75415e-02 4.78634e+03
1.02541e-01 1.79086e+03
1.07542e-01 3.01551e+03
1.12541e-01 2.36753e+03
1.17533e-01 -9.49875e+02
1.22524e-01 -3.96101e+02
1.27531e-01 9.96389e+02
1.32537e-01 1.52314e+03
1.37532e-01 7.80351e+02
1.42526e-01 1.22916e+03
1.47525e-01 2.93410e+03
1.52527e-01 -9.59476e+02
1.57525e-01 -1.81340e+02
1.62524e-01 2.17119e+02
1.67524e-01 1.05598e+03
1.72523e-01 -5.45456e+01
1.77521e-01 7.63490e+02
1.82521e-01 -1.80861e+02
1.87522e-01 1.83946e+02
1.92522e-01 1.00423e+03
1.97522e-01 1.26112e+03
2.02520e-01 3.22189e+02
2.07516e-01 1.44717e+03
2.12515e-01 8.02463e+02
2.17519e-01 -3.86256e+02
2.22521e-01 4.90435e+02
2.27520e-01 1.60087e+02
2.32521e-01 1.53639e+03
2.37519e-01 1.01621e+03
2.42517e-01 -3.92439e+02
2.47516e-01 -4.63958e+02
2.52517e-01 4.78220e+01
2.57519e-01 -2.07207e+02
2.62519e-01 -6.81741e+02
2.67517e-01 -2.53804e+02
2.72515e-01 -4.43346e+00
2.77516e-01 -6.67614e+02
2.82516e-01 5.70483e+02
2.87515e-01 5.81529e+02
2.92513e-01 -3.89214e+02
2.97512e-01 -2.54676e+02
3.02513e-01 5.80673e+02
3.07511e-01 4.74044e+02
3.12511e-01 3.06056e+02
3.17513e-01 -2.49025e+02
3.22513e-01 -5.63972e+02
3.27512e-01 -4.32731e+02
3.32509e-01 -3.39480e+02
3.37510e-01 -4.46670e+02
3.42513e-01 -9.60842e+01
3.47514e-01 2.34424e+01
3.52514e-01 -5.99679e+01
3.57512e-01 8.48516e+01
3.62512e-01 -4.46645e+02
3.67512e-01 -2.16614e+02
3.72510e-01 3.45485e+01
3.77511e-01 -4.75218e+01
3.82512e-01 -9.84215e+02
3.87512e-01 3.24844e+02
3.92510e-01 -5.37805e+02
3.97510e-01 -2.91486e+02
