59 2
k power
8.05040e-03 3.44754e+04
1.28486e-02 4.03623e+04
1.77516e-02 4.25334e+04
2.26918e-02 3.61236e+04
2.76480e-02 3.70180e+04
3.26126e-02 3.03638e+04
3.76111e-02 2.44604e+04
4.26130e-02 2.29092e+04
4.76051e-02 2.09701e+04
5.25913e-02 1.85028e+04
5.75684e-02 1.51006e+04
6.25625e-02 1.66337e+04
6.75666e-02 1.46445e+04
7.25730e-02 1.45280e+04
7.75647e-02 1.33240e+04
8.25476e-02 1.17168e+04
8.75441e-02 1.02508e+04
9.25437e-02 9.16697e+03
9.75415e-02 8.13105e+03
1.02541e-01 7.94534e+03
1.07542e-01 7.65818e+03
1.12541e-01 7.01375e+03
1.17533e-01 5.41616e+03
1.22524e-01 5.99050e+03
1.27531e-01 6.04844e+03
1.32537e-01 5.10059e+03
1.37532e-01 4.16337e+03
1.42526e-01 4.12625e+03
1.47525e-01 4.00839e+03
1.52527e-01 4.35957e+03
1.57525e-01 3.67520e+03
1.62524e-01 3.23777e+03
1.67524e-01 2.56082e+03
1.72523e-01 3.10926e+03
1.77521e-01 3.19904e+03
1.82521e-01 2.63184e+03
1.87522e-01 2.70566e+03
1.92522e-01 2.69668e+03
1.97522e-01 2.65618e+03
2.02520e-01 2.06923e+03
2.07516e-01 1.82341e+03
2.12515e-01 1.61562e+03
2.17519e-01 2.34495e+03
2.22521e-01 1.83270e+03
2.27520e-01 1.26050e+03
2.32521e-01 1.41776e+03
2.37519e-01 5.09562e+02
2.42517e-01 1.45999e+03
2.47516e-01 1.61405e+03
2.52517e-01 1.34203e+03
2.57519e-01 1.44203e+03
2.62519e-01 1.16056e+03
2.67517e-01 1.70156e+03
2.72515e-01 1.13473e+03
2.77516e-01 1.63520e+03
2.82516e-01 1.47847e+03
2.87515e-01 7.35156e+02
2.92513e-01 2.92844e+02
2.97512e-01 4.98414e+02
8.05040e-03 -3.71795e+04
1.28486e-02 2.19470e+04
1.77516e-02 3.09328e+04
2.26918e-02 7.41872e+03
2.76480e-02 1.10178e+04
3.26126e-02 -1.37196e+03
3.76111e-02 8.39344e+03
4.26130e-02 2.26085e+03
4.76051e-02 2.16356e+03
5.25913e-02 9.43742e+03
5.75684e-02 1.27754e+04
6.25625e-02 1.00350e+04
6.75666e-02 8.20657e+03
7.25730e-02 8.08318e+03
7.75647e-02 3.73421e+03
8.25476e-02 1.01572e+04
8.75441e-02 8.38470e+03
9.25437e-02 9.29052e+02
9.75415e-02 2.22292e+03
1.02541e-01 1.73070e+03
1.07542e-01 3.13548e+03
1.12541e-01 2.21682e+03
1.17533e-01 8.81590e+02
1.22524e-01 1.28825e+02
1.27531e-01 1.23947e+03
1.32537e-01 -1.57720e+03
1.37532e-01 6.29652e+02
1.42526e-01 2.93422e+02
1.47525e-01 7.74683e+02
1.52527e-01 8.27236e+02
1.57525e-01 -1.38608e+02
1.62524e-01 9.70419e+02
1.67524e-01 1.65401e+03
1.72523e-01 4.78855e+01
1.77521e-01 1.49205e+03
1.82521e-01 1.06060e+03
1.87522e-01 4.55717e+02
1.92522e-01 -1.57997e+02
1.97522e-01 1.75153e+03
2.02520e-01 9.44138e+02
2.07516e-01 1.81455e+03
2.12515e-01 -4.14680e+02
2.17519e-01 -7.06341e+02
2.22521e-01 8.77254e+02
2.27520e-01 1.58869e+03
2.32521e-01 7.20025e+01
2.37519e-01 9.51376e+02
2.42517e-01 -5.48746e+02
2.47516e-01 -9.51304e+02
2.52517e-01 -5.60316e+02
2.57519e-01 -6.36073e+00
2.62519e-01 -5.08951e+02
2.67517e-01 5.67519e+02
2.72515e-01 -5.14338e+02
2.77516e-01 -1.18749e+03
2.82516e-01 2.03810e+02
2.87515e-01 9.95838e+01
2.92513e-01 2.52698e+02
2.97512e-01 -1.69987e+02
