80 2
k power
3.70544e-03 5.76641e+04
8.00271e-03 2.20557e+04
1.28497e-02 4.38813e+04
1.77641e-02 4.89466e+04
2.26842e-02 4.21142e+04
2.76464e-02 2.65942e+04
3.26361e-02 2.44992e+04
3.76229e-02 2.39162e+04
4.26066e-02 2.42717e+04
4.75842e-02 2.04808e+04
5.25722e-02 2.03146e+04
5.75659e-02 1.82905e+04
6.25589e-02 1.64672e+04
6.75629e-02 1.40242e+04
7.25605e-02 1.28719e+04
7.75516e-02 1.34886e+04
8.25500e-02 1.07563e+04
8.75455e-02 9.98617e+03
9.25437e-02 1.03262e+04
9.75415e-02 8.16303e+03
1.02534e-01 7.66375e+03
1.07536e-01 7.39660e+03
1.12540e-01 6.96454e+03
1.17537e-01 6.87074e+03
1.22533e-01 6.41469e+03
1.27534e-01 5.69345e+03
1.32530e-01 4.96611e+03
1.37531e-01 4.25165e+03
1.42530e-01 4.17380e+03
1.47526e-01 3.63937e+03
1.52527e-01 3.61968e+03
1.57528e-01 2.97188e+03
1.62527e-01 2.37633e+03
1.67526e-01 2.27573e+03
1.72526e-01 2.78291e+03
1.77526e-01 3.17002e+03
1.82527e-01 2.14703e+03
1.87525e-01 2.12684e+03
1.92520e-01 2.01137e+03
1.97516e-01 1.60360e+03
2.02513e-01 2.37020e+03
2.07516e-01 2.15398e+03
2.12517e-01 1.59443e+03
2.17519e-01 1.27776e+03
2.22521e-01 1.52164e+03
2.27519e-01 1.42029e+03
2.32521e-01 1.42416e+03
2.37520e-01 9.59281e+02
2.42520e-01 1.25788e+03
2.47519e-01 9.34672e+02
2.52516e-01 1.07278e+03
2.57514e-01 8.80109e+02
2.62513e-01 6.97047e+02
2.67513e-01 6.21539e+02
2.72514e-01 7.88195e+02
2.77515e-01 9.85164e+02
2.82516e-01 7.64375e+02
2.87514e-01 5.82016e+02
2.92512e-01 9.02805e+02
2.97514e-01 5.87047e+02
3.02516e-01 3.67703e+02
3.07515e-01 3.44891e+02
3.12512e-01 1.90086e+02
3.17510e-01 4.37406e+02
3.22511e-01 3.50438e+02
3.27512e-01 5.87070e+02
3.32512e-01 4.48203e+02
3.37512e-01 3.43219e+02
3.42513e-01 7.25625e+01
3.47513e-01 3.39602e+02
3.52513e-01 2.15234e+02
3.57513e-01 6.17617e+02
3.62512e-01 2.99641e+02
3.67512e-01 1.53648e+02
3.72512e-01 1.25570e+02
3.77511e-01 2.35750e+02
3.82510e-01 1.79367e+02
3.87510e-01 2.98977e+02
3.92510e-01 -1.39406e+02
3.97510e-01 -7.13594e+01
3.70544e-03 1.19319e+04
8.00271e-03 -2.05588e+04
1.28497e-02 5.11026e+04
1.77641e-02 1.95379e+04
2.26842e-02 1.86042e+04
2.76464e-02 2.18695e+04
3.26361e-02 1.16378e+04
3.76229e-02 9.44322e+03
4.26066e-02 -2.01296e+02
4.75842e-02 1.54474e+04
5.25722e-02 9.37203e+03
5.75659e-02 6.88412e+03
6.25589e-02 5.46356e+03
6.75629e-02 3.63595e+03
7.25605e-02 4.76356e+03
7.75516e-02 5.13250e+03
8.25500e-02 -3.44274e+01
8.75455e-02 1.34275e+03
9.25437e-02 2.67186e+03
9.75415e-02 1.75174e+03
1.02534e-01 8.91506e+02
1.07536e-01 5.44173e+02
1.12540e-01 8.74196e+02
1.17537e-01 6.70095e+01
1.22533e-01 2.03397e+03
1.27534e-01 -4.65370e+02
1.32530e-01 -2.80457e+02
1.37531e-01 8.94256e+02
1.42530e-01 8.76993e+02
1.47526e-01 2.02036e+03
1.52527e-01 1.46806e+03
1.57528e-01 1.06969e+02
1.62527e-01 1.67611e+03
1.67526e-01 -1.25110e+02
1.72526e-01 1.07618e+03
1.77526e-01 3.89274e+02
1.82527e-01 5.85937e+02
1.87525e-01 1.07350e+02
1.92520e-01 -1.10092e+02
1.97516e-01 -4.76568e+02
2.02513e-01 -6.62272e+02
2.07516e-01 7.88946e+02
2.12517e-01 1.10321e+03
2.17519e-01 -2.51336e+02
2.22521e-01 1.21742e+02
2.27519e-01 2.76500e+01
2.32521e-01 5.69011e+02
2.37520e-01 2.92101e+02
2.42520e-01 3.21371e+02
2.47519e-01 -2.69622e+02
2.52516e-01 6.00955e+02
2.57514e-01 -1.44372e+02
2.62513e-01 -6.27493e+02
2.67513e-01 -6.16458e+02
2.72514e-01 -9.12614e+01
2.77515e-01 1.18265e+02
2.82516e-01 2.70560e+02
2.87514e-01 -4.43454e+02
2.92512e-01 4.17305e+02
2.97514e-01 9.46941e+01
3.02516e-01 -3.52586e+02
3.07515e-01 1.93844e+02
3.12512e-01 1.78248e+02
3.17510e-01 3.91312e+02
3.22511e-01 1.89981e+02
3.27512e-01 -4.84304e+01
3.32512e-01 1.04186e+03
3.37512e-01 2.35115e+02
3.42513e-01 -2.67027e+01
3.47513e-01 -3.81817e+02
3.52513e-01 2.33858e+02
3.57513e-01 2.52257e+02
3.62512e-01 -2.51178e+02
3.67512e-01 1.08605e+02
3.72512e-01 -1.17022e+02
3.77511e-01 -5.77862e+02
3.82510e-01 -4.73873e+02
3.87510e-01 1.23748e+02
3.92510e-01 6.54724e+02
3.97510e-01 5.42854e+02
