60 2
k power
3.75378e-03 1.36460e+03
8.05040e-03 1.52754e+04
1.28486e-02 2.73085e+04
1.77516e-02 3.02459e+04
2.26918e-02 2.94887e+04
2.76480e-02 3.06224e+04
3.26126e-02 2.49921e+04
3.76111e-02 2.59037e+04
4.26130e-02 2.54637e+04
4.76051e-02 1.76756e+04
5.25913e-02 1.47733e+04
5.75684e-02 1.65981e+04
6.25625e-02 1.50439e+04
6.75666e-02 1.35827e+04
7.25730e-02 1.37016e+04
7.75647e-02 1.32190e+04
8.25476e-02 1.33579e+04
8.75441e-02 1.06330e+04
9.25437e-02 9.57815e+03
9.75415e-02 8.80072e+03
1.02541e-01 5.35501e+03
1.07542e-01 6.51702e+03
1.12541e-01 6.35101e+03
1.17533e-01 7.12152e+03
1.22524e-01 5.60703e+03
1.27531e-01 5.69561e+03
1.32537e-01 4.76397e+03
1.37532e-01 4.01021e+03
1.42526e-01 4.24224e+03
1.47525e-01 5.89091e+03
1.52527e-01 4.36542e+03
1.57525e-01 3.95386e+03
1.62524e-01 4.50193e+03
1.67524e-01 2.68093e+03
1.72523e-01 3.31529e+03
1.77521e-01 2.51480e+03
1.82521e-01 3.37695e+03
1.87522e-01 2.50500e+03
1.92522e-01 2.39473e+03
1.97522e-01 1.46358e+03
2.02520e-01 2.16080e+03
2.07516e-01 1.77744e+03
2.12515e-01 1.64570e+03
2.17519e-01 1.35393e+03
2.22521e-01 7.73086e+02
2.27520e-01 1.33126e+03
2.32521e-01 1.35044e+03
2.37519e-01 1.07827e+03
2.42517e-01 7.99508e+02
2.47516e-01 9.40406e+02
2.52517e-01 7.59703e+02
2.57519e-01 3.15484e+02
2.62519e-01 7.05047e+02
2.67517e-01 1.00627e+03
2.72515e-01 5.36961e+02
2.77516e-01 9.63844e+02
2.82516e-01 1.06659e+03
2.87515e-01 7.15852e+02
2.92513e-01 6.37992e+02
2.97512e-01 5.46539e+02
3.75378e-03 6.29975e+04
8.05040e-03 -4.55423e+03
1.28486e-02 -7.00826e+03
1.77516e-02 -3.44783e+03
2.26918e-02 6.60013e+03
2.76480e-02 4.09550e+04
3.26126e-02 9.56779e+03
3.76111e-02 1.45345e+04
4.26130e-02 6.88905e+03
4.76051e-02 7.83431e+03
5.25913e-02 5.82754e+03
5.75684e-02 7.49193e+03
6.25625e-02 2.08737e+03
6.75666e-02 3.67907e+03
7.25730e-02 2.02148e+03
7.75647e-02 4.60634e+03
8.25476e-02 5.30100e+03
8.75441e-02 4.98218e+03
9.25437e-02 1.55574e+02
9.75415e-02 -7.46069e+02
1.02541e-01 1.63655e+03
1.07542e-01 6.04762e+03
1.12541e-01 2.64482e+03
1.17533e-01 7.19747e+02
1.22524e-01 3.05435e+03
1.27531e-01 4.61455e+02
1.32537e-01 1.48671e+03
1.37532e-01 2.15757e+03
1.42526e-01 1.75015e+03
1.47525e-01 9.99193e+02
1.52527e-01 8.14362e+02
1.57525e-01 5.98148e+02
1.62524e-01 7.69778e+02
1.67524e-01 -2.06661e+03
1.72523e-01 -7.97587e+02
1.77521e-01 1.37737e+03
1.82521e-01 6.60495e+02
1.87522e-01 1.92591e+02
1.92522e-01 -1.04943e+03
1.97522e-01 -4.07725e+02
2.02520e-01 -1.43845e+02
2.07516e-01 -1.03317e+03
2.12515e-01 5.85752e+02
2.17519e-01 8.87565e+02
2.22521e-01 2.47174e+02
2.27520e-01 8.47750e+02
2.32521e-01 4.77566e+02
2.37519e-01 -4.09405e+02
2.42517e-01 5.61647e+02
2.47516e-01 -4.56212e+02
2.52517e-01 -2.06703e+03
2.57519e-01 -1.05047e+03
2.62519e-01 -2.54714e+01
2.67517e-01 3.68006e+02
2.72515e-01 7.99833e+02
2.77516e-01 3.06989e+02
2.82516e-01 -4.20837e+02
2.87515e-01 1.12458e+02
2.92513e-01 -5.91171e+02
2.97512e-01 -4.97242e+02
