60 2
k power
3.70544e-03 1.02235e+05
8.00271e-03 6.48598e+04
1.28497e-02 5.06041e+04
1.77641e-02 4.14224e+04
2.26842e-02 3.81277e+04
2.76464e-02 3.22815e+04
3.26361e-02 3.14717e+04
3.76229e-02 2.71890e+04
4.26066e-02 2.28572e+04
4.75842e-02 1.78937e+04
5.25722e-02 1.87898e+04
5.75659e-02 2.00867e+04
6.25589e-02 1.65776e+04
6.75629e-02 1.38626e+04
7.25605e-02 1.33199e+04
7.75516e-02 1.32164e+04
8.25500e-02 1.21578e+04
8.75455e-02 9.98272e+03
9.25437e-02 8.63210e+03
9.75415e-02 7.82092e+03
1.02534e-01 6.32472e+03
1.07536e-01 7.12285e+03
1.12540e-01 7.03191e+03
1.17537e-01 6.06213e+03
1.22533e-01 5.05184e+03
1.27534e-01 5.02131e+03
1.32530e-01 4.51617e+03
1.37531e-01 3.84438e+03
1.42530e-01 3.95307e+03
1.47526e-01 3.82837e+03
1.52527e-01 3.51607e+03
1.57528e-01 2.87956e+03
1.62527e-01 3.02788e+03
1.67526e-01 3.19730e+03
1.72526e-01 3.28839e+03
1.77526e-01 2.12752e+03
1.82527e-01 2.38858e+03
1.87525e-01 2.32820e+03
1.92520e-01 1.93196e+03
1.97516e-01 1.82594e+03
2.02513e-01 1.59336e+03
2.07516e-01 1.01599e+03
2.12517e-01 1.45134e+03
2.17519e-01 1.34243e+03
2.22521e-01 9.02125e+02
2.27519e-01 1.34356e+03
2.32521e-01 5.53930e+02
2.37520e-01 1.77833e+03
2.42520e-01 7.16961e+02
2.47519e-01 5.97055e+02
2.52516e-01 1.27007e+03
2.57514e-01 4.36336e+02
2.62513e-01 9.67758e+02
2.67513e-01 1.28316e+03
2.72514e-01 5.45016e+02
2.77515e-01 1.03720e+03
2.82516e-01 6.99734e+02
2.87514e-01 2.78148e+02
2.92512e-01 1.02422e+01
2.97514e-01 -2.66016e+01
3.70544e-03 -1.81490e+05
8.00271e-03 -6.39484e+04
1.28497e-02 1.46051e+04
1.77641e-02 1.02928e+04
2.26842e-02 1.32721e+04
2.76464e-02 9.26415e+03
3.26361e-02 4.00794e+03
3.76229e-02 1.82987e+04
4.26066e-02 1.08772e+04
4.75842e-02 8.84119e+03
5.25722e-02 1.12054e+04
5.75659e-02 5.81210e+03
6.25589e-02 9.03883e+03
6.75629e-02 8.21656e+03
7.25605e-02 1.67747e+03
7.75516e-02 2.15497e+03
8.25500e-02 -1.61871e+02
8.75455e-02 4.68037e+03
9.25437e-02 1.40561e+03
9.75415e-02 4.25938e+03
1.02534e-01 4.80987e+03
1.07536e-01 2.36320e+03
1.12540e-01 4.63160e+03
1.17537e-01 1.83025e+03
1.22533e-01 1.47404e+03
1.27534e-01 1.23053e+03
1.32530e-01 1.33291e+03
1.37531e-01 1.76614e+03
1.42530e-01 -2.58228e+02
1.47526e-01 1.12344e+03
1.52527e-01 -1.38444e+03
1.57528e-01 6.52634e+01
1.62527e-01 6.37822e+02
1.67526e-01 3.84990e+02
1.72526e-01 9.25487e+02
1.77526e-01 3.98825e+02
1.82527e-01 -8.72129e+01
1.87525e-01 4.17404e+02
1.92520e-01 -4.07777e+02
1.97516e-01 -6.39402e+02
2.02513e-01 -1.32005e+03
2.07516e-01 -2.12643e+03
2.12517e-01 8.02516e+01
2.17519e-01 -3.56910e+02
2.22521e-01 1.22157e+02
2.27519e-01 1.89747e+03
2.32521e-01 1.57633e+03
2.37520e-01 -7.17318e+02
2.42520e-01 -9.24073e+02
2.47519e-01 -8.93500e+02
2.52516e-01 -1.24721e+03
2.57514e-01 6.72463e+02
2.62513e-01 -1.08400e+03
2.67513e-01 3.07420e+02
2.72514e-01 1.92873e+02
2.77515e-01 -7.55418e+02
2.82516e-01 -9.24618e+02
2.87514e-01 -2.70143e+02
2.92512e-01 7.72554e+01
2.97514e-01 -5.42210e+02
