80 2
k power
3.70544e-03 2.89183e+04
8.00271e-03 2.01199e+04
1.28497e-02 2.44208e+04
1.77641e-02 3.17361e+04
2.26842e-02 3.59905e+04
2.76464e-02 3.23045e+04
3.26361e-02 2.68236e+04
3.76229e-02 2.57111e+04
4.26066e-02 2.39886e+04
4.75842e-02 2.04338e+04
5.25722e-02 1.83940e+04
5.75659e-02 1.73069e+04
6.25589e-02 1.64715e+04
6.75629e-02 1.21658e+04
7.25605e-02 1.41804e+04
7.75516e-02 1.22968e+04
8.25500e-02 1.07895e+04
8.75455e-02 1.07260e+04
9.25437e-02 8.55181e+03
9.75415e-02 8.05889e+03
1.02534e-01 7.83734e+03
1.07536e-01 6.89625e+03
1.12540e-01 7.11648e+03
1.17537e-01 6.50178e+03
1.22533e-01 6.00987e+03
1.27534e-01 5.22650e+03
1.32530e-01 4.94926e+03
1.37531e-01 4.08088e+03
1.42530e-01 4.14583e+03
1.47526e-01 4.19116e+03
1.52527e-01 3.99158e+03
1.57528e-01 3.29237e+03
1.62527e-01 2.83618e+03
1.67526e-01 3.34995e+03
1.72526e-01 2.36764e+03
1.77526e-01 2.44749e+03
1.82527e-01 2.61323e+03
1.87525e-01 2.15215e+03
1.92520e-01 2.39391e+03
1.97516e-01 1.77832e+03
2.02513e-01 1.85277e+03
2.07516e-01 1.65160e+03
2.12517e-01 1.26690e+03
2.17519e-01 1.00629e+03
2.22521e-01 1.02120e+03
2.27519e-01 1.28723e+03
2.32521e-01 9.66508e+02
2.37520e-01 9.97805e+02
2.42520e-01 8.67109e+02
2.47519e-01 1.21215e+03
2.52516e-01 1.01589e+03
2.57514e-01 1.06621e+03
2.62513e-01 9.32586e+02
2.67513e-01 1.05259e+03
2.72514e-01 9.42086e+02
2.77515e-01 7.50078e+02
2.82516e-01 6.60539e+02
2.87514e-01 7.62312e+02
2.92512e-01 8.21766e+02
2.97514e-01 7.82008e+02
3.02516e-01 2.67352e+02
3.07515e-01 3.82305e+02
3.12512e-01 3.15180e+02
3.17510e-01 3.77750e+02
3.22511e-01 -2.89219e+01
3.27512e-01 2.71320e+02
3.32512e-01 6.48203e+02
3.37512e-01 4.57445e+02
3.42513e-01 6.28250e+02
3.47513e-01 5.25586e+02
3.52513e-01 4.15367e+02
3.57513e-01 2.40281e+02
3.62512e-01 4.80523e+02
3.67512e-01 2.43734e+02
3.72512e-01 1.13961e+02
3.77511e-01 1.01547e+02
3.82510e-01 2.29375e+02
3.87510e-01 3.70727e+02
3.92510e-01 5.48789e+02
3.97510e-01 1.26727e+02
3.70544e-03 3.97624e+04
8.00271e-03 8.97684e+03
1.28497e-02 1.54237e+03
1.77641e-02 2.41815e+04
2.26842e-02 2.18888e+04
2.76464e-02 2.31025e+04
3.26361e-02 7.45288e+03
3.76229e-02 5.13069e+02
4.26066e-02 6.55370e+03
4.75842e-02 1.27948e+03
5.25722e-02 4.11753e+03
5.75659e-02 1.06471e+04
6.25589e-02 7.95758e+03
6.75629e-02 1.33015e+01
7.25605e-02 5.20092e+03
7.75516e-02 1.71509e+03
8.25500e-02 2.32304e+03
8.75455e-02 5.65514e+03
9.25437e-02 1.37209e+03
9.75415e-02 2.98321e+02
1.02534e-01 -9.15721e+02
1.07536e-01 4.86438e+02
1.12540e-01 1.20123e+03
1.17537e-01 2.27543e+03
1.22533e-01 2.36990e+03
1.27534e-01 1.41358e+03
1.32530e-01 1.59404e+03
1.37531e-01 1.00750e+03
1.42530e-01 8.38144e+02
1.47526e-01 -2.20064e+02
1.52527e-01 3.06279e+02
1.57528e-01 7.25142e+02
1.62527e-01 1.43034e+02
1.67526e-01 5.98211e+02
1.72526e-01 -2.04638e+02
1.77526e-01 -2.25777e+02
1.82527e-01 -5.12863e+02
1.87525e-01 9.53436e+02
1.92520e-01 -2.52666e+02
1.97516e-01 8.32868e+02
2.02513e-01 2.63279e+01
2.07516e-01 1.49741e+01
2.12517e-01 7.66169e+02
2.17519e-01 2.05248e+03
2.22521e-01 6.73659e+02
2.27519e-01 6.09006e+02
2.32521e-01 7.88943e+02
2.37520e-01 9.24928e+02
2.42520e-01 7.72142e+02
2.47519e-01 -5.22118e+02
2.52516e-01 -8.43571e+02
2.57514e-01 -8.65942e+01
2.62513e-01 3.05821e+02
2.67513e-01 3.77461e+02
2.72514e-01 3.64610e+02
2.77515e-01 9.38981e+02
2.82516e-01 -1.34835e+02
2.87514e-01 1.78555e+01
2.92512e-01 -6.80226e+01
2.97514e-01 2.48676e+02
3.02516e-01 3.59165e+02
3.07515e-01 9.28386e+02
3.12512e-01 -2.10266e+02
3.17510e-01 2.70645e+02
3.22511e-01 8.25823e+01
3.27512e-01 -4.27573e+02
3.32512e-01 6.14862e+02
3.37512e-01 1.03315e+03
3.42513e-01 5.62969e+02
3.47513e-01 5.22219e+02
3.52513e-01 -6.96079e+02
3.57513e-01 6.07543e+02
3.62512e-01 2.96979e+01
3.67512e-01 -6.19728e+01
3.72512e-01 3.45309e+02
3.77511e-01 4.75729e+01
3.82510e-01 -4.96878e+02
3.87510e-01 -3.94535e+02
3.92510e-01 -2.67266e+02
3.97510e-01 -6.35710e+02
