80 2
k power
3.75378e-03 2.80720e+04
8.05040e-03 4.18118e+04
1.28486e-02 2.90717e+04
1.77516e-02 2.58556e+04
2.26918e-02 2.93288e+04
2.76480e-02 3.40983e+04
3.26126e-02 2.74831e+04
3.76111e-02 2.57643e+04
4.26130e-02 2.04740e+04
4.76051e-02 1.79964e+04
5.25913e-02 1.56445e+04
5.75684e-02 1.68367e+04
6.25625e-02 1.48161e+04
6.75666e-02 1.43472e+04
7.25730e-02 1.41902e+04
7.75647e-02 1.11094e+04
8.25476e-02 9.94038e+03
8.75441e-02 1.00460e+04
9.25437e-02 9.21980e+03
9.75415e-02 8.51343e+03
1.02541e-01 7.47076e+03
1.07542e-01 6.46884e+03
1.12541e-01 5.73252e+03
1.17533e-01 6.41511e+03
1.22524e-01 6.30258e+03
1.27531e-01 5.29829e+03
1.32537e-01 4.79711e+03
1.37532e-01 4.33142e+03
1.42526e-01 3.97673e+03
1.47525e-01 3.52598e+03
1.52527e-01 3.47016e+03
1.57525e-01 3.77574e+03
1.62524e-01 3.09158e+03
1.67524e-01 3.09776e+03
1.72523e-01 3.75884e+03
1.77521e-01 3.32698e+03
1.82521e-01 2.80426e+03
1.87522e-01 2.30224e+03
1.92522e-01 2.64937e+03
1.97522e-01 1.45976e+03
2.02520e-01 1.47754e+03
2.07516e-01 1.05179e+03
2.12515e-01 1.83145e+03
2.17519e-01 1.30176e+03
2.22521e-01 1.42384e+03
2.27520e-01 1.84416e+03
2.32521e-01 1.87672e+03
2.37519e-01 8.41531e+02
2.42517e-01 6.67203e+02
2.47516e-01 1.26592e+03
2.52517e-01 8.76477e+02
2.57519e-01 6.86469e+02
2.62519e-01 8.61148e+02
2.67517e-01 7.76547e+02
2.72515e-01 8.48789e+02
2.77516e-01 1.20005e+03
2.82516e-01 7.43695e+02
2.87515e-01 5.05898e+02
2.92513e-01 1.52172e+02
2.97512e-01 6.10492e+02
3.02513e-01 3.99188e+02
3.07511e-01 7.88281e+01
3.12511e-01 4.81969e+02
3.17513e-01 7.12484e+02
3.22513e-01 5.28203e+02
3.27512e-01 4.86328e+02
3.32509e-01 4.80016e+02
3.37510e-01 8.67977e+02
3.42513e-01 1.26195e+02
3.47514e-01 2.09016e+02
3.52514e-01 2.15922e+02
3.57512e-01 2.47484e+02
3.62512e-01 1.94281e+02
3.67512e-01 -8.93203e+01
3.72510e-01 2.58320e+02
3.77511e-01 2.77922e+02
3.82512e-01 1.12383e+02
3.87512e-01 2.22453e+02
3.92510e-01 4.38281e+02
3.97510e-01 3.51078e+02
3.75378e-03 5.92830e+04
8.05040e-03 4.39842e+04
1.28486e-02 1.38331e+04
1.77516e-02 -1.04182e+03
2.26918e-02 -5.70391e+03
2.76480e-02 3.86852e+03
3.26126e-02 1.01106e+04
3.76111e-02 1.18816e+04
4.26130e-02 1.54016e+04
4.76051e-02 1.05590e+04
5.25913e-02 1.08754e+04
5.75684e-02 3.18483e+03
6.25625e-02 7.87926e+03
6.75666e-02 2.14363e+03
7.25730e-02 5.95815e+03
7.75647e-02 5.06505e+03
8.25476e-02 2.83489e+03
8.75441e-02 3.67529e+03
9.25437e-02 2.67646e+02
9.75415e-02 2.57552e+03
1.02541e-01 2.34256e+03
1.07542e-01 1.67207e+03
1.12541e-01 3.69256e+03
1.17533e-01 4.57299e+03
1.22524e-01 -1.11819e+01
1.27531e-01 1.18328e+03
1.32537e-01 2.34180e+03
1.37532e-01 2.40488e+03
1.42526e-01 2.63512e+03
1.47525e-01 2.14691e+03
1.52527e-01 3.93893e+03
1.57525e-01 3.87864e+03
1.62524e-01 1.58480e+03
1.67524e-01 1.30958e+03
1.72523e-01 9.35813e+02
1.77521e-01 -9.82950e+02
1.82521e-01 9.24608e+02
1.87522e-01 2.77988e+02
1.92522e-01 5.50888e+02
1.97522e-01 9.29210e+02
2.02520e-01 -9.93246e+02
2.07516e-01 -1.25738e+03
2.12515e-01 5.53493e+01
2.17519e-01 -9.47489e+02
2.22521e-01 9.49262e+01
2.27520e-01 -1.20140e+03
2.32521e-01 5.72506e+02
2.37519e-01 1.97011e+01
2.42517e-01 1.18166e+02
2.47516e-01 -3.00119e+02
2.52517e-01 3.67024e+02
2.57519e-01 2.41766e+02
2.62519e-01 4.14364e+02
2.67517e-01 6.03245e+02
2.72515e-01 4.75172e+01
2.77516e-01 1.09705e+03
2.82516e-01 2.66715e+02
2.87515e-01 7.57190e+02
2.92513e-01 1.58468e+02
2.97512e-01 3.24132e+02
3.02513e-01 -4.23202e+02
3.07511e-01 -2.87735e+02
3.12511e-01 -1.26342e+01
3.17513e-01 -1.38846e+03
3.22513e-01 -1.04551e+03
3.27512e-01 -6.08452e+02
3.32509e-01 1.87495e+02
3.37510e-01 -1.10803e+02
3.42513e-01 -3.75900e+00
3.47514e-01 5.62957e+01
3.52514e-01 -2.50702e+02
3.57512e-01 -2.13263e+01
3.62512e-01 -1.12006e+02
3.67512e-01 -5.35062e+02
3.72510e-01 -6.21855e+02
3.77511e-01 -1.28725e+02
3.82512e-01 -5.71615e+02
3.87512e-01 -2.16895e+02
3.92510e-01 -1.33269e+02
3.97510e-01 -2.57978e+02
