59 2
k power
8.00271e-03 5.20784e+04
1.28497e-02 4.37903e+04
1.77641e-02 3.03255e+04
2.26842e-02 2.91191e+04
2.76464e-02 3.13345e+04
3.26361e-02 2.83808e+04
3.76229e-02 2.79297e+04
4.26066e-02 2.48040e+04
4.75842e-02 2.17555e+04
5.25722e-02 2.00964e+04
5.75659e-02 1.87576e+04
6.25589e-02 1.52398e+04
6.75629e-02 1.45578e+04
7.25605e-02 1.33773e+04
7.75516e-02 1.30922e+04
8.25500e-02 1.13112e+04
8.75455e-02 1.12222e+04
9.25437e-02 9.35140e+03
9.75415e-02 9.12594e+03
1.02534e-01 8.50816e+03
1.07536e-01 7.69122e+03
1.12540e-01 7.66688e+03
1.17537e-01 6.20560e+03
1.22533e-01 6.72668e+03
1.27534e-01 5.43557e+03
1.32530e-01 5.21890e+03
1.37531e-01 4.29745e+03
1.42530e-01 3.48146e+03
1.47526e-01 3.49416e+03
1.52527e-01 4.19912e+03
1.57528e-01 3.20754e+03
1.62527e-01 2.37431e+03
1.67526e-01 2.86844e+03
1.72526e-01 2.57963e+03
1.77526e-01 2.23234e+03
1.82527e-01 2.44989e+03
1.87525e-01 2.80491e+03
1.92520e-01 2.05891e+03
1.97516e-01 1.71552e+03
2.02513e-01 1.48486e+03
2.07516e-01 1.46424e+03
2.12517e-01 1.38316e+03
2.17519e-01 1.31906e+03
2.22521e-01 1.51893e+03
2.27519e-01 1.33105e+03
2.32521e-01 1.69259e+03
2.37520e-01 1.60454e+03
2.42520e-01 1.15562e+03
2.47519e-01 1.27757e+03
2.52516e-01 6.86781e+02
2.57514e-01 8.00961e+02
2.62513e-01 5.00430e+02
2.67513e-01 8.77273e+02
2.72514e-01 8.15016e+02
2.77515e-01 7.71086e+02
2.82516e-01 6.25930e+02
2.87514e-01 2.02227e+02
2.92512e-01 4.79180e+02
2.97514e-01 5.78523e+02
8.00271e-03 1.64228e+03
1.28497e-02 -1.73320e+03
1.77641e-02 -2.52742e+04
2.26842e-02 1.41855e+03
2.76464e-02 1.50125e+04
3.26361e-02 2.28531e+03
3.76229e-02 4.84916e+02
4.26066e-02 1.03699e+04
4.75842e-02 9.77537e+02
5.25722e-02 5.94366e+03
5.75659e-02 1.40025e+04
6.25589e-02 5.33702e+03
6.75629e-02 5.11609e+03
7.25605e-02 9.14402e+03
7.75516e-02 6.09588e+03
8.25500e-02 4.37553e+03
8.75455e-02 -1.30152e+03
9.25437e-02 2.45080e+02
9.75415e-02 3.97028e+02
1.02534e-01 -6.26681e+02
1.07536e-01 1.46669e+03
1.12540e-01 4.67329e+03
1.17537e-01 1.98583e+03
1.22533e-01 -3.12042e+02
1.27534e-01 1.09991e+03
1.32530e-01 1.41806e+03
1.37531e-01 4.64769e+02
1.42530e-01 2.72739e+03
1.47526e-01 1.34658e+02
1.52527e-01 -4.98830e+02
1.57528e-01 5.89887e+02
1.62527e-01 -7.76582e+01
1.67526e-01 1.75030e+03
1.72526e-01 1.34478e+03
1.77526e-01 2.23113e+02
1.82527e-01 1.06720e+03
1.87525e-01 -6.97348e+02
1.92520e-01 -1.35161e+02
1.97516e-01 -4.68272e+02
2.02513e-01 -5.11536e+02
2.07516e-01 -8.51396e+02
2.12517e-01 3.17570e+02
2.17519e-01 -1.21837e+03
2.22521e-01 -2.01829e+02
2.27519e-01 2.36226e+02
2.32521e-01 -1.31726e+03
2.37520e-01 1.18494e+02
2.42520e-01 1.31920e+01
2.47519e-01 3.66193e+01
2.52516e-01 7.15025e+02
2.57514e-01 -2.61487e+02
2.62513e-01 -5.54787e+02
2.67513e-01 -3.82393e+02
2.72514e-01 2.74359e+02
2.77515e-01 3.66584e+02
2.82516e-01 -7.64757e+02
2.87514e-01 -8.75894e+02
2.92512e-01 -6.55157e+02
2.97514e-01 -1.79402e+03
