80 2
k power
3.75378e-03 4.86104e+04
8.05040e-03 3.60146e+04
1.28486e-02 3.27137e+04
1.77516e-02 4.75761e+04
2.26918e-02 3.56149e+04
2.76480e-02 2.47163e+04
3.26126e-02 2.22931e+04
3.76111e-02 2.15077e+04
4.26130e-02 1.87004e+04
4.76051e-02 1.59591e+04
5.25913e-02 1.97164e+04
5.75684e-02 1.55799e+04
6.25625e-02 1.52633e+04
6.75666e-02 1.29722e+04
7.25730e-02 1.50438e+04
7.75647e-02 1.25112e+04
8.25476e-02 1.12591e+04
8.75441e-02 1.03106e+04
9.25437e-02 7.97418e+03
9.75415e-02 6.71464e+03
1.02541e-01 6.48572e+03
1.07542e-01 6.00845e+03
1.12541e-01 5.93031e+03
1.17533e-01 5.60002e+03
1.22524e-01 5.84590e+03
1.27531e-01 6.50005e+03
1.32537e-01 5.52003e+03
1.37532e-01 4.05337e+03
1.42526e-01 3.89118e+03
1.47525e-01 4.15407e+03
1.52527e-01 4.05446e+03
1.57525e-01 2.76339e+03
1.62524e-01 2.09993e+03
1.67524e-01 2.43548e+03
1.72523e-01 3.10239e+03
1.77521e-01 2.67382e+03
1.82521e-01 2.14048e+03
1.87522e-01 2.05118e+03
1.92522e-01 1.26687e+03
1.97522e-01 1.49037e+03
2.02520e-01 2.26555e+03
2.07516e-01 1.06961e+03
2.12515e-01 1.40891e+03
2.17519e-01 1.57189e+03
2.22521e-01 1.22878e+03
2.27520e-01 1.66393e+03
2.32521e-01 1.32416e+03
2.37519e-01 1.25648e+03
2.42517e-01 1.15858e+03
2.47516e-01 1.03181e+03
2.52517e-01 5.98344e+02
2.57519e-01 5.03898e+02
2.62519e-01 4.32539e+02
2.67517e-01 8.43625e+02
2.72515e-01 5.83180e+02
2.77516e-01 9.32320e+02
2.82516e-01 6.43766e+02
2.87515e-01 6.23969e+02
2.92513e-01 4.45922e+02
2.97512e-01 3.96750e+02
3.02513e-01 3.75945e+02
3.07511e-01 4.10367e+02
3.12511e-01 4.34898e+02
3.17513e-01 3.62938e+02
3.22513e-01 2.64766e+02
3.27512e-01 4.08602e+02
3.32509e-01 1.26984e+02
3.37510e-01 6.87695e+02
3.42513e-01 3.13703e+02
3.47514e-01 3.94984e+02
3.52514e-01 2.27578e+02
3.57512e-01 2.55633e+02
3.62512e-01 3.05594e+02
3.67512e-01 3.05945e+02
3.72510e-01 2.44633e+02
3.77511e-01 5.31953e+01
3.82512e-01 2.20922e+02
3.87512e-01 5.39375e+01
3.92510e-01 2.01297e+02
3.97510e-01 1.99305e+02
3.75378e-03 6.37868e+04
8.05040e-03 -4.60365e+03
1.28486e-02 1.14362e+04
1.77516e-02 1.77452e+04
2.26918e-02 2.24583e+04
2.76480e-02 2.36561e+04
3.26126e-02 1.19382e+04
3.76111e-02 8.72292e+03
4.26130e-02 1.14209e+04
4.76051e-02 7.59082e+03
5.25913e-02 9.52188e+03
5.75684e-02 8.05349e+03
6.25625e-02 8.81322e+03
6.75666e-02 4.23817e+03
7.25730e-02 9.11506e+03
7.75647e-02 7.83163e+03
8.25476e-02 8.19379e+03
8.75441e-02 4.71866e+03
9.25437e-02 3.91511e+03
9.75415e-02 1.85315e+03
1.02541e-01 1.09322e+03
1.07542e-01 3.45295e+03
1.12541e-01 1.24850e+03
1.17533e-01 -1.56530e+03
1.22524e-01 1.72320e+02
1.27531e-01 2.53285e+03
1.32537e-01 1.62012e+03
1.37532e-01 1.36319e+03
1.42526e-01 1.48438e+03
1.47525e-01 1.05212e+03
1.52527e-01 4.11944e+02
1.57525e-01 5.79120e+02
1.62524e-01 1.27734e+03
1.67524e-01 7.63249e+02
1.72523e-01 1.14786e+03
1.77521e-01 1.63114e+03
1.82521e-01 -1.60913e+02
1.87522e-01 7.90749e+02
1.92522e-01 1.30961e+03
1.97522e-01 1.30237e+02
2.02520e-01 9.22411e+02
2.07516e-01 -3.72648e+02
2.12515e-01 6.55831e+02
2.17519e-01 -7.33890e+01
2.22521e-01 -1.26295e+03
2.27520e-01 4.98102e+02
2.32521e-01 4.05901e+02
2.37519e-01 -6.18016e+02
2.42517e-01 -9.00451e+02
2.47516e-01 5.47508e+02
2.52517e-01 -6.23640e+02
2.57519e-01 -1.21045e+03
2.62519e-01 6.14557e+02
2.67517e-01 1.87411e+02
2.72515e-01 -5.65063e+02
2.77516e-01 -7.66980e+02
2.82516e-01 1.64838e+02
2.87515e-01 -2.93284e+02
2.92513e-01 -7.37662e+02
2.97512e-01 -8.92823e+02
3.02513e-01 2.97501e+02
3.07511e-01 4.45004e+02
3.12511e-01 3.87819e+02
3.17513e-01 -2.37874e+02
3.22513e-01 -1.10335e+02
3.27512e-01 -1.65507e+02
3.32509e-01 5.16739e+02
3.37510e-01 -3.79555e+00
3.42513e-01 2.41182e+02
3.47514e-01 6.87331e+02
3.52514e-01 1.46174e+02
3.57512e-01 7.04070e+01
3.62512e-01 4.97062e+02
3.67512e-01 3.43798e+02
3.72510e-01 3.38864e+01
3.77511e-01 2.32931e+01
3.82512e-01 1.17432e+02
3.87512e-01 -6.66831e+02
3.92510e-01 -2.26195e+02
3.97510e-01 3.30064e+02
