59 2
k power
8.05565e-03 4.88500e+04
1.28387e-02 3.70390e+04
1.77584e-02 3.34506e+04
2.26862e-02 3.73423e+04
2.76450e-02 3.50856e+04
3.26261e-02 2.69108e+04
3.76152e-02 2.23488e+04
4.26121e-02 2.20609e+04
4.75881e-02 1.94970e+04
5.25764e-02 1.71269e+04
5.75766e-02 1.77232e+04
6.25706e-02 1.58729e+04
6.75643e-02 1.56280e+04
7.25546e-02 1.29187e+04
7.75520e-02 1.27286e+04
8.25499e-02 1.21718e+04
8.75466e-02 1.01470e+04
9.25461e-02 7.95899e+03
9.75410e-02 7.64445e+03
1.02539e-01 7.77398e+03
1.07538e-01 6.45045e+03
1.12539e-01 5.77530e+03
1.17539e-01 6.06193e+03
1.22534e-01 6.05970e+03
1.27532e-01 4.88270e+03
1.32531e-01 5.08130e+03
1.37529e-01 4.56472e+03
1.42529e-01 4.23890e+03
1.47527e-01 3.44225e+03
1.52526e-01 3.79780e+03
1.57526e-01 3.58629e+03
1.62527e-01 3.60709e+03
1.67528e-01 3.05859e+03
1.72524e-01 2.60300e+03
1.77522e-01 2.25066e+03
1.82524e-01 2.43005e+03
1.87522e-01 2.65759e+03
1.92522e-01 2.19613e+03
1.97523e-01 2.06688e+03
2.02522e-01 2.30570e+03
2.07520e-01 2.21388e+03
2.12520e-01 1.70961e+03
2.17519e-01 1.61026e+03
2.22517e-01 1.09266e+03
2.27517e-01 1.60253e+03
2.32517e-01 1.18250e+03
2.37517e-01 1.42196e+03
2.42517e-01 7.87906e+02
2.47517e-01 5.21328e+02
2.52517e-01 1.07827e+03
2.57516e-01 1.02885e+03
2.62515e-01 6.13219e+02
2.67515e-01 9.47891e+02
2.72514e-01 1.05668e+03
2.77515e-01 7.87227e+02
2.82515e-01 4.58742e+02
2.87514e-01 6.80602e+02
2.92514e-01 5.58398e+02
2.97513e-01 5.89531e+02
8.05565e-03 6.39191e+04
1.28387e-02 8.35433e+03
1.77584e-02 1.75745e+04
2.26862e-02 7.82737e+03
2.76450e-02 1.19760e+04
3.26261e-02 1.43484e+04
3.76152e-02 7.15161e+03
4.26121e-02 9.68245e+03
4.75881e-02 9.37716e+03
5.25764e-02 7.81263e+03
5.75766e-02 1.02427e+04
6.25706e-02 7.39396e+03
6.75643e-02 4.34084e+03
7.25546e-02 4.49879e+03
7.75520e-02 4.40323e+03
8.25499e-02 4.14497e+03
8.75466e-02 3.87408e+03
9.25461e-02 1.83025e+03
9.75410e-02 5.33410e+03
1.02539e-01 3.05886e+03
1.07538e-01 5.85243e+02
1.12539e-01 9.87151e+02
1.17539e-01 2.54506e+02
1.22534e-01 7.22973e+02
1.27532e-01 1.43891e+03
1.32531e-01 2.30174e+03
1.37529e-01 -9.04820e+01
1.42529e-01 4.32413e+02
1.47527e-01 -1.40002e+03
1.52526e-01 9.86253e+02
1.57526e-01 1.95418e+03
1.62527e-01 -1.25845e+02
1.67528e-01 -8.15282e+02
1.72524e-01 1.50047e+03
1.77522e-01 1.30661e+00
1.82524e-01 -1.46747e+02
1.87522e-01 1.16582e+03
1.92522e-01 7.92893e+02
1.97523e-01 4.98924e+02
2.02522e-01 2.61026e+02
2.07520e-01 3.11169e+02
2.12520e-01 -5.99529e+01
2.17519e-01 1.00418e+03
2.22517e-01 1.87609e+02
2.27517e-01 4.09944e+02
2.32517e-01 5.65438e+02
2.37517e-01 -8.67976e+01
2.42517e-01 5.52458e+02
2.47517e-01 4.46014e+02
2.52517e-01 -1.08833e+02
2.57516e-01 -6.54200e+02
2.62515e-01 -5.45180e+02
2.67515e-01 2.69510e+02
2.72514e-01 -1.33948e+02
2.77515e-01 -5.92575e+02
2.82515e-01 -1.04901e+02
2.87514e-01 3.79479e+02
2.92514e-01 -3.37321e+02
2.97513e-01 -6.09172e+02
