59 2
k power
8.05565e-03 -1.51307e+03
1.28387e-02 3.46551e+04
1.77584e-02 3.71936e+04
2.26862e-02 3.72693e+04
2.76450e-02 2.70906e+04
3.26261e-02 2.58248e+04
3.76152e-02 2.47376e+04
4.26121e-02 2.37694e+04
4.75881e-02 1.97574e+04
5.25764e-02 1.92894e+04
5.75766e-02 1.58837e+04
6.25706e-02 1.47689e+04
6.75643e-02 1.23072e+04
7.25546e-02 1.15336e+04
7.75520e-02 1.31869e+04
8.25499e-02 1.08979e+04
8.75466e-02 9.24666e+03
9.25461e-02 8.50394e+03
9.75410e-02 7.68060e+03
1.02539e-01 7.21759e+03
1.07538e-01 5.77341e+03
1.12539e-01 6.34074e+03
1.17539e-01 5.49148e+03
1.22534e-01 5.67159e+03
1.27532e-01 6.27895e+03
1.32531e-01 5.06977e+03
1.37529e-01 4.82730e+03
1.42529e-01 4.95930e+03
1.47527e-01 4.25135e+03
1.52526e-01 3.50416e+03
1.57526e-01 3.13371e+03
1.62527e-01 2.83039e+03
1.67528e-01 2.60952e+03
1.72524e-01 2.99241e+03
1.77522e-01 2.37586e+03
1.82524e-01 1.74522e+03
1.87522e-01 2.43406e+03
1.92522e-01 2.03363e+03
1.97523e-01 2.04091e+03
2.02522e-01 2.06166e+03
2.07520e-01 1.71530e+03
2.12520e-01 1.79799e+03
2.17519e-01 1.42265e+03
2.22517e-01 1.19491e+03
2.27517e-01 1.22565e+03
2.32517e-01 1.05849e+03
2.37517e-01 1.02211e+03
2.42517e-01 1.02512e+03
2.47517e-01 9.38539e+02
2.52517e-01 9.77453e+02
2.57516e-01 8.25062e+02
2.62515e-01 1.09887e+03
2.67515e-01 9.15602e+02
2.72514e-01 7.05805e+02
2.77515e-01 5.17492e+02
2.82515e-01 5.49328e+02
2.87514e-01 4.44695e+02
2.92514e-01 9.64859e+02
2.97513e-01 5.67938e+02
8.05565e-03 -1.12777e+04
1.28387e-02 7.61244e+03
1.77584e-02 3.80886e+04
2.26862e-02 3.03967e+04
2.76450e-02 1.97969e+04
3.26261e-02 1.61152e+04
3.76152e-02 1.04694e+04
4.26121e-02 6.23859e+03
4.75881e-02 4.41910e+03
5.25764e-02 6.74642e+03
5.75766e-02 7.51784e+03
6.25706e-02 4.26500e+03
6.75643e-02 3.23546e+03
7.25546e-02 1.85643e+03
7.75520e-02 5.81304e+03
8.25499e-02 2.51548e+03
8.75466e-02 3.55487e+03
9.25461e-02 3.85191e+03
9.75410e-02 3.77565e+02
1.02539e-01 1.82226e+03
1.07538e-01 4.56578e+03
1.12539e-01 4.48386e+03
1.17539e-01 4.21153e+03
1.22534e-01 1.23495e+03
1.27532e-01 5.70715e+02
1.32531e-01 1.81658e+03
1.37529e-01 1.36820e+03
1.42529e-01 2.17594e+03
1.47527e-01 1.17532e+03
1.52526e-01 -2.02902e+02
1.57526e-01 2.51410e+02
1.62527e-01 1.22414e+03
1.67528e-01 -6.46413e+02
1.72524e-01 -8.82399e+02
1.77522e-01 -1.48166e+03
1.82524e-01 -1.02199e+03
1.87522e-01 -2.55689e+02
1.92522e-01 -1.61475e+03
1.97523e-01 -1.18655e+02
2.02522e-01 -2.82041e+02
2.07520e-01 5.05755e+02
2.12520e-01 6.52880e+02
2.17519e-01 -3.56445e+02
2.22517e-01 6.20827e+02
2.27517e-01 5.08020e+02
2.32517e-01 4.20192e+02
2.37517e-01 1.93009e+01
2.42517e-01 -1.97871e+01
2.47517e-01 4.25316e+02
2.52517e-01 -2.87854e+01
2.57516e-01 -5.71425e+02
2.62515e-01 -8.25236e+02
2.67515e-01 -1.35388e+01
2.72514e-01 4.06878e+02
2.77515e-01 5.33316e+02
2.82515e-01 -4.31957e+01
2.87514e-01 -4.24904e+02
2.92514e-01 2.65683e+02
2.97513e-01 1.34121e+02
