59 2
k power
8.00271e-03 2.25664e+04
1.28497e-02 2.85449e+04
1.77641e-02 4.26031e+04
2.26842e-02 3.55480e+04
2.76464e-02 3.18518e+04
3.26361e-02 3.08790e+04
3.76229e-02 2.60360e+04
4.26066e-02 2.44734e+04
4.75842e-02 2.01194e+04
5.25722e-02 1.75295e+04
5.75659e-02 1.66295e+04
6.25589e-02 1.64066e+04
6.75629e-02 1.53719e+04
7.25605e-02 1.39856e+04
7.75516e-02 1.19535e+04
8.25500e-02 1.05062e+04
8.75455e-02 1.04451e+04
9.25437e-02 8.66116e+03
9.75415e-02 9.13183e+03
1.02534e-01 7.87129e+03
1.07536e-01 7.05162e+03
1.12540e-01 6.47657e+03
1.17537e-01 6.01050e+03
1.22533e-01 5.57545e+03
1.27534e-01 5.97773e+03
1.32530e-01 5.00163e+03
1.37531e-01 4.85739e+03
1.42530e-01 5.32980e+03
1.47526e-01 4.22045e+03
1.52527e-01 2.98877e+03
1.57528e-01 3.12371e+03
1.62527e-01 3.64981e+03
1.67526e-01 3.13623e+03
1.72526e-01 3.23932e+03
1.77526e-01 2.97188e+03
1.82527e-01 2.21117e+03
1.87525e-01 2.66675e+03
1.92520e-01 1.24064e+03
1.97516e-01 2.07959e+03
2.02513e-01 1.62621e+03
2.07516e-01 1.78787e+03
2.12517e-01 1.26213e+03
2.17519e-01 1.49012e+03
2.22521e-01 1.56312e+03
2.27519e-01 1.45284e+03
2.32521e-01 7.66820e+02
2.37520e-01 7.89062e+02
2.42520e-01 1.08198e+03
2.47519e-01 9.23055e+02
2.52516e-01 1.17345e+03
2.57514e-01 7.59266e+02
2.62513e-01 1.02168e+03
2.67513e-01 9.45672e+02
2.72514e-01 8.12359e+02
2.77515e-01 7.87367e+02
2.82516e-01 5.90922e+02
2.87514e-01 1.88883e+02
2.92512e-01 3.74852e+02
2.97514e-01 5.67008e+02
8.00271e-03 3.60614e+03
1.28497e-02 -6.91126e+02
1.77641e-02 3.97311e+04
2.26842e-02 1.18659e+04
2.76464e-02 1.40600e+04
3.26361e-02 2.08908e+04
3.76229e-02 3.16047e+03
4.26066e-02 8.28002e+03
4.75842e-02 4.12707e+02
5.25722e-02 9.83273e+03
5.75659e-02 4.63422e+03
6.25589e-02 8.03633e+03
6.75629e-02 5.22037e+03
7.25605e-02 2.05908e+03
7.75516e-02 4.96964e+03
8.25500e-02 3.91034e+03
8.75455e-02 1.29664e+03
9.25437e-02 4.84924e+03
9.75415e-02 5.42402e+03
1.02534e-01 2.01761e+03
1.07536e-01 1.22879e+03
1.12540e-01 -1.86871e+03
1.17537e-01 5.17258e+02
1.22533e-01 -9.45541e+02
1.27534e-01 -1.68430e+03
1.32530e-01 2.51425e+02
1.37531e-01 4.28523e+02
1.42530e-01 -8.82068e+02
1.47526e-01 4.18915e+02
1.52527e-01 -8.51305e+02
1.57528e-01 -4.16705e+02
1.62527e-01 1.19418e+03
1.67526e-01 2.59844e+02
1.72526e-01 -1.20917e+02
1.77526e-01 1.24798e+03
1.82527e-01 6.96895e+02
1.87525e-01 1.04019e+03
1.92520e-01 8.23453e+02
1.97516e-01 9.32732e+02
2.02513e-01 -1.14989e+03
2.07516e-01 1.28118e+02
2.12517e-01 -8.13341e+02
2.17519e-01 1.45962e+03
2.22521e-01 -5.48983e+02
2.27519e-01 -4.20412e+02
2.32521e-01 -1.00113e+03
2.37520e-01 -7.30789e+02
2.42520e-01 -1.36128e+02
2.47519e-01 -6.07479e+02
2.52516e-01 -8.65368e+02
2.57514e-01 7.01866e+02
2.62513e-01 1.62651e+03
2.67513e-01 1.90204e+01
2.72514e-01 -2.47930e+02
2.77515e-01 -1.30311e+01
2.82516e-01 -8.24281e+01
2.87514e-01 2.08067e+01
2.92512e-01 -6.32506e+02
2.97514e-01 2.84608e+01
