59 2
k power
8.00271e-03 3.35017e+04
1.28497e-02 4.15058e+04
1.77641e-02 5.28635e+04
2.26842e-02 4.04762e+04
2.76464e-02 3.34080e+04
3.26361e-02 2.79306e+04
3.76229e-02 2.50637e+04
4.26066e-02 2.41717e+04
4.75842e-02 2.46676e+04
5.25722e-02 1.88115e+04
5.75659e-02 1.72224e+04
6.25589e-02 1.59803e+04
6.75629e-02 1.48467e+04
7.25605e-02 1.26679e+04
7.75516e-02 1.35331e+04
8.25500e-02 1.04514e+04
8.75455e-02 1.09806e+04
9.25437e-02 8.18048e+03
9.75415e-02 7.90577e+03
1.02534e-01 6.78627e+03
1.07536e-01 4.88101e+03
1.12540e-01 5.66659e+03
1.17537e-01 6.20273e+03
1.22533e-01 5.40225e+03
1.27534e-01 4.62315e+03
1.32530e-01 4.78652e+03
1.37531e-01 4.41441e+03
1.42530e-01 3.68823e+03
1.47526e-01 4.15252e+03
1.52527e-01 4.02212e+03
1.57528e-01 4.66161e+03
1.62527e-01 3.40070e+03
1.67526e-01 3.07930e+03
1.72526e-01 3.25278e+03
1.77526e-01 2.75073e+03
1.82527e-01 2.08776e+03
1.87525e-01 2.04565e+03
1.92520e-01 2.86698e+03
1.97516e-01 2.55021e+03
2.02513e-01 2.50846e+03
2.07516e-01 2.11192e+03
2.12517e-01 1.95420e+03
2.17519e-01 1.70423e+03
2.22521e-01 1.71098e+03
2.27519e-01 1.28451e+03
2.32521e-01 1.24538e+03
2.37520e-01 1.19995e+03
2.42520e-01 1.05017e+03
2.47519e-01 1.03416e+03
2.52516e-01 5.80992e+02
2.57514e-01 5.52680e+02
2.62513e-01 9.44320e+02
2.67513e-01 1.16083e+03
2.72514e-01 8.70258e+02
2.77515e-01 6.94438e+02
2.82516e-01 4.96109e+02
2.87514e-01 1.95562e+02
2.92512e-01 -4.81094e+01
2.97514e-01 3.55180e+02
8.00271e-03 -3.32160e+04
1.28497e-02 1.54266e+04
1.77641e-02 2.21335e+04
2.26842e-02 3.79776e+02
2.76464e-02 1.09662e+04
3.26361e-02 -2.74490e+03
3.76229e-02 7.93061e+03
4.26066e-02 7.09471e+03
4.75842e-02 6.40288e+03
5.25722e-02 1.52599e+03
5.75659e-02 6.59798e+03
6.25589e-02 9.80777e+03
6.75629e-02 6.79907e+03
7.25605e-02 1.09081e+04
7.75516e-02 1.21168e+03
8.25500e-02 1.23892e+03
8.75455e-02 5.79809e+03
9.25437e-02 1.91419e+03
9.75415e-02 2.46643e+03
1.02534e-01 3.41154e+03
1.07536e-01 4.27289e+03
1.12540e-01 2.80322e+03
1.17537e-01 1.51869e+03
1.22533e-01 1.21919e+03
1.27534e-01 2.07259e+03
1.32530e-01 6.67026e+02
1.37531e-01 5.22070e+02
1.42530e-01 1.98028e+02
1.47526e-01 8.57639e+02
1.52527e-01 -1.29119e+03
1.57528e-01 -1.72149e+03
1.62527e-01 4.80274e+02
1.67526e-01 -2.60762e+02
1.72526e-01 -2.91455e+02
1.77526e-01 -5.03722e+02
1.82527e-01 5.89874e+01
1.87525e-01 -7.41285e+01
1.92520e-01 -3.95046e+02
1.97516e-01 -1.41201e+03
2.02513e-01 -1.07738e+03
2.07516e-01 -6.60572e+02
2.12517e-01 -1.82092e+02
2.17519e-01 -6.86686e+02
2.22521e-01 -5.82716e+02
2.27519e-01 -2.70581e+02
2.32521e-01 -1.26191e+03
2.37520e-01 5.53518e+02
2.42520e-01 -2.89494e+02
2.47519e-01 -8.20547e+02
2.52516e-01 -3.47643e+02
2.57514e-01 -1.15538e+03
2.62513e-01 -4.65221e+02
2.67513e-01 -1.16678e+03
2.72514e-01 7.80632e+01
2.77515e-01 -4.92474e+02
2.82516e-01 -7.23059e+02
2.87514e-01 6.28285e+02
2.92512e-01 -6.55456e+01
2.97514e-01 -2.76439e+02
