80 2
k power
3.70544e-03 2.45835e+04
8.00271e-03 4.64299e+04
1.28497e-02 3.47491e+04
1.77641e-02 3.75365e+04
2.26842e-02 4.36590e+04
2.76464e-02 3.37191e+04
3.26361e-02 2.54843e+04
3.76229e-02 2.60865e+04
4.26066e-02 2.26048e+04
4.75842e-02 1.86462e+04
5.25722e-02 1.82061e+04
5.75659e-02 1.82534e+04
6.25589e-02 1.72389e+04
6.75629e-02 1.55936e+04
7.25605e-02 1.51780e+04
7.75516e-02 1.26107e+04
8.25500e-02 1.25424e+04
8.75455e-02 9.71627e+03
9.25437e-02 8.36488e+03
9.75415e-02 7.72668e+03
1.02534e-01 7.29829e+03
1.07536e-01 7.27091e+03
1.12540e-01 6.82390e+03
1.17537e-01 5.89560e+03
1.22533e-01 5.66383e+03
1.27534e-01 5.20930e+03
1.32530e-01 4.54356e+03
1.37531e-01 3.78892e+03
1.42530e-01 3.99459e+03
1.47526e-01 3.96380e+03
1.52527e-01 4.64410e+03
1.57528e-01 3.90216e+03
1.62527e-01 3.72662e+03
1.67526e-01 2.74348e+03
1.72526e-01 2.73954e+03
1.77526e-01 2.95945e+03
1.82527e-01 2.65687e+03
1.87525e-01 2.83709e+03
1.92520e-01 2.37105e+03
1.97516e-01 2.43181e+03
2.02513e-01 1.88220e+03
2.07516e-01 1.84216e+03
2.12517e-01 1.51668e+03
2.17519e-01 2.02528e+03
2.22521e-01 1.30888e+03
2.27519e-01 1.14356e+03
2.32521e-01 7.40680e+02
2.37520e-01 9.33086e+02
2.42520e-01 8.82867e+02
2.47519e-01 1.36632e+03
2.52516e-01 7.07773e+02
2.57514e-01 4.94438e+02
2.62513e-01 9.23586e+02
2.67513e-01 7.71578e+02
2.72514e-01 8.68289e+02
2.77515e-01 3.93008e+02
2.82516e-01 5.24648e+02
2.87514e-01 4.23242e+02
2.92512e-01 4.84062e+01
2.97514e-01 3.75883e+02
3.02516e-01 6.20398e+02
3.07515e-01 6.60742e+02
3.12512e-01 5.17133e+02
3.17510e-01 2.97508e+02
3.22511e-01 1.83258e+02
3.27512e-01 3.06914e+02
3.32512e-01 1.80055e+02
3.37512e-01 1.25281e+02
3.42513e-01 1.60523e+02
3.47513e-01 1.85602e+02
3.52513e-01 2.79812e+02
3.57513e-01 3.73023e+02
3.62512e-01 3.06805e+02
3.67512e-01 4.48906e+01
3.72512e-01 2.17516e+02
3.77511e-01 1.74102e+02
3.82510e-01 -3.12969e+01
3.87510e-01 1.16008e+02
3.92510e-01 1.68367e+02
3.97510e-01 8.82891e+01
3.70544e-03 2.35866e+04
8.00271e-03 -3.63530e+04
1.28497e-02 -2.75261e+03
1.77641e-02 1.33326e+04
2.26842e-02 7.81577e+03
2.76464e-02 1.13999e+04
3.26361e-02 5.73180e+03
3.76229e-02 4.25546e+03
4.26066e-02 8.46592e+03
4.75842e-02 7.04813e+03
5.25722e-02 1.03758e+04
5.75659e-02 9.79267e+03
6.25589e-02 8.89361e+03
6.75629e-02 4.81224e+03
7.25605e-02 6.01353e+03
7.75516e-02 2.38077e+03
8.25500e-02 2.84167e+03
8.75455e-02 2.97062e+03
9.25437e-02 1.33286e+03
9.75415e-02 1.22402e+03
1.02534e-01 4.37235e+03
1.07536e-01 4.64551e+03
1.12540e-01 1.14529e+02
1.17537e-01 2.04288e+03
1.22533e-01 1.74250e+03
1.27534e-01 1.78290e+03
1.32530e-01 4.06491e+02
1.37531e-01 -4.10389e+02
1.42530e-01 1.24731e+02
1.47526e-01 2.77344e+02
1.52527e-01 1.14624e+03
1.57528e-01 9.32241e+02
1.62527e-01 1.36113e+03
1.67526e-01 1.16476e+03
1.72526e-01 1.57557e+03
1.77526e-01 1.11089e+03
1.82527e-01 9.95199e+02
1.87525e-01 1.54601e+03
1.92520e-01 -4.20253e+02
1.97516e-01 -4.78848e+02
2.02513e-01 6.42110e+02
2.07516e-01 6.85751e+02
2.12517e-01 -1.93834e+02
2.17519e-01 -9.03363e+02
2.22521e-01 2.17038e+01
2.27519e-01 6.04891e+02
2.32521e-01 9.02607e+01
2.37520e-01 4.65791e+02
2.42520e-01 -5.02574e+02
2.47519e-01 6.12351e+02
2.52516e-01 -2.51432e+02
2.57514e-01 -5.52621e+02
2.62513e-01 -5.80198e+01
2.67513e-01 -1.39497e+02
2.72514e-01 -3.60179e+02
2.77515e-01 -4.60085e+02
2.82516e-01 -1.24912e+03
2.87514e-01 -5.35514e+02
2.92512e-01 -4.56275e+02
2.97514e-01 -6.48393e+02
3.02516e-01 -3.85567e+02
3.07515e-01 3.19205e+02
3.12512e-01 -2.37750e+00
3.17510e-01 -3.29168e+02
3.22511e-01 -2.02927e+02
3.27512e-01 -3.27665e+02
3.32512e-01 -8.48977e+02
3.37512e-01 -1.29627e+02
3.42513e-01 -4.47188e+02
3.47513e-01 -5.72948e+00
3.52513e-01 4.08630e+02
3.57513e-01 -4.38876e+02
3.62512e-01 -2.02305e+02
3.67512e-01 4.58018e+02
3.72512e-01 3.25604e+01
3.77511e-01 1.22881e+02
3.82510e-01 5.93994e+02
3.87510e-01 2.86575e+01
3.92510e-01 1.39684e+02
3.97510e-01 4.45429e+02
