80 2
k power
3.75378e-03 3.08505e+04
8.05040e-03 4.78019e+04
1.28486e-02 3.80650e+04
1.77516e-02 3.99088e+04
2.26918e-02 3.27495e+04
2.76480e-02 3.43595e+04
3.26126e-02 2.88803e+04
3.76111e-02 2.57243e+04
4.26130e-02 2.05839e+04
4.76051e-02 1.95402e+04
5.25913e-02 1.87758e+04
5.75684e-02 1.42302e+04
6.25625e-02 1.62149e+04
6.75666e-02 1.62374e+04
7.25730e-02 1.27519e+04
7.75647e-02 1.35877e+04
8.25476e-02 1.06735e+04
8.75441e-02 9.41751e+03
9.25437e-02 9.11980e+03
9.75415e-02 7.73879e+03
1.02541e-01 7.14930e+03
1.07542e-01 6.09529e+03
1.12541e-01 4.86726e+03
1.17533e-01 5.73283e+03
1.22524e-01 4.61826e+03
1.27531e-01 5.66161e+03
1.32537e-01 6.24996e+03
1.37532e-01 5.58657e+03
1.42526e-01 4.05523e+03
1.47525e-01 3.81821e+03
1.52527e-01 3.16808e+03
1.57525e-01 3.16444e+03
1.62524e-01 4.04846e+03
1.67524e-01 3.88691e+03
1.72523e-01 3.40073e+03
1.77521e-01 1.95656e+03
1.82521e-01 2.37892e+03
1.87522e-01 2.49619e+03
1.92522e-01 1.95686e+03
1.97522e-01 1.93991e+03
2.02520e-01 1.87724e+03
2.07516e-01 1.28366e+03
2.12515e-01 4.94086e+02
2.17519e-01 1.33584e+03
2.22521e-01 1.94628e+03
2.27520e-01 1.69633e+03
2.32521e-01 1.33380e+03
2.37519e-01 1.61755e+03
2.42517e-01 5.68758e+02
2.47516e-01 1.05304e+03
2.52517e-01 1.26959e+03
2.57519e-01 1.09169e+03
2.62519e-01 9.36516e+02
2.67517e-01 8.28023e+02
2.72515e-01 9.20477e+02
2.77516e-01 1.11299e+03
2.82516e-01 9.16039e+02
2.87515e-01 6.16406e+02
2.92513e-01 8.62680e+02
2.97512e-01 7.99148e+02
3.02513e-01 7.48508e+02
3.07511e-01 3.68758e+02
3.12511e-01 6.58305e+02
3.17513e-01 6.35609e+02
3.22513e-01 1.40547e+01
3.27512e-01 4.80109e+02
3.32509e-01 5.61258e+02
3.37510e-01 3.10344e+02
3.42513e-01 3.79547e+02
3.47514e-01 4.94297e+01
3.52514e-01 3.60609e+02
3.57512e-01 4.49656e+02
3.62512e-01 8.34609e+01
3.67512e-01 2.41133e+02
3.72510e-01 3.80273e+02
3.77511e-01 1.84469e+02
3.82512e-01 1.08945e+02
3.87512e-01 2.32398e+02
3.92510e-01 -4.42109e+01
3.97510e-01 -2.39805e+02
3.75378e-03 -5.56155e+04
8.05040e-03 2.61993e+04
1.28486e-02 -2.02766e+03
1.77516e-02 -2.20114e+04
2.26918e-02 4.70414e+03
2.76480e-02 2.21051e+03
3.26126e-02 9.30191e+03
3.76111e-02 1.12372e+04
4.26130e-02 2.68381e+03
4.76051e-02 1.18275e+03
5.25913e-02 5.91714e+03
5.75684e-02 5.73000e+03
6.25625e-02 4.81702e+03
6.75666e-02 4.51924e+03
7.25730e-02 3.07882e+03
7.75647e-02 5.84001e+03
8.25476e-02 4.42123e+03
8.75441e-02 1.86554e+03
9.25437e-02 1.40988e+03
9.75415e-02 4.73482e+03
1.02541e-01 4.90516e+03
1.07542e-01 1.22248e+03
1.12541e-01 4.10235e+03
1.17533e-01 3.80985e+03
1.22524e-01 1.88846e+03
1.27531e-01 1.74242e+03
1.32537e-01 8.78154e+02
1.37532e-01 -2.11479e+02
1.42526e-01 -5.55780e+02
1.47525e-01 9.12388e+02
1.52527e-01 2.97355e+03
1.57525e-01 1.79823e+03
1.62524e-01 -1.28289e+03
1.67524e-01 1.08907e+03
1.72523e-01 1.11516e+03
1.77521e-01 -1.02201e+03
1.82521e-01 -1.00563e+03
1.87522e-01 -2.82220e+02
1.92522e-01 -1.26852e+02
1.97522e-01 -1.14222e+02
2.02520e-01 2.34939e+01
2.07516e-01 -3.28535e+02
2.12515e-01 -5.38745e+02
2.17519e-01 -6.89707e+02
2.22521e-01 7.83079e+02
2.27520e-01 -2.51856e+02
2.32521e-01 -6.69672e+02
2.37519e-01 -5.67723e+02
2.42517e-01 4.09359e+02
2.47516e-01 2.07567e+01
2.52517e-01 1.18777e+02
2.57519e-01 8.79799e+02
2.62519e-01 -9.68195e+02
2.67517e-01 -1.61922e+02
2.72515e-01 1.10718e+03
2.77516e-01 -1.13626e+02
2.82516e-01 -5.99422e+02
2.87515e-01 -1.06241e+02
2.92513e-01 -1.02803e+02
2.97512e-01 3.09970e+02
3.02513e-01 1.16427e+02
3.07511e-01 -5.59783e+02
3.12511e-01 6.48503e+01
3.17513e-01 4.04386e+02
3.22513e-01 1.01174e+01
3.27512e-01 -5.65765e+02
3.32509e-01 -5.60667e+02
3.37510e-01 -2.10780e+02
3.42513e-01 5.38447e+02
3.47514e-01 -1.96061e+02
3.52514e-01 -5.35442e+02
3.57512e-01 2.69702e+02
3.62512e-01 -7.42979e+02
3.67512e-01 -5.48156e+00
3.72510e-01 -7.71421e+02
3.77511e-01 8.84075e+02
3.82512e-01 1.21740e+03
3.87512e-01 1.23258e+02
3.92510e-01 4.32505e+02
3.97510e-01 2.53619e+02
