80 2
k power
3.70544e-03 5.48256e+04
8.00271e-03 1.62145e+04
1.28497e-02 3.07138e+04
1.77641e-02 3.82962e+04
2.26842e-02 4.37359e+04
2.76464e-02 3.42615e+04
3.26361e-02 2.56950e+04
3.76229e-02 2.31766e+04
4.26066e-02 2.19891e+04
4.75842e-02 1.89210e+04
5.25722e-02 1.82754e+04
5.75659e-02 1.89986e+04
6.25589e-02 1.67404e+04
6.75629e-02 1.48741e+04
7.25605e-02 1.37412e+04
7.75516e-02 1.21427e+04
8.25500e-02 1.22087e+04
8.75455e-02 7.43529e+03
9.25437e-02 8.03662e+03
9.75415e-02 7.21838e+03
1.02534e-01 6.80509e+03
1.07536e-01 7.09790e+03
1.12540e-01 5.59718e+03
1.17537e-01 6.00410e+03
1.22533e-01 5.36909e+03
1.27534e-01 4.27470e+03
1.32530e-01 4.91549e+03
1.37531e-01 4.48476e+03
1.42530e-01 4.61827e+03
1.47526e-01 3.61674e+03
1.52527e-01 3.05268e+03
1.57528e-01 3.00751e+03
1.62527e-01 2.91316e+03
1.67526e-01 2.67918e+03
1.72526e-01 2.39512e+03
1.77526e-01 3.04476e+03
1.82527e-01 2.52741e+03
1.87525e-01 2.01680e+03
1.92520e-01 2.12556e+03
1.97516e-01 2.02270e+03
2.02513e-01 1.58348e+03
2.07516e-01 1.39105e+03
2.12517e-01 1.32523e+03
2.17519e-01 1.21123e+03
2.22521e-01 1.20199e+03
2.27519e-01 1.13575e+03
2.32521e-01 1.49669e+03
2.37520e-01 1.26101e+03
2.42520e-01 1.48984e+03
2.47519e-01 1.00184e+03
2.52516e-01 1.12787e+03
2.57514e-01 1.14585e+03
2.62513e-01 1.02195e+03
2.67513e-01 7.70586e+02
2.72514e-01 1.04423e+03
2.77515e-01 8.93320e+02
2.82516e-01 7.25734e+02
2.87514e-01 8.87508e+02
2.92512e-01 5.41234e+02
2.97514e-01 5.15188e+02
3.02516e-01 7.51289e+02
3.07515e-01 4.53969e+02
3.12512e-01 6.18414e+02
3.17510e-01 5.83656e+02
3.22511e-01 3.15922e+02
3.27512e-01 3.89898e+02
3.32512e-01 4.06672e+02
3.37512e-01 6.68727e+02
3.42513e-01 4.06422e+02
3.47513e-01 3.13578e+02
3.52513e-01 5.27383e+02
3.57513e-01 2.03500e+02
3.62512e-01 2.53047e+01
3.67512e-01 3.34891e+02
3.72512e-01 4.60781e+02
3.77511e-01 2.89367e+02
3.82510e-01 -1.12031e+01
3.87510e-01 2.13164e+02
3.92510e-01 1.69594e+02
3.97510e-01 5.25078e+01
3.70544e-03 -4.80940e+04
8.00271e-03 1.20359e+04
1.28497e-02 7.34920e+03
1.77641e-02 1.96342e+04
2.26842e-02 -4.66306e+03
2.76464e-02 2.58030e+03
3.26361e-02 6.38013e+03
3.76229e-02 6.64413e+03
4.26066e-02 1.50900e+04
4.75842e-02 1.04979e+04
5.25722e-02 5.70982e+03
5.75659e-02 1.01715e+04
6.25589e-02 1.05821e+04
6.75629e-02 7.13799e+03
7.25605e-02 5.07486e+03
7.75516e-02 5.66889e+03
8.25500e-02 8.43877e+03
8.75455e-02 2.81986e+03
9.25437e-02 4.56254e+03
9.75415e-02 2.54326e+03
1.02534e-01 2.02400e+03
1.07536e-01 8.38534e+02
1.12540e-01 2.64502e+03
1.17537e-01 1.17234e+03
1.22533e-01 2.12039e+03
1.27534e-01 2.41480e+03
1.32530e-01 8.89292e+02
1.37531e-01 6.27894e+01
1.42530e-01 1.96212e+02
1.47526e-01 -7.78963e+02
1.52527e-01 1.09711e+03
1.57528e-01 -7.70723e+01
1.62527e-01 1.72707e+02
1.67526e-01 -2.00869e+02
1.72526e-01 7.54172e+02
1.77526e-01 9.23259e+02
1.82527e-01 7.76234e+02
1.87525e-01 6.74799e+02
1.92520e-01 9.38856e+02
1.97516e-01 2.08484e+03
2.02513e-01 8.86436e+02
2.07516e-01 4.32475e+02
2.12517e-01 -3.01250e+02
2.17519e-01 3.86636e+02
2.22521e-01 -1.03553e+00
2.27519e-01 -6.29521e+02
2.32521e-01 -1.55162e+02
2.37520e-01 -7.03323e+00
2.42520e-01 5.06516e+02
2.47519e-01 2.84459e+02
2.52516e-01 -5.62714e+01
2.57514e-01 -7.02273e+02
2.62513e-01 -2.38438e+02
2.67513e-01 -3.06366e-02
2.72514e-01 -4.12358e+02
2.77515e-01 -3.95078e+02
2.82516e-01 -1.82951e+02
2.87514e-01 -2.45055e+02
2.92512e-01 -3.56840e+01
2.97514e-01 1.37709e+02
3.02516e-01 -2.74023e+02
3.07515e-01 5.26862e+02
3.12512e-01 1.56113e+02
3.17510e-01 8.38007e+02
3.22511e-01 4.19770e+02
3.27512e-01 6.79698e+02
3.32512e-01 1.24475e+02
3.37512e-01 -2.09550e+02
3.42513e-01 -1.26170e+02
3.47513e-01 1.05020e+02
3.52513e-01 -1.66646e+02
3.57513e-01 -4.69345e+02
3.62512e-01 -1.66443e+02
3.67512e-01 -3.01445e+02
3.72512e-01 1.18042e+03
3.77511e-01 1.34683e+02
3.82510e-01 6.46935e+02
3.87510e-01 3.03672e+02
3.92510e-01 -3.55889e+02
3.97510e-01 -1.80571e+02
