60 2
k power
3.78596e-03 5.50314e+04
8.05565e-03 5.77087e+04
1.28387e-02 4.09450e+04
1.77584e-02 4.38916e+04
2.26862e-02 3.68268e+04
2.76450e-02 3.83690e+04
3.26261e-02 2.75214e+04
3.76152e-02 2.94969e+04
4.26121e-02 2.11931e+04
4.75881e-02 2.08851e+04
5.25764e-02 1.89444e+04
5.75766e-02 1.71464e+04
6.25706e-02 1.48717e+04
6.75643e-02 1.57526e+04
7.25546e-02 1.38828e+04
7.75520e-02 1.34857e+04
8.25499e-02 1.27801e+04
8.75466e-02 9.00508e+03
9.25461e-02 7.54814e+03
9.75410e-02 7.61834e+03
1.02539e-01 7.06434e+03
1.07538e-01 7.09938e+03
1.12539e-01 4.82162e+03
1.17539e-01 5.43557e+03
1.22534e-01 5.78702e+03
1.27532e-01 4.74305e+03
1.32531e-01 6.07633e+03
1.37529e-01 4.80578e+03
1.42529e-01 3.35757e+03
1.47527e-01 3.19043e+03
1.52526e-01 2.85896e+03
1.57526e-01 2.92448e+03
1.62527e-01 2.48948e+03
1.67528e-01 3.14512e+03
1.72524e-01 2.68557e+03
1.77522e-01 3.03312e+03
1.82524e-01 3.04780e+03
1.87522e-01 2.67173e+03
1.92522e-01 2.46165e+03
1.97523e-01 2.44839e+03
2.02522e-01 2.54066e+03
2.07520e-01 2.21845e+03
2.12520e-01 1.86078e+03
2.17519e-01 1.56083e+03
2.22517e-01 1.10042e+03
2.27517e-01 9.60820e+02
2.32517e-01 1.27428e+03
2.37517e-01 1.05832e+03
2.42517e-01 1.60929e+03
2.47517e-01 1.04234e+03
2.52517e-01 1.02062e+03
2.57516e-01 5.14938e+02
2.62515e-01 5.30875e+02
2.67515e-01 7.91078e+02
2.72514e-01 6.32594e+02
2.77515e-01 4.05094e+02
2.82515e-01 7.88305e+02
2.87514e-01 7.30508e+02
2.92514e-01 6.88773e+02
2.97513e-01 8.25516e+02
3.78596e-03 -1.03657e+04
8.05565e-03 -3.38402e+04
1.28387e-02 4.63793e+03
1.77584e-02 1.58437e+04
2.26862e-02 1.98066e+04
2.76450e-02 1.24714e+04
3.26261e-02 1.53639e+04
3.76152e-02 7.66620e+02
4.26121e-02 9.87487e+03
4.75881e-02 7.00749e+03
5.25764e-02 1.01021e+04
5.75766e-02 6.84392e+03
6.25706e-02 5.77394e+03
6.75643e-02 7.29304e+03
7.25546e-02 3.63691e+03
7.75520e-02 3.80624e+03
8.25499e-02 2.32385e+03
8.75466e-02 4.62537e+03
9.25461e-02 1.29017e+03
9.75410e-02 7.21754e+02
1.02539e-01 1.61227e+03
1.07538e-01 2.03558e+03
1.12539e-01 6.23310e+02
1.17539e-01 3.42112e+03
1.22534e-01 2.05273e+03
1.27532e-01 -1.79183e+02
1.32531e-01 1.74401e+03
1.37529e-01 2.07743e+03
1.42529e-01 2.05038e+03
1.47527e-01 1.91343e+03
1.52526e-01 1.31961e+03
1.57526e-01 -7.19104e+02
1.62527e-01 -1.17960e+02
1.67528e-01 6.49646e+01
1.72524e-01 -6.98247e+02
1.77522e-01 -8.31858e+02
1.82524e-01 -1.51505e+02
1.87522e-01 -7.04168e+02
1.92522e-01 -4.71387e+01
1.97523e-01 -2.44493e+02
2.02522e-01 -1.43556e+01
2.07520e-01 -1.17430e+03
2.12520e-01 -6.68714e+02
2.17519e-01 1.71511e+02
2.22517e-01 -6.88526e+02
2.27517e-01 2.45571e+01
2.32517e-01 3.55992e+02
2.37517e-01 -4.54225e+02
2.42517e-01 -7.14488e+01
2.47517e-01 7.91783e+01
2.52517e-01 9.81480e+02
2.57516e-01 -4.10815e+02
2.62515e-01 8.40005e+01
2.67515e-01 6.49537e+02
2.72514e-01 1.98319e+02
2.77515e-01 -9.13178e+02
2.82515e-01 -6.50159e+02
2.87514e-01 1.08886e+02
2.92514e-01 6.29792e+02
2.97513e-01 2.93345e+02
