60 2
k power
3.75378e-03 4.75436e+04
8.05040e-03 4.59754e+04
1.28486e-02 5.09528e+04
1.77516e-02 4.19260e+04
2.26918e-02 2.88715e+04
2.76480e-02 3.64592e+04
3.26126e-02 2.90183e+04
3.76111e-02 2.38721e+04
4.26130e-02 2.43425e+04
4.76051e-02 1.94121e+04
5.25913e-02 1.64448e+04
5.75684e-02 1.51273e+04
6.25625e-02 1.47926e+04
6.75666e-02 1.23451e+04
7.25730e-02 1.19920e+04
7.75647e-02 1.38874e+04
8.25476e-02 1.03619e+04
8.75441e-02 1.20237e+04
9.25437e-02 7.06979e+03
9.75415e-02 9.01434e+03
1.02541e-01 7.88096e+03
1.07542e-01 6.99809e+03
1.12541e-01 5.56468e+03
1.17533e-01 5.96494e+03
1.22524e-01 6.56491e+03
1.27531e-01 5.88283e+03
1.32537e-01 4.93727e+03
1.37532e-01 4.94441e+03
1.42526e-01 4.40776e+03
1.47525e-01 3.52878e+03
1.52527e-01 3.47130e+03
1.57525e-01 3.79518e+03
1.62524e-01 3.67863e+03
1.67524e-01 2.87508e+03
1.72523e-01 1.96655e+03
1.77521e-01 2.61100e+03
1.82521e-01 1.66497e+03
1.87522e-01 2.63758e+02
1.92522e-01 1.74606e+03
1.97522e-01 1.55797e+03
2.02520e-01 1.41672e+03
2.07516e-01 1.57050e+03
2.12515e-01 1.44917e+03
2.17519e-01 2.04465e+03
2.22521e-01 1.73630e+03
2.27520e-01 1.38835e+03
2.32521e-01 9.60773e+02
2.37519e-01 6.73898e+02
2.42517e-01 1.21030e+03
2.47516e-01 8.29031e+02
2.52517e-01 1.06675e+03
2.57519e-01 1.41726e+03
2.62519e-01 5.48133e+02
2.67517e-01 8.30133e+02
2.72515e-01 7.29258e+02
2.77516e-01 8.51344e+02
2.82516e-01 1.54451e+03
2.87515e-01 1.17430e+03
2.92513e-01 7.14680e+02
2.97512e-01 8.06328e+01
3.75378e-03 -1.45600e+04
8.05040e-03 1.11296e+04
1.28486e-02 7.48634e+04
1.77516e-02 2.74344e+04
2.26918e-02 9.54305e+03
2.76480e-02 1.35888e+04
3.26126e-02 2.29176e+03
3.76111e-02 1.84005e+04
4.26130e-02 7.67761e+03
4.76051e-02 7.58642e+03
5.25913e-02 1.31023e+04
5.75684e-02 1.17719e+04
6.25625e-02 4.68095e+03
6.75666e-02 4.12013e+03
7.25730e-02 8.25480e+03
7.75647e-02 3.84485e+03
8.25476e-02 2.70353e+03
8.75441e-02 7.22015e+03
9.25437e-02 6.03204e+03
9.75415e-02 3.94820e+03
1.02541e-01 7.80244e+02
1.07542e-01 4.22619e+02
1.12541e-01 -1.96144e+02
1.17533e-01 1.21719e+03
1.22524e-01 3.19341e+03
1.27531e-01 1.03967e+03
1.32537e-01 3.18747e+03
1.37532e-01 3.30903e+03
1.42526e-01 1.83944e+03
1.47525e-01 7.65628e+02
1.52527e-01 6.13835e+02
1.57525e-01 -9.90597e+02
1.62524e-01 1.31115e+03
1.67524e-01 1.28890e+03
1.72523e-01 1.01450e+03
1.77521e-01 1.25873e+03
1.82521e-01 2.68013e+03
1.87522e-01 1.07153e+03
1.92522e-01 1.90986e+01
1.97522e-01 4.94968e+02
2.02520e-01 2.00307e+03
2.07516e-01 8.67223e+02
2.12515e-01 9.83114e+02
2.17519e-01 1.07549e+03
2.22521e-01 1.63383e+02
2.27520e-01 4.56844e+02
2.32521e-01 9.07999e+02
2.37519e-01 -3.40828e+01
2.42517e-01 -4.30331e+02
2.47516e-01 6.53245e+02
2.52517e-01 7.17417e+02
2.57519e-01 -2.82146e+02
2.62519e-01 2.03537e+02
2.67517e-01 -3.47269e+01
2.72515e-01 2.56230e+02
2.77516e-01 -5.27147e+01
2.82516e-01 8.31095e+02
2.87515e-01 8.59378e+02
2.92513e-01 3.44052e+02
2.97512e-01 3.14224e+02
