59 2
k power
8.01858e-03 2.38568e+04
1.28441e-02 3.47170e+04
1.77514e-02 3.74438e+04
2.26910e-02 3.27407e+04
2.76613e-02 2.70229e+04
3.26316e-02 2.82774e+04
3.76089e-02 2.37742e+04
4.25899e-02 2.33374e+04
4.75838e-02 2.24457e+04
5.25894e-02 1.78500e+04
5.75770e-02 1.64431e+04
6.25679e-02 1.57529e+04
6.75637e-02 1.27424e+04
7.25587e-02 1.19514e+04
7.75534e-02 1.20969e+04
8.25494e-02 1.08968e+04
8.75470e-02 1.02012e+04
9.25421e-02 8.93737e+03
9.75420e-02 8.76933e+03
1.02542e-01 8.56148e+03
1.07541e-01 7.33028e+03
1.12539e-01 6.85889e+03
1.17536e-01 6.52935e+03
1.22536e-01 6.34198e+03
1.27533e-01 5.68177e+03
1.32529e-01 5.23802e+03
1.37528e-01 5.07047e+03
1.42529e-01 4.30484e+03
1.47530e-01 4.63243e+03
1.52529e-01 3.44434e+03
1.57528e-01 3.52238e+03
1.62527e-01 3.79081e+03
1.67527e-01 3.84245e+03
1.72526e-01 2.92520e+03
1.77523e-01 2.37904e+03
1.82522e-01 3.03540e+03
1.87521e-01 2.17465e+03
1.92521e-01 1.87680e+03
1.97520e-01 2.99155e+03
2.02519e-01 3.07255e+03
2.07520e-01 3.16539e+03
2.12519e-01 2.02678e+03
2.17519e-01 2.25131e+03
2.22518e-01 1.81873e+03
2.27517e-01 2.08795e+03
2.32518e-01 2.01045e+03
2.37519e-01 1.70437e+03
2.42519e-01 1.96967e+03
2.47519e-01 1.51787e+03
2.52518e-01 1.02840e+03
2.57516e-01 7.26984e+02
2.62515e-01 5.90164e+02
2.67514e-01 1.58995e+03
2.72514e-01 1.30428e+03
2.77515e-01 1.04564e+03
2.82515e-01 1.00364e+03
2.87515e-01 8.24625e+02
2.92514e-01 1.14040e+03
2.97513e-01 9.50469e+02
8.01858e-03 7.08202e+02
1.28441e-02 8.43215e+03
1.77514e-02 1.45535e+04
2.26910e-02 1.50508e+04
2.76613e-02 -7.70235e+03
3.26316e-02 7.02895e+03
3.76089e-02 8.89706e+03
4.25899e-02 9.80643e+03
4.75838e-02 1.32971e+04
5.25894e-02 -1.12608e+02
5.75770e-02 1.32226e+01
6.25679e-02 6.64699e+03
6.75637e-02 3.64560e+03
7.25587e-02 3.04069e+03
7.75534e-02 5.73479e+03
8.25494e-02 5.12077e+03
8.75470e-02 6.94327e+03
9.25421e-02 1.89677e+03
9.75420e-02 -6.58644e+02
1.02542e-01 2.91223e+03
1.07541e-01 5.77263e+02
1.12539e-01 3.10424e+03
1.17536e-01 3.26321e+03
1.22536e-01 1.89487e+03
1.27533e-01 1.70976e+03
1.32529e-01 1.10181e+03
1.37528e-01 4.15791e+02
1.42529e-01 -7.47073e+02
1.47530e-01 9.55753e+02
1.52529e-01 -2.16677e+03
1.57528e-01 -1.77434e+01
1.62527e-01 6.84625e+02
1.67527e-01 2.09731e+02
1.72526e-01 1.56985e+02
1.77523e-01 -1.40250e+03
1.82522e-01 -2.12287e+03
1.87521e-01 2.38700e+02
1.92521e-01 1.46418e+03
1.97520e-01 4.20959e+02
2.02519e-01 2.00273e+02
2.07520e-01 1.56290e+02
2.12519e-01 -1.50260e+03
2.17519e-01 -8.05710e+02
2.22518e-01 -3.02416e+01
2.27517e-01 -2.36570e+02
2.32518e-01 3.03184e+02
2.37519e-01 1.16665e+03
2.42519e-01 -1.69872e+02
2.47519e-01 9.54796e+01
2.52518e-01 -3.47381e+02
2.57516e-01 1.56905e+02
2.62515e-01 -1.55636e+03
2.67514e-01 9.70287e+01
2.72514e-01 -5.16159e+02
2.77515e-01 -3.65759e+02
2.82515e-01 6.52550e+02
2.87515e-01 7.42998e+02
2.92514e-01 7.20386e+02
2.97513e-01 -5.33835e+02
