80 2
k power
3.75378e-03 2.43424e+03
8.05040e-03 2.73650e+04
1.28486e-02 2.50942e+04
1.77516e-02 2.59143e+04
2.26918e-02 3.30424e+04
2.76480e-02 2.79479e+04
3.26126e-02 2.29234e+04
3.76111e-02 2.52782e+04
4.26130e-02 2.85061e+04
4.76051e-02 2.26300e+04
5.25913e-02 1.91405e+04
5.75684e-02 1.90756e+04
6.25625e-02 1.65699e+04
6.75666e-02 1.39555e+04
7.25730e-02 1.45617e+04
7.75647e-02 1.21534e+04
8.25476e-02 1.06159e+04
8.75441e-02 1.11143e+04
9.25437e-02 8.96596e+03
9.75415e-02 6.70694e+03
1.02541e-01 7.15313e+03
1.07542e-01 7.78119e+03
1.12541e-01 6.33256e+03
1.17533e-01 7.15568e+03
1.22524e-01 5.99369e+03
1.27531e-01 6.19723e+03
1.32537e-01 5.57086e+03
1.37532e-01 4.93766e+03
1.42526e-01 5.06877e+03
1.47525e-01 3.86403e+03
1.52527e-01 3.98233e+03
1.57525e-01 4.07378e+03
1.62524e-01 3.61888e+03
1.67524e-01 3.87123e+03
1.72523e-01 3.41759e+03
1.77521e-01 3.38906e+03
1.82521e-01 2.54157e+03
1.87522e-01 1.92832e+03
1.92522e-01 1.37602e+03
1.97522e-01 2.28500e+03
2.02520e-01 2.01112e+03
2.07516e-01 1.75102e+03
2.12515e-01 1.35507e+03
2.17519e-01 1.31348e+03
2.22521e-01 1.34561e+03
2.27520e-01 8.64164e+02
2.32521e-01 9.07734e+02
2.37519e-01 1.27144e+03
2.42517e-01 8.02070e+02
2.47516e-01 1.14488e+03
2.52517e-01 1.00571e+03
2.57519e-01 2.33898e+02
2.62519e-01 5.64867e+02
2.67517e-01 5.72844e+02
2.72515e-01 6.68570e+02
2.77516e-01 6.89086e+02
2.82516e-01 5.57602e+02
2.87515e-01 2.83039e+02
2.92513e-01 1.04312e+02
2.97512e-01 6.17625e+02
3.02513e-01 6.86883e+02
3.07511e-01 2.42445e+02
3.12511e-01 6.31344e+02
3.17513e-01 9.35023e+02
3.22513e-01 1.02406e+02
3.27512e-01 4.88891e+02
3.32509e-01 4.98273e+02
3.37510e-01 3.17586e+02
3.42513e-01 2.97445e+02
3.47514e-01 4.08430e+02
3.52514e-01 2.63703e+02
3.57512e-01 1.44766e+01
3.62512e-01 2.11367e+02
3.67512e-01 2.00594e+02
3.72510e-01 3.72453e+02
3.77511e-01 3.92008e+02
3.82512e-01 2.82062e+02
3.87512e-01 2.15148e+02
3.92510e-01 3.11719e+00
3.97510e-01 3.70703e+02
3.75378e-03 -1.79553e+04
8.05040e-03 2.15284e+04
1.28486e-02 8.52626e+03
1.77516e-02 1.30022e+04
2.26918e-02 2.19326e+04
2.76480e-02 1.33902e+04
3.26126e-02 1.07855e+04
3.76111e-02 1.00111e+04
4.26130e-02 3.13187e+03
4.76051e-02 7.25310e+03
5.25913e-02 1.17028e+04
5.75684e-02 1.23116e+04
6.25625e-02 -4.57515e+03
6.75666e-02 1.19970e+03
7.25730e-02 6.28376e+03
7.75647e-02 4.14397e+03
8.25476e-02 2.43234e+03
8.75441e-02 1.00820e+04
9.25437e-02 6.08143e+03
9.75415e-02 3.22889e+03
1.02541e-01 3.25924e+03
1.07542e-01 2.87892e+03
1.12541e-01 1.09552e+03
1.17533e-01 1.18744e+03
1.22524e-01 -1.71083e+02
1.27531e-01 1.98314e+03
1.32537e-01 1.33963e+03
1.37532e-01 2.32158e+02
1.42526e-01 -6.66194e+02
1.47525e-01 3.91502e+02
1.52527e-01 1.17556e+03
1.57525e-01 1.33732e+03
1.62524e-01 2.46305e+03
1.67524e-01 3.40357e+02
1.72523e-01 5.59637e+02
1.77521e-01 2.81558e+03
1.82521e-01 1.49012e+03
1.87522e-01 -5.52517e+02
1.92522e-01 3.78571e+02
1.97522e-01 6.59166e+02
2.02520e-01 -1.22229e+03
2.07516e-01 2.01779e+02
2.12515e-01 1.61544e+02
2.17519e-01 9.81352e+02
2.22521e-01 6.46650e+02
2.27520e-01 2.56569e+02
2.32521e-01 1.27850e+02
2.37519e-01 2.23745e+02
2.42517e-01 -1.36123e+02
2.47516e-01 -1.27850e+03
2.52517e-01 -1.79951e+02
2.57519e-01 -1.39443e+02
2.62519e-01 9.60874e+02
2.67517e-01 3.65114e+02
2.72515e-01 -4.57392e+02
2.77516e-01 3.36877e+02
2.82516e-01 9.36419e+02
2.87515e-01 -6.75348e+01
2.92513e-01 -4.24809e+02
2.97512e-01 -4.62333e+02
3.02513e-01 -4.44690e+02
3.07511e-01 2.36024e+02
3.12511e-01 7.74000e+02
3.17513e-01 8.79298e+02
3.22513e-01 -2.08131e+02
3.27512e-01 1.82858e+02
3.32509e-01 4.91115e+02
3.37510e-01 -3.37829e+02
3.42513e-01 1.46091e+02
3.47514e-01 -8.19545e+00
3.52514e-01 -5.40801e+02
3.57512e-01 -5.25607e+01
3.62512e-01 4.56805e+02
3.67512e-01 -5.80187e+02
3.72510e-01 -1.86306e+02
3.77511e-01 8.62385e+02
3.82512e-01 6.88133e+01
3.87512e-01 4.63061e+02
3.92510e-01 -1.03882e+02
3.97510e-01 3.00528e+01
