60 2
k power
3.70544e-03 4.31849e+04
8.00271e-03 2.39199e+04
1.28497e-02 3.45046e+04
1.77641e-02 3.38857e+04
2.26842e-02 3.75983e+04
2.76464e-02 3.68111e+04
3.26361e-02 3.11331e+04
3.76229e-02 2.52743e+04
4.26066e-02 2.06003e+04
4.75842e-02 1.40601e+04
5.25722e-02 1.60952e+04
5.75659e-02 1.33717e+04
6.25589e-02 1.70601e+04
6.75629e-02 1.14037e+04
7.25605e-02 1.24706e+04
7.75516e-02 1.27321e+04
8.25500e-02 1.02996e+04
8.75455e-02 9.15415e+03
9.25437e-02 9.77382e+03
9.75415e-02 9.23643e+03
1.02534e-01 6.71839e+03
1.07536e-01 7.25677e+03
1.12540e-01 6.17573e+03
1.17537e-01 4.10867e+03
1.22533e-01 5.06772e+03
1.27534e-01 5.18950e+03
1.32530e-01 5.22988e+03
1.37531e-01 5.71152e+03
1.42530e-01 3.97905e+03
1.47526e-01 3.92217e+03
1.52527e-01 4.09045e+03
1.57528e-01 3.43609e+03
1.62527e-01 3.38250e+03
1.67526e-01 3.01207e+03
1.72526e-01 2.31844e+03
1.77526e-01 2.42826e+03
1.82527e-01 2.70889e+03
1.87525e-01 2.35790e+03
1.92520e-01 2.75085e+03
1.97516e-01 2.65295e+03
2.02513e-01 2.62680e+03
2.07516e-01 1.84486e+03
2.12517e-01 1.18284e+03
2.17519e-01 1.34936e+03
2.22521e-01 2.15653e+03
2.27519e-01 1.67097e+03
2.32521e-01 1.60374e+03
2.37520e-01 6.44273e+02
2.42520e-01 1.07399e+03
2.47519e-01 9.27562e+02
2.52516e-01 1.49118e+03
2.57514e-01 9.09781e+02
2.62513e-01 8.06641e+02
2.67513e-01 5.91750e+02
2.72514e-01 7.13117e+02
2.77515e-01 9.97750e+02
2.82516e-01 5.88617e+02
2.87514e-01 6.60438e+02
2.92512e-01 9.05680e+02
2.97514e-01 3.86727e+02
3.70544e-03 8.06321e+03
8.00271e-03 1.90136e+04
1.28497e-02 7.46986e+03
1.77641e-02 -8.98023e+03
2.26842e-02 -5.64321e+03
2.76464e-02 -4.43650e+03
3.26361e-02 1.07737e+04
3.76229e-02 5.19715e+03
4.26066e-02 1.34401e+04
4.75842e-02 9.73033e+03
5.25722e-02 9.11859e+03
5.75659e-02 6.63492e+03
6.25589e-02 8.07682e+03
6.75629e-02 -1.29836e-01
7.25605e-02 5.32066e+03
7.75516e-02 5.63094e+03
8.25500e-02 5.03168e+03
8.75455e-02 2.06579e+03
9.25437e-02 5.71136e+02
9.75415e-02 1.29447e+03
1.02534e-01 3.79932e+03
1.07536e-01 1.60072e+03
1.12540e-01 1.45062e+02
1.17537e-01 -5.76778e+02
1.22533e-01 3.35852e+01
1.27534e-01 1.37891e+03
1.32530e-01 -2.80464e+02
1.37531e-01 -1.31505e+03
1.42530e-01 3.51296e+02
1.47526e-01 -2.32993e+02
1.52527e-01 -4.50103e+01
1.57528e-01 6.51878e+02
1.62527e-01 -8.05928e+01
1.67526e-01 -1.77319e+02
1.72526e-01 -9.05260e+02
1.77526e-01 -1.44854e+03
1.82527e-01 7.04393e+02
1.87525e-01 -9.77643e+02
1.92520e-01 -2.51775e+02
1.97516e-01 -2.71042e+02
2.02513e-01 -2.84707e+02
2.07516e-01 -2.05051e+02
2.12517e-01 5.76052e+02
2.17519e-01 -1.16563e+02
2.22521e-01 -9.55144e+02
2.27519e-01 -1.04909e+03
2.32521e-01 -1.04445e+03
2.37520e-01 -1.33322e+02
2.42520e-01 3.22656e+02
2.47519e-01 -6.54956e+02
2.52516e-01 -3.41662e+02
2.57514e-01 -3.52187e+02
2.62513e-01 -7.08759e+02
2.67513e-01 -8.87185e+02
2.72514e-01 4.98139e+02
2.77515e-01 -4.99023e+01
2.82516e-01 1.10274e+02
2.87514e-01 -1.72870e+02
2.92512e-01 -6.34696e+02
2.97514e-01 -8.12536e+02
