80 2
k power
3.75378e-03 5.84303e+03
8.05040e-03 2.30400e+04
1.28486e-02 3.95488e+04
1.77516e-02 3.14723e+04
2.26918e-02 3.79070e+04
2.76480e-02 2.82015e+04
3.26126e-02 2.67581e+04
3.76111e-02 2.33301e+04
4.26130e-02 1.86343e+04
4.76051e-02 2.31397e+04
5.25913e-02 1.74672e+04
5.75684e-02 1.62553e+04
6.25625e-02 1.62004e+04
6.75666e-02 1.40549e+04
7.25730e-02 1.03928e+04
7.75647e-02 1.21774e+04
8.25476e-02 1.13897e+04
8.75441e-02 9.26882e+03
9.25437e-02 8.49725e+03
9.75415e-02 8.20483e+03
1.02541e-01 6.17372e+03
1.07542e-01 5.89794e+03
1.12541e-01 6.73080e+03
1.17533e-01 5.22710e+03
1.22524e-01 4.45160e+03
1.27531e-01 5.33211e+03
1.32537e-01 4.87839e+03
1.37532e-01 4.24718e+03
1.42526e-01 5.03118e+03
1.47525e-01 4.66301e+03
1.52527e-01 3.00958e+03
1.57525e-01 3.17324e+03
1.62524e-01 3.22453e+03
1.67524e-01 2.57087e+03
1.72523e-01 2.09639e+03
1.77521e-01 2.17304e+03
1.82521e-01 1.90223e+03
1.87522e-01 3.19923e+03
1.92522e-01 1.96576e+03
1.97522e-01 2.32242e+03
2.02520e-01 2.56914e+03
2.07516e-01 1.77385e+03
2.12515e-01 2.41842e+03
2.17519e-01 1.87154e+03
2.22521e-01 1.00049e+03
2.27520e-01 2.02512e+03
2.32521e-01 1.85316e+03
2.37519e-01 1.28784e+03
2.42517e-01 1.74609e+03
2.47516e-01 1.78366e+03
2.52517e-01 1.14481e+03
2.57519e-01 1.20262e+03
2.62519e-01 1.11731e+03
2.67517e-01 1.28087e+03
2.72515e-01 1.48209e+03
2.77516e-01 8.40617e+02
2.82516e-01 8.14328e+02
2.87515e-01 6.87578e+02
2.92513e-01 6.91828e+02
2.97512e-01 8.08398e+02
3.02513e-01 5.01562e+02
3.07511e-01 8.14648e+02
3.12511e-01 7.26094e+02
3.17513e-01 -1.07172e+02
3.22513e-01 3.20938e+02
3.27512e-01 1.64836e+02
3.32509e-01 1.25344e+02
3.37510e-01 5.86039e+02
3.42513e-01 3.06953e+01
3.47514e-01 5.06344e+02
3.52514e-01 1.81414e+02
3.57512e-01 3.92469e+02
3.62512e-01 2.70836e+02
3.67512e-01 3.70828e+02
3.72510e-01 6.70867e+02
3.77511e-01 3.34828e+02
3.82512e-01 6.26461e+02
3.87512e-01 4.41953e+01
3.92510e-01 7.70391e+01
3.97510e-01 2.79891e+02
3.75378e-03 3.61494e+03
8.05040e-03 1.55529e+02
1.28486e-02 3.81416e+03
1.77516e-02 4.68703e+03
2.26918e-02 3.15549e+04
2.76480e-02 1.30933e+04
3.26126e-02 2.86932e+04
3.76111e-02 1.26257e+04
4.26130e-02 4.02324e+03
4.76051e-02 1.53650e+04
5.25913e-02 9.33609e+03
5.75684e-02 1.10958e+04
6.25625e-02 8.33411e+03
6.75666e-02 8.82180e+03
7.25730e-02 2.03593e+03
7.75647e-02 3.16652e+03
8.25476e-02 4.63731e+03
8.75441e-02 5.64100e+03
9.25437e-02 3.60311e+03
9.75415e-02 1.34286e+03
1.02541e-01 -1.25269e+03
1.07542e-01 8.21730e+02
1.12541e-01 2.76425e+03
1.17533e-01 -2.77707e+03
1.22524e-01 -5.52779e+01
1.27531e-01 3.86243e+03
1.32537e-01 1.28505e+03
1.37532e-01 2.30216e+03
1.42526e-01 2.59862e+03
1.47525e-01 2.13513e+03
1.52527e-01 3.02542e+03
1.57525e-01 2.23484e+03
1.62524e-01 6.29233e+02
1.67524e-01 1.99807e+03
1.72523e-01 3.38838e+03
1.77521e-01 1.00413e+03
1.82521e-01 -1.47815e+03
1.87522e-01 7.96766e+02
1.92522e-01 5.25369e+02
1.97522e-01 -7.50372e+02
2.02520e-01 1.21954e+03
2.07516e-01 -9.29090e+02
2.12515e-01 -3.11120e+02
2.17519e-01 -4.94302e+02
2.22521e-01 -1.04178e+03
2.27520e-01 -2.95344e+02
2.32521e-01 5.25020e+02
2.37519e-01 -3.43356e+01
2.42517e-01 -2.70796e+02
2.47516e-01 -4.60836e+02
2.52517e-01 7.81485e+02
2.57519e-01 1.70092e+02
2.62519e-01 -1.52200e+03
2.67517e-01 6.92268e+02
2.72515e-01 5.39506e+02
2.77516e-01 1.89872e+02
2.82516e-01 6.20949e+02
2.87515e-01 1.00822e+02
2.92513e-01 -3.86329e+02
2.97512e-01 -1.15245e+03
3.02513e-01 1.80933e+02
3.07511e-01 5.72437e+02
3.12511e-01 4.90121e+02
3.17513e-01 -5.54507e+02
3.22513e-01 -2.74910e+02
3.27512e-01 -3.08485e+02
3.32509e-01 -2.99003e+02
3.37510e-01 -3.59418e+02
3.42513e-01 6.96241e+01
3.47514e-01 -4.68603e+02
3.52514e-01 -2.01374e+02
3.57512e-01 3.49676e+02
3.62512e-01 8.53335e+02
3.67512e-01 6.64103e+02
3.72510e-01 3.32684e+02
3.77511e-01 4.71107e+00
3.82512e-01 7.58432e+01
3.87512e-01 1.92640e+00
3.92510e-01 -2.09640e+02
3.97510e-01 -4.51256e+02
