80 2
k power
3.75378e-03 6.80963e+04
8.05040e-03 2.74869e+04
1.28486e-02 2.77818e+04
1.77516e-02 3.42085e+04
2.26918e-02 3.01157e+04
2.76480e-02 3.22645e+04
3.26126e-02 2.78340e+04
3.76111e-02 2.31294e+04
4.26130e-02 2.17433e+04
4.76051e-02 1.66961e+04
5.25913e-02 1.82518e+04
5.75684e-02 1.58832e+04
6.25625e-02 1.49487e+04
6.75666e-02 1.39462e+04
7.25730e-02 1.23455e+04
7.75647e-02 1.10922e+04
8.25476e-02 1.06207e+04
8.75441e-02 1.01552e+04
9.25437e-02 9.29006e+03
9.75415e-02 7.46491e+03
1.02541e-01 6.34983e+03
1.07542e-01 6.43866e+03
1.12541e-01 6.41658e+03
1.17533e-01 6.52097e+03
1.22524e-01 5.70680e+03
1.27531e-01 4.90678e+03
1.32537e-01 5.06914e+03
1.37532e-01 6.33070e+03
1.42526e-01 4.33088e+03
1.47525e-01 4.69338e+03
1.52527e-01 4.19260e+03
1.57525e-01 3.66058e+03
1.62524e-01 3.14297e+03
1.67524e-01 2.92895e+03
1.72523e-01 2.35894e+03
1.77521e-01 2.79507e+03
1.82521e-01 1.89164e+03
1.87522e-01 1.76842e+03
1.92522e-01 1.79590e+03
1.97522e-01 2.29656e+03
2.02520e-01 2.08367e+03
2.07516e-01 2.38172e+03
2.12515e-01 1.98677e+03
2.17519e-01 1.65633e+03
2.22521e-01 1.12627e+03
2.27520e-01 5.43680e+02
2.32521e-01 1.19059e+03
2.37519e-01 4.71461e+02
2.42517e-01 6.99750e+02
2.47516e-01 1.06175e+03
2.52517e-01 1.01595e+03
2.57519e-01 5.74820e+02
2.62519e-01 1.15589e+03
2.67517e-01 1.08247e+03
2.72515e-01 9.41062e+02
2.77516e-01 4.77477e+02
2.82516e-01 6.97250e+02
2.87515e-01 6.46781e+02
2.92513e-01 5.57180e+02
2.97512e-01 7.22555e+02
3.02513e-01 5.23031e+02
3.07511e-01 6.78914e+02
3.12511e-01 4.64805e+02
3.17513e-01 3.79492e+02
3.22513e-01 5.66461e+02
3.27512e-01 5.85828e+02
3.32509e-01 3.99336e+02
3.37510e-01 2.65914e+02
3.42513e-01 1.99633e+02
3.47514e-01 4.57977e+02
3.52514e-01 2.61586e+02
3.57512e-01 3.47250e+02
3.62512e-01 4.31039e+02
3.67512e-01 5.51828e+02
3.72510e-01 2.16633e+02
3.77511e-01 4.67352e+02
3.82512e-01 1.67633e+02
3.87512e-01 3.62422e+01
3.92510e-01 -2.22922e+02
3.97510e-01 -9.14219e+01
3.75378e-03 -5.66433e+04
8.05040e-03 -1.09461e+04
1.28486e-02 5.82460e+03
1.77516e-02 1.67416e+04
2.26918e-02 1.20440e+04
2.76480e-02 2.09307e+04
3.26126e-02 1.73982e+04
3.76111e-02 1.40762e+04
4.26130e-02 3.58512e+03
4.76051e-02 1.30180e+04
5.25913e-02 7.58724e+03
5.75684e-02 5.30967e+03
6.25625e-02 3.94198e+03
6.75666e-02 9.73280e+03
7.25730e-02 3.27716e+03
7.75647e-02 5.28559e+03
8.25476e-02 7.40459e+03
8.75441e-02 3.69744e+03
9.25437e-02 4.02665e+03
9.75415e-02 3.90619e+03
1.02541e-01 4.46225e+03
1.07542e-01 4.60222e+03
1.12541e-01 9.80420e+02
1.17533e-01 2.55590e+03
1.22524e-01 5.61371e+02
1.27531e-01 1.89646e+01
1.32537e-01 -1.11187e+03
1.37532e-01 -1.70641e+03
1.42526e-01 -1.64184e+03
1.47525e-01 -2.41883e+02
1.52527e-01 -1.08977e+03
1.57525e-01 4.14668e+02
1.62524e-01 -5.25517e+01
1.67524e-01 2.60220e+02
1.72523e-01 4.24029e+02
1.77521e-01 7.00880e+02
1.82521e-01 3.76071e+01
1.87522e-01 -8.07158e+02
1.92522e-01 1.04516e+03
1.97522e-01 -1.41811e+03
2.02520e-01 -1.42659e+03
2.07516e-01 -2.23590e+02
2.12515e-01 2.10728e+02
2.17519e-01 -5.42006e+02
2.22521e-01 6.86427e+02
2.27520e-01 -2.32565e+01
2.32521e-01 1.62888e+01
2.37519e-01 -1.51911e+02
2.42517e-01 -9.80586e+02
2.47516e-01 -1.03597e+02
2.52517e-01 -7.20392e+02
2.57519e-01 -5.71275e+02
2.62519e-01 -3.12824e+02
2.67517e-01 -2.32291e+02
2.72515e-01 -3.09473e+02
2.77516e-01 2.98993e+02
2.82516e-01 -1.05724e+03
2.87515e-01 -1.59350e+03
2.92513e-01 -5.58649e+02
2.97512e-01 -3.73274e+00
3.02513e-01 2.28344e+02
3.07511e-01 -1.30073e+03
3.12511e-01 -4.59756e+02
3.17513e-01 -6.30970e+02
3.22513e-01 -9.01671e+02
3.27512e-01 -5.86455e+01
3.32509e-01 -6.00462e+02
3.37510e-01 -1.43027e+02
3.42513e-01 -2.88160e+02
3.47514e-01 -2.53902e+02
3.52514e-01 2.63859e+01
3.57512e-01 -2.16302e+02
3.62512e-01 -3.17074e+02
3.67512e-01 -3.53934e+02
3.72510e-01 -8.02624e+02
3.77511e-01 -9.71566e+01
3.82512e-01 -6.21531e+02
3.87512e-01 -3.75403e+02
3.92510e-01 -9.42340e+02
3.97510e-01 -7.46180e+02
