60 2
k power
3.70544e-03 1.15796e+04
8.00271e-03 4.17615e+04
1.28497e-02 5.67376e+04
1.77641e-02 5.52607e+04
2.26842e-02 4.28397e+04
2.76464e-02 3.12708e+04
3.26361e-02 3.17876e+04
3.76229e-02 2.53409e+04
4.26066e-02 2.07669e+04
4.75842e-02 1.98137e+04
5.25722e-02 1.76162e+04
5.75659e-02 1.58683e+04
6.25589e-02 1.73664e+04
6.75629e-02 1.60442e+04
7.25605e-02 1.21228e+04
7.75516e-02 1.31943e+04
8.25500e-02 1.28400e+04
8.75455e-02 1.05511e+04
9.25437e-02 8.28539e+03
9.75415e-02 8.74691e+03
1.02534e-01 7.03984e+03
1.07536e-01 6.47156e+03
1.12540e-01 6.58730e+03
1.17537e-01 4.86669e+03
1.22533e-01 3.53005e+03
1.27534e-01 4.46846e+03
1.32530e-01 4.60663e+03
1.37531e-01 4.81088e+03
1.42530e-01 4.37856e+03
1.47526e-01 3.36569e+03
1.52527e-01 3.02705e+03
1.57528e-01 2.38030e+03
1.62527e-01 2.50978e+03
1.67526e-01 2.77683e+03
1.72526e-01 2.63688e+03
1.77526e-01 1.88598e+03
1.82527e-01 2.58160e+03
1.87525e-01 2.45960e+03
1.92520e-01 2.10266e+03
1.97516e-01 1.98503e+03
2.02513e-01 1.76590e+03
2.07516e-01 1.26259e+03
2.12517e-01 1.61879e+03
2.17519e-01 7.97914e+02
2.22521e-01 1.89450e+03
2.27519e-01 1.13969e+03
2.32521e-01 1.24204e+03
2.37520e-01 1.12050e+03
2.42520e-01 7.37984e+02
2.47519e-01 5.93828e+02
2.52516e-01 1.20434e+03
2.57514e-01 1.09727e+03
2.62513e-01 1.12880e+03
2.67513e-01 4.54867e+02
2.72514e-01 6.98680e+02
2.77515e-01 5.19797e+02
2.82516e-01 5.59023e+02
2.87514e-01 1.46297e+02
2.92512e-01 6.42727e+02
2.97514e-01 4.45875e+02
3.70544e-03 -6.82171e+04
8.00271e-03 -3.12556e+04
1.28497e-02 -5.69368e+03
1.77641e-02 -3.40072e+02
2.26842e-02 1.86301e+04
2.76464e-02 7.10659e+03
3.26361e-02 1.03019e+04
3.76229e-02 1.15544e+04
4.26066e-02 2.64531e+03
4.75842e-02 6.28803e+03
5.25722e-02 8.25542e+03
5.75659e-02 2.78165e+03
6.25589e-02 2.36587e+03
6.75629e-02 3.65486e+03
7.25605e-02 7.28260e+03
7.75516e-02 7.35356e+03
8.25500e-02 1.62959e+03
8.75455e-02 3.12077e+02
9.25437e-02 -1.81844e+02
9.75415e-02 3.10842e+03
1.02534e-01 3.43336e+02
1.07536e-01 -1.86163e+03
1.12540e-01 2.61771e+03
1.17537e-01 -2.47827e+03
1.22533e-01 -6.81908e+02
1.27534e-01 1.53405e+03
1.32530e-01 1.18473e+02
1.37531e-01 1.02407e+03
1.42530e-01 1.87921e+03
1.47526e-01 -1.37926e+03
1.52527e-01 -1.16750e+03
1.57528e-01 7.75844e+02
1.62527e-01 5.74797e+01
1.67526e-01 1.00052e+03
1.72526e-01 -4.91808e+02
1.77526e-01 2.14840e+03
1.82527e-01 1.51644e+03
1.87525e-01 -1.74448e+02
1.92520e-01 2.35331e+01
1.97516e-01 -7.23985e+02
2.02513e-01 -3.26440e+02
2.07516e-01 -6.96552e+02
2.12517e-01 4.60456e+02
2.17519e-01 -9.42356e+02
2.22521e-01 -5.14393e+02
2.27519e-01 8.75361e+02
2.32521e-01 -2.24647e+02
2.37520e-01 1.11004e+02
2.42520e-01 -2.23928e+02
2.47519e-01 -6.51180e+02
2.52516e-01 -4.58761e+02
2.57514e-01 -9.31052e+02
2.62513e-01 -2.44216e+02
2.67513e-01 -8.52660e+02
2.72514e-01 -9.72060e+01
2.77515e-01 -2.02334e+02
2.82516e-01 8.70277e+02
2.87514e-01 -7.72223e+02
2.92512e-01 -4.03575e+02
2.97514e-01 4.76408e+02
