80 2
k power
3.75378e-03 8.76360e+04
8.05040e-03 5.29122e+04
1.28486e-02 2.56392e+04
1.77516e-02 3.40662e+04
2.26918e-02 3.81621e+04
2.76480e-02 3.09383e+04
3.26126e-02 2.99111e+04
3.76111e-02 2.46578e+04
4.26130e-02 2.17066e+04
4.76051e-02 1.92159e+04
5.25913e-02 1.79221e+04
5.75684e-02 1.58372e+04
6.25625e-02 1.54575e+04
6.75666e-02 1.39539e+04
7.25730e-02 1.53354e+04
7.75647e-02 1.41907e+04
8.25476e-02 1.16461e+04
8.75441e-02 8.78597e+03
9.25437e-02 8.88527e+03
9.75415e-02 8.55263e+03
1.02541e-01 6.80838e+03
1.07542e-01 6.82773e+03
1.12541e-01 6.70966e+03
1.17533e-01 5.50829e+03
1.22524e-01 5.42970e+03
1.27531e-01 4.95382e+03
1.32537e-01 5.55027e+03
1.37532e-01 4.61487e+03
1.42526e-01 4.99106e+03
1.47525e-01 4.40593e+03
1.52527e-01 3.21121e+03
1.57525e-01 3.52974e+03
1.62524e-01 4.07686e+03
1.67524e-01 2.35047e+03
1.72523e-01 3.01177e+03
1.77521e-01 2.78620e+03
1.82521e-01 2.74062e+03
1.87522e-01 1.97823e+03
1.92522e-01 1.90652e+03
1.97522e-01 1.81752e+03
2.02520e-01 1.81405e+03
2.07516e-01 2.09761e+03
2.12515e-01 2.04941e+03
2.17519e-01 1.79249e+03
2.22521e-01 1.15305e+03
2.27520e-01 1.60402e+03
2.32521e-01 1.34608e+03
2.37519e-01 1.09173e+03
2.42517e-01 1.32552e+03
2.47516e-01 1.37858e+03
2.52517e-01 6.29023e+02
2.57519e-01 6.85164e+02
2.62519e-01 8.94500e+02
2.67517e-01 1.65902e+03
2.72515e-01 7.53383e+02
2.77516e-01 5.08156e+02
2.82516e-01 4.28797e+02
2.87515e-01 6.38859e+02
2.92513e-01 6.81375e+02
2.97512e-01 6.78359e+02
3.02513e-01 4.43680e+02
3.07511e-01 6.37164e+02
3.12511e-01 6.50320e+02
3.17513e-01 2.72156e+02
3.22513e-01 -9.99375e+01
3.27512e-01 9.01172e+01
3.32509e-01 5.09328e+02
3.37510e-01 1.63477e+02
3.42513e-01 5.11828e+02
3.47514e-01 3.76570e+02
3.52514e-01 1.78641e+02
3.57512e-01 4.50703e+01
3.62512e-01 1.61320e+02
3.67512e-01 9.22031e+01
3.72510e-01 2.14883e+02
3.77511e-01 -3.13750e+01
3.82512e-01 5.90938e+01
3.87512e-01 1.62484e+02
3.92510e-01 3.72766e+02
3.97510e-01 1.38719e+02
3.75378e-03 -9.28625e+04
8.05040e-03 -1.35493e+04
1.28486e-02 -3.73005e+03
1.77516e-02 2.99718e+04
2.26918e-02 2.17327e+04
2.76480e-02 7.57325e+03
3.26126e-02 1.70989e+04
3.76111e-02 1.06079e+04
4.26130e-02 7.02637e+03
4.76051e-02 3.60606e+03
5.25913e-02 8.35749e+03
5.75684e-02 2.57664e+03
6.25625e-02 1.38319e+03
6.75666e-02 7.90145e+02
7.25730e-02 4.64580e+03
7.75647e-02 4.14490e+03
8.25476e-02 -1.14761e+03
8.75441e-02 -7.71267e+02
9.25437e-02 3.58047e+03
9.75415e-02 7.34940e+03
1.02541e-01 2.52440e+03
1.07542e-01 1.22701e+03
1.12541e-01 1.38808e+03
1.17533e-01 3.90510e+03
1.22524e-01 -3.03910e+02
1.27531e-01 1.11767e+03
1.32537e-01 1.22873e+03
1.37532e-01 3.07677e+03
1.42526e-01 1.83434e+03
1.47525e-01 1.66759e+03
1.52527e-01 2.45106e+03
1.57525e-01 2.68911e+03
1.62524e-01 1.07976e+03
1.67524e-01 2.48839e+02
1.72523e-01 1.21657e+03
1.77521e-01 1.22013e+03
1.82521e-01 6.03681e+02
1.87522e-01 -5.66732e+02
1.92522e-01 1.55486e+02
1.97522e-01 1.85853e+03
2.02520e-01 1.60953e+03
2.07516e-01 2.05223e+01
2.12515e-01 -5.17688e+02
2.17519e-01 6.17525e+02
2.22521e-01 3.46756e+02
2.27520e-01 -1.48599e+02
2.32521e-01 3.67857e+02
2.37519e-01 -8.64175e+01
2.42517e-01 1.07649e+02
2.47516e-01 1.00789e+03
2.52517e-01 1.03143e+03
2.57519e-01 5.87838e+02
2.62519e-01 5.60448e+02
2.67517e-01 1.65298e+01
2.72515e-01 -7.59716e+02
2.77516e-01 -7.62022e+02
2.82516e-01 -5.40170e+02
2.87515e-01 -7.50389e+02
2.92513e-01 -5.38520e+02
2.97512e-01 3.33351e+01
3.02513e-01 -2.48540e+02
3.07511e-01 4.27851e+02
3.12511e-01 5.27724e+02
3.17513e-01 3.98290e+02
3.22513e-01 -1.47757e+02
3.27512e-01 -3.62858e+02
3.32509e-01 -7.36689e+02
3.37510e-01 -1.18016e+03
3.42513e-01 -1.18215e+03
3.47514e-01 1.63344e+02
3.52514e-01 -5.33047e+02
3.57512e-01 -1.99277e+02
3.62512e-01 -4.40243e+02
3.67512e-01 -3.84015e+02
3.72510e-01 -1.23325e+03
3.77511e-01 -1.42015e+02
3.82512e-01 -5.13423e+02
3.87512e-01 -5.75973e+02
3.92510e-01 -4.36571e+02
3.97510e-01 -2.88431e+02
