59 2
k power
8.05565e-03 2.71662e+04
1.28387e-02 4.03532e+04
1.77584e-02 3.65705e+04
2.26862e-02 3.32359e+04
2.76450e-02 3.11159e+04
3.26261e-02 3.01090e+04
3.76152e-02 2.78777e+04
4.26121e-02 2.19917e+04
4.75881e-02 2.12322e+04
5.25764e-02 1.80380e+04
5.75766e-02 1.50241e+04
6.25706e-02 1.64488e+04
6.75643e-02 1.57557e+04
7.25546e-02 1.28270e+04
7.75520e-02 1.43864e+04
8.25499e-02 1.29469e+04
8.75466e-02 9.73309e+03
9.25461e-02 8.14955e+03
9.75410e-02 7.65967e+03
1.02539e-01 7.60425e+03
1.07538e-01 6.98699e+03
1.12539e-01 5.85438e+03
1.17539e-01 6.07998e+03
1.22534e-01 5.67704e+03
1.27532e-01 4.44122e+03
1.32531e-01 5.12400e+03
1.37529e-01 4.49783e+03
1.42529e-01 3.23884e+03
1.47527e-01 3.59840e+03
1.52526e-01 3.23170e+03
1.57526e-01 2.66768e+03
1.62527e-01 2.33599e+03
1.67528e-01 2.84325e+03
1.72524e-01 2.43794e+03
1.77522e-01 2.22295e+03
1.82524e-01 2.31728e+03
1.87522e-01 2.27513e+03
1.92522e-01 2.15278e+03
1.97523e-01 1.81402e+03
2.02522e-01 1.32820e+03
2.07520e-01 2.26721e+03
2.12520e-01 1.60470e+03
2.17519e-01 1.84745e+03
2.22517e-01 1.15039e+03
2.27517e-01 1.11235e+03
2.32517e-01 8.97445e+02
2.37517e-01 1.11221e+03
2.42517e-01 8.04633e+02
2.47517e-01 7.82227e+02
2.52517e-01 1.24176e+03
2.57516e-01 7.98352e+02
2.62515e-01 6.23852e+02
2.67515e-01 5.86781e+02
2.72514e-01 3.63906e+02
2.77515e-01 4.74492e+02
2.82515e-01 2.01031e+02
2.87514e-01 3.10234e+02
2.92514e-01 3.90914e+02
2.97513e-01 6.62430e+02
8.05565e-03 3.58442e+04
1.28387e-02 5.61505e+03
1.77584e-02 -2.30985e+03
2.26862e-02 1.13581e+04
2.76450e-02 1.35977e+03
3.26261e-02 1.03940e+04
3.76152e-02 2.08094e+04
4.26121e-02 8.11243e+03
4.75881e-02 1.12220e+04
5.25764e-02 8.16942e+03
5.75766e-02 7.08841e+03
6.25706e-02 3.96877e+03
6.75643e-02 4.09227e+03
7.25546e-02 4.57820e+03
7.75520e-02 3.89827e+03
8.25499e-02 3.76270e+03
8.75466e-02 1.14519e+03
9.25461e-02 5.41469e+03
9.75410e-02 3.67837e+03
1.02539e-01 1.75411e+03
1.07538e-01 4.51238e+02
1.12539e-01 2.20060e+03
1.17539e-01 -5.84464e+02
1.22534e-01 2.30330e+03
1.27532e-01 4.57942e+02
1.32531e-01 -8.38328e+02
1.37529e-01 1.06322e+03
1.42529e-01 5.54268e+02
1.47527e-01 -1.27133e+03
1.52526e-01 -6.78286e+02
1.57526e-01 1.22940e+03
1.62527e-01 -1.62757e+02
1.67528e-01 6.35168e+02
1.72524e-01 3.89843e+02
1.77522e-01 5.54164e+02
1.82524e-01 3.38284e+02
1.87522e-01 6.13514e+02
1.92522e-01 -6.03964e+02
1.97523e-01 -9.14212e+02
2.02522e-01 -4.76234e+02
2.07520e-01 -8.36297e+01
2.12520e-01 -3.39095e+02
2.17519e-01 1.32456e+02
2.22517e-01 -1.80138e+02
2.27517e-01 -1.06524e+03
2.32517e-01 -4.61365e+02
2.37517e-01 2.14078e+02
2.42517e-01 -8.20693e+02
2.47517e-01 3.48360e+01
2.52517e-01 1.96912e+02
2.57516e-01 -1.24075e+02
2.62515e-01 -1.83324e+02
2.67515e-01 -8.38390e+01
2.72514e-01 -4.67448e+02
2.77515e-01 -9.42986e+02
2.82515e-01 -9.35811e+01
2.87514e-01 3.36555e+01
2.92514e-01 -2.13381e+02
2.97513e-01 4.26554e+02
