59 2
k power
8.01858e-03 2.05542e+04
1.28441e-02 3.17258e+04
1.77514e-02 3.29583e+04
2.26910e-02 4.63095e+04
2.76613e-02 3.87163e+04
3.26316e-02 2.83818e+04
3.76089e-02 2.39082e+04
4.25899e-02 2.20200e+04
4.75838e-02 1.93898e+04
5.25894e-02 1.67960e+04
5.75770e-02 1.59265e+04
6.25679e-02 1.45688e+04
6.75637e-02 1.11248e+04
7.25587e-02 1.33814e+04
7.75534e-02 1.28019e+04
8.25494e-02 1.24010e+04
8.75470e-02 9.98225e+03
9.25421e-02 9.61153e+03
9.75420e-02 9.06653e+03
1.02542e-01 8.81007e+03
1.07541e-01 8.12585e+03
1.12539e-01 6.75129e+03
1.17536e-01 5.64214e+03
1.22536e-01 5.81001e+03
1.27533e-01 5.55888e+03
1.32529e-01 5.64629e+03
1.37528e-01 5.59703e+03
1.42529e-01 5.31359e+03
1.47530e-01 4.30937e+03
1.52529e-01 3.49036e+03
1.57528e-01 3.30072e+03
1.62527e-01 2.31255e+03
1.67527e-01 3.17305e+03
1.72526e-01 3.04180e+03
1.77523e-01 2.27301e+03
1.82522e-01 2.93120e+03
1.87521e-01 2.62234e+03
1.92521e-01 2.93743e+03
1.97520e-01 1.87284e+03
2.02519e-01 1.78725e+03
2.07520e-01 1.91749e+03
2.12519e-01 1.74012e+03
2.17519e-01 1.52890e+03
2.22518e-01 1.60894e+03
2.27517e-01 8.69906e+02
2.32518e-01 6.36016e+02
2.37519e-01 5.77812e+02
2.42519e-01 1.11370e+03
2.47519e-01 1.15162e+03
2.52518e-01 1.29174e+03
2.57516e-01 1.12547e+03
2.62515e-01 9.67180e+02
2.67514e-01 4.79102e+02
2.72514e-01 7.52133e+02
2.77515e-01 7.79000e+02
2.82515e-01 6.32844e+02
2.87515e-01 7.44688e+02
2.92514e-01 7.22883e+02
2.97513e-01 8.86320e+02
8.01858e-03 3.67119e+04
1.28441e-02 7.80968e+03
1.77514e-02 2.38400e+03
2.26910e-02 1.01478e+04
2.76613e-02 4.47868e+03
3.26316e-02 5.38808e+03
3.76089e-02 9.96385e+03
4.25899e-02 1.33399e+04
4.75838e-02 1.02735e+04
5.25894e-02 9.12850e+03
5.75770e-02 9.81137e+03
6.25679e-02 4.19297e+03
6.75637e-02 3.83411e+03
7.25587e-02 4.70517e+03
7.75534e-02 5.59636e+03
8.25494e-02 7.52397e+03
8.75470e-02 6.33668e+03
9.25421e-02 3.83690e+03
9.75420e-02 3.87779e+03
1.02542e-01 4.50825e+03
1.07541e-01 4.28047e+03
1.12539e-01 3.30339e+03
1.17536e-01 1.26845e+01
1.22536e-01 2.91552e+03
1.27533e-01 3.61094e+03
1.32529e-01 3.01323e+03
1.37528e-01 1.26800e+03
1.42529e-01 7.02216e+00
1.47530e-01 8.89936e+01
1.52529e-01 -1.45202e+03
1.57528e-01 3.21673e+01
1.62527e-01 8.50216e+02
1.67527e-01 6.16126e+02
1.72526e-01 2.52798e+03
1.77523e-01 9.96914e+02
1.82522e-01 -1.42052e+03
1.87521e-01 -3.79777e+02
1.92521e-01 1.59203e+02
1.97520e-01 1.53939e+02
2.02519e-01 1.42740e+03
2.07520e-01 1.09689e+03
2.12519e-01 7.19644e+02
2.17519e-01 -3.66438e+02
2.22518e-01 -1.86976e+03
2.27517e-01 -1.34070e+03
2.32518e-01 2.83917e+01
2.37519e-01 1.44571e+02
2.42519e-01 9.86374e+02
2.47519e-01 -2.61661e+02
2.52518e-01 -4.27262e+02
2.57516e-01 -2.48496e+02
2.62515e-01 9.34130e+02
2.67514e-01 2.93106e+02
2.72514e-01 -4.47581e+01
2.77515e-01 6.91601e-02
2.82515e-01 -5.03927e+02
2.87515e-01 -1.11892e+03
2.92514e-01 3.52552e+01
2.97513e-01 5.62691e+02
