80 2
k power
3.70544e-03 -4.68758e+02
8.00271e-03 4.87562e+04
1.28497e-02 4.88855e+04
1.77641e-02 4.15634e+04
2.26842e-02 4.13797e+04
2.76464e-02 3.26793e+04
3.26361e-02 2.87349e+04
3.76229e-02 2.52006e+04
4.26066e-02 2.66438e+04
4.75842e-02 1.98720e+04
5.25722e-02 2.00434e+04
5.75659e-02 1.81813e+04
6.25589e-02 1.45400e+04
6.75629e-02 1.45415e+04
7.25605e-02 1.45443e+04
7.75516e-02 1.29034e+04
8.25500e-02 1.06278e+04
8.75455e-02 9.77422e+03
9.25437e-02 1.00791e+04
9.75415e-02 8.42566e+03
1.02534e-01 8.58784e+03
1.07536e-01 6.44112e+03
1.12540e-01 5.17491e+03
1.17537e-01 5.65884e+03
1.22533e-01 5.40148e+03
1.27534e-01 5.32630e+03
1.32530e-01 5.14512e+03
1.37531e-01 5.07870e+03
1.42530e-01 4.26805e+03
1.47526e-01 3.76649e+03
1.52527e-01 3.68868e+03
1.57528e-01 3.49037e+03
1.62527e-01 3.52823e+03
1.67526e-01 1.68073e+03
1.72526e-01 2.10859e+03
1.77526e-01 2.71188e+03
1.82527e-01 1.82673e+03
1.87525e-01 2.70472e+03
1.92520e-01 1.94360e+03
1.97516e-01 1.93502e+03
2.02513e-01 9.09758e+02
2.07516e-01 2.05288e+03
2.12517e-01 1.17068e+03
2.17519e-01 2.38654e+03
2.22521e-01 1.87962e+03
2.27519e-01 1.70018e+03
2.32521e-01 6.59273e+02
2.37520e-01 9.88961e+02
2.42520e-01 8.87844e+02
2.47519e-01 1.03543e+03
2.52516e-01 1.38639e+03
2.57514e-01 8.42719e+02
2.62513e-01 5.63828e+02
2.67513e-01 9.92586e+02
2.72514e-01 1.04427e+03
2.77515e-01 7.37406e+02
2.82516e-01 9.46008e+02
2.87514e-01 8.37602e+02
2.92512e-01 9.27945e+02
2.97514e-01 4.88195e+02
3.02516e-01 4.60258e+02
3.07515e-01 4.78688e+02
3.12512e-01 1.90773e+02
3.17510e-01 4.08797e+02
3.22511e-01 7.46078e+02
3.27512e-01 6.83289e+02
3.32512e-01 1.24156e+02
3.37512e-01 3.46016e+01
3.42513e-01 2.43492e+02
3.47513e-01 4.26180e+02
3.52513e-01 2.18672e+01
3.57513e-01 1.34672e+02
3.62512e-01 2.71625e+02
3.67512e-01 2.90898e+02
3.72512e-01 9.65156e+01
3.77511e-01 1.79156e+02
3.82510e-01 1.21875e+00
3.87510e-01 3.48883e+02
3.92510e-01 -4.82109e+01
3.97510e-01 -9.00781e+01
3.70544e-03 -7.56941e+04
8.00271e-03 -1.98454e+04
1.28497e-02 -7.12253e+03
1.77641e-02 3.85597e+03
2.26842e-02 4.06644e+03
2.76464e-02 -3.94408e+02
3.26361e-02 1.39167e+04
3.76229e-02 9.11617e+03
4.26066e-02 -7.60206e+02
4.75842e-02 6.30400e+03
5.25722e-02 7.52326e+03
5.75659e-02 6.22873e+03
6.25589e-02 8.79302e+03
6.75629e-02 5.87407e+03
7.25605e-02 5.24778e+03
7.75516e-02 2.22740e+03
8.25500e-02 2.93435e+03
8.75455e-02 1.58060e+03
9.25437e-02 -1.01430e+03
9.75415e-02 1.18866e+03
1.02534e-01 1.10539e+03
1.07536e-01 -7.48972e+01
1.12540e-01 1.51845e+03
1.17537e-01 6.73412e+02
1.22533e-01 -1.33626e+03
1.27534e-01 2.07272e+03
1.32530e-01 5.72530e+02
1.37531e-01 -4.39478e+02
1.42530e-01 -8.18718e+02
1.47526e-01 -4.43273e+02
1.52527e-01 -1.67116e+03
1.57528e-01 1.77728e+03
1.62527e-01 1.22160e+03
1.67526e-01 -3.41566e+02
1.72526e-01 1.91224e+02
1.77526e-01 1.13436e+02
1.82527e-01 -1.79194e+03
1.87525e-01 7.22619e+01
1.92520e-01 -5.42936e+02
1.97516e-01 3.00628e+02
2.02513e-01 1.57209e+03
2.07516e-01 -6.53677e+02
2.12517e-01 -3.72892e+02
2.17519e-01 2.01724e+02
2.22521e-01 8.87602e+02
2.27519e-01 -3.62254e+01
2.32521e-01 -1.60969e+03
2.37520e-01 -6.45545e+02
2.42520e-01 -6.14975e+02
2.47519e-01 -9.03089e+02
2.52516e-01 6.45889e+01
2.57514e-01 -5.38782e+02
2.62513e-01 -4.52284e+02
2.67513e-01 2.79633e+02
2.72514e-01 -4.17109e+01
2.77515e-01 -1.02586e+02
2.82516e-01 -8.13469e+02
2.87514e-01 -2.97474e+01
2.92512e-01 2.51525e+01
2.97514e-01 2.55524e+02
3.02516e-01 3.13939e+02
3.07515e-01 1.77060e+02
3.12512e-01 -1.06909e+02
3.17510e-01 1.23034e+01
3.22511e-01 1.79635e+02
3.27512e-01 -3.02151e+02
3.32512e-01 7.39516e+02
3.37512e-01 -2.71412e+02
3.42513e-01 4.81653e+02
3.47513e-01 -2.01422e+02
3.52513e-01 -4.11172e+01
3.57513e-01 3.75845e+01
3.62512e-01 -1.25732e+02
3.67512e-01 -3.39531e+02
3.72512e-01 3.64722e+02
3.77511e-01 2.37119e+02
3.82510e-01 3.73173e+01
3.87510e-01 -5.57778e+02
3.92510e-01 -4.07094e+02
3.97510e-01 2.91963e+02
