80 2
k power
3.70544e-03 1.22331e+04
8.00271e-03 1.37426e+04
1.28497e-02 3.94560e+04
1.77641e-02 4.07065e+04
2.26842e-02 4.26263e+04
2.76464e-02 3.74616e+04
3.26361e-02 2.64222e+04
3.76229e-02 2.53266e+04
4.26066e-02 2.13989e+04
4.75842e-02 1.95835e+04
5.25722e-02 1.93403e+04
5.75659e-02 1.84637e+04
6.25589e-02 1.61516e+04
6.75629e-02 1.58591e+04
7.25605e-02 1.41529e+04
7.75516e-02 1.29824e+04
8.25500e-02 1.05750e+04
8.75455e-02 9.68256e+03
9.25437e-02 9.25685e+03
9.75415e-02 8.37011e+03
1.02534e-01 7.68742e+03
1.07536e-01 6.82475e+03
1.12540e-01 6.30629e+03
1.17537e-01 6.33621e+03
1.22533e-01 5.85508e+03
1.27534e-01 5.03922e+03
1.32530e-01 4.59233e+03
1.37531e-01 4.32638e+03
1.42530e-01 4.42895e+03
1.47526e-01 4.26668e+03
1.52527e-01 3.95612e+03
1.57528e-01 3.24232e+03
1.62527e-01 3.15878e+03
1.67526e-01 2.48344e+03
1.72526e-01 2.42707e+03
1.77526e-01 2.74003e+03
1.82527e-01 2.64798e+03
1.87525e-01 2.23943e+03
1.92520e-01 1.95498e+03
1.97516e-01 2.07515e+03
2.02513e-01 2.23653e+03
2.07516e-01 1.99302e+03
2.12517e-01 1.81961e+03
2.17519e-01 1.26959e+03
2.22521e-01 1.64038e+03
2.27519e-01 1.35815e+03
2.32521e-01 1.27312e+03
2.37520e-01 7.71688e+02
2.42520e-01 1.32655e+03
2.47519e-01 1.07580e+03
2.52516e-01 9.31281e+02
2.57514e-01 9.13641e+02
2.62513e-01 1.06010e+03
2.67513e-01 9.18812e+02
2.72514e-01 8.30836e+02
2.77515e-01 1.14210e+03
2.82516e-01 4.97492e+02
2.87514e-01 1.21858e+03
2.92512e-01 6.60539e+02
2.97514e-01 4.31445e+02
3.02516e-01 5.38812e+02
3.07515e-01 6.64359e+02
3.12512e-01 7.11484e+02
3.17510e-01 2.75367e+02
3.22511e-01 4.01734e+02
3.27512e-01 2.00094e+02
3.32512e-01 2.35617e+02
3.37512e-01 3.67508e+02
3.42513e-01 -6.42188e+00
3.47513e-01 2.04703e+02
3.52513e-01 3.75242e+02
3.57513e-01 3.89328e+02
3.62512e-01 1.26664e+02
3.67512e-01 1.79992e+02
3.72512e-01 4.67391e+02
3.77511e-01 3.23305e+02
3.82510e-01 2.25234e+02
3.87510e-01 2.06508e+02
3.92510e-01 1.93484e+02
3.97510e-01 2.70094e+02
3.70544e-03 -1.06665e+04
8.00271e-03 -2.01435e+04
1.28497e-02 1.67009e+04
1.77641e-02 8.44146e+03
2.26842e-02 1.86096e+04
2.76464e-02 1.24070e+04
3.26361e-02 6.28573e+03
3.76229e-02 1.37909e+04
4.26066e-02 1.31599e+04
4.75842e-02 8.86747e+03
5.25722e-02 1.02184e+04
5.75659e-02 9.59357e+03
6.25589e-02 7.61768e+03
6.75629e-02 4.41029e+03
7.25605e-02 7.35320e+03
7.75516e-02 2.85971e+03
8.25500e-02 1.64201e+03
8.75455e-02 2.86107e+03
9.25437e-02 2.44852e+03
9.75415e-02 2.57503e+03
1.02534e-01 5.15830e+03
1.07536e-01 1.44369e+03
1.12540e-01 2.67926e+03
1.17537e-01 4.53399e+02
1.22533e-01 3.05856e+03
1.27534e-01 4.75680e+02
1.32530e-01 -4.31398e+02
1.37531e-01 2.24522e+03
1.42530e-01 2.50134e+03
1.47526e-01 8.15474e+02
1.52527e-01 5.99755e+02
1.57528e-01 1.74028e+03
1.62527e-01 1.79228e+03
1.67526e-01 1.04011e+03
1.72526e-01 1.35906e+03
1.77526e-01 1.19758e+02
1.82527e-01 1.25758e+03
1.87525e-01 -5.23714e+02
1.92520e-01 -4.62735e+02
1.97516e-01 -3.27506e+02
2.02513e-01 -5.86528e+02
2.07516e-01 -3.30175e+02
2.12517e-01 -4.89885e+02
2.17519e-01 -4.18506e+02
2.22521e-01 1.24629e+02
2.27519e-01 -6.66044e+02
2.32521e-01 -5.00368e+02
2.37520e-01 -5.43142e+02
2.42520e-01 -2.19933e+02
2.47519e-01 4.47363e+02
2.52516e-01 -3.85516e+02
2.57514e-01 -3.78623e+02
2.62513e-01 2.09000e+02
2.67513e-01 -6.72957e+02
2.72514e-01 -5.59612e+02
2.77515e-01 -1.33212e+02
2.82516e-01 4.85777e+02
2.87514e-01 6.81078e+02
2.92512e-01 1.13104e+02
2.97514e-01 6.48388e+02
3.02516e-01 -5.55431e+02
3.07515e-01 -1.39570e+01
3.12512e-01 -3.09546e+01
3.17510e-01 6.69541e+02
3.22511e-01 1.67741e+02
3.27512e-01 3.81664e+01
3.32512e-01 -2.22974e+02
3.37512e-01 -5.30150e+02
3.42513e-01 -2.77485e+01
3.47513e-01 1.60910e+01
3.52513e-01 1.86241e+02
3.57513e-01 5.57222e+02
3.62512e-01 -6.28915e+02
3.67512e-01 -2.07163e+02
3.72512e-01 5.83498e+01
3.77511e-01 1.06469e+02
3.82510e-01 -1.53017e+02
3.87510e-01 -5.55610e+02
3.92510e-01 -2.96832e+02
3.97510e-01 5.15879e+02
