60 2
k power
3.70814e-03 4.96759e+04
8.01858e-03 4.52539e+04
1.28441e-02 4.09223e+04
1.77514e-02 3.71603e+04
2.26910e-02 3.62378e+04
2.76613e-02 2.40500e+04
3.26316e-02 2.11281e+04
3.76089e-02 2.16783e+04
4.25899e-02 2.38825e+04
4.75838e-02 2.10690e+04
5.25894e-02 1.67274e+04
5.75770e-02 1.78483e+04
6.25679e-02 1.48454e+04
6.75637e-02 1.24422e+04
7.25587e-02 1.16309e+04
7.75534e-02 1.21981e+04
8.25494e-02 1.22815e+04
8.75470e-02 7.96980e+03
9.25421e-02 9.30058e+03
9.75420e-02 7.45372e+03
1.02542e-01 6.66831e+03
1.07541e-01 6.62025e+03
1.12539e-01 5.41572e+03
1.17536e-01 5.31170e+03
1.22536e-01 5.29348e+03
1.27533e-01 5.99364e+03
1.32529e-01 4.79670e+03
1.37528e-01 4.35937e+03
1.42529e-01 3.84177e+03
1.47530e-01 2.72758e+03
1.52529e-01 2.91350e+03
1.57528e-01 3.82616e+03
1.62527e-01 2.23057e+03
1.67527e-01 2.47240e+03
1.72526e-01 2.09555e+03
1.77523e-01 2.07816e+03
1.82522e-01 2.86506e+03
1.87521e-01 2.36957e+03
1.92521e-01 1.67955e+03
1.97520e-01 1.30864e+03
2.02519e-01 1.97535e+03
2.07520e-01 1.69772e+03
2.12519e-01 1.61323e+03
2.17519e-01 1.40911e+03
2.22518e-01 1.65500e+03
2.27517e-01 2.04338e+03
2.32518e-01 1.13884e+03
2.37519e-01 1.20442e+03
2.42519e-01 1.14602e+03
2.47519e-01 1.19726e+03
2.52518e-01 1.23673e+03
2.57516e-01 8.40469e+02
2.62515e-01 1.15787e+03
2.67514e-01 9.33766e+02
2.72514e-01 7.36445e+02
2.77515e-01 7.61359e+02
2.82515e-01 5.38398e+02
2.87515e-01 7.73141e+02
2.92514e-01 7.32172e+02
2.97513e-01 6.45297e+02
3.70814e-03 -8.32217e+03
8.01858e-03 1.05425e+04
1.28441e-02 -7.50919e+03
1.77514e-02 8.34009e+02
2.26910e-02 5.94531e+03
2.76613e-02 2.48117e+04
3.26316e-02 1.63228e+04
3.76089e-02 8.47409e+03
4.25899e-02 8.23865e+03
4.75838e-02 3.25921e+03
5.25894e-02 7.78480e+03
5.75770e-02 7.28765e+03
6.25679e-02 4.41635e+03
6.75637e-02 6.14227e+03
7.25587e-02 1.53269e+03
7.75534e-02 1.65607e+03
8.25494e-02 2.81144e+03
8.75470e-02 4.58787e+03
9.25421e-02 7.24824e+03
9.75420e-02 7.31525e+01
1.02542e-01 2.10445e+03
1.07541e-01 1.15951e+03
1.12539e-01 1.12084e+03
1.17536e-01 -9.70677e+02
1.22536e-01 -3.13952e+03
1.27533e-01 -1.18082e+03
1.32529e-01 -6.52315e+02
1.37528e-01 1.21003e+03
1.42529e-01 -1.21923e+03
1.47530e-01 -1.93764e+03
1.52529e-01 -6.08516e+02
1.57528e-01 4.78625e+02
1.62527e-01 8.09798e+01
1.67527e-01 1.66809e+03
1.72526e-01 1.52382e+03
1.77523e-01 -9.11549e+02
1.82522e-01 -3.69050e+02
1.87521e-01 1.46927e+03
1.92521e-01 -7.87312e+02
1.97520e-01 -9.48246e+02
2.02519e-01 2.33983e+03
2.07520e-01 -2.37149e+02
2.12519e-01 4.67345e+02
2.17519e-01 1.00661e+03
2.22518e-01 -7.38588e+02
2.27517e-01 1.65938e+02
2.32518e-01 6.79075e+01
2.37519e-01 4.54763e+02
2.42519e-01 -6.51771e+02
2.47519e-01 -1.04212e+03
2.52518e-01 -3.93525e+01
2.57516e-01 3.07092e+02
2.62515e-01 -6.72201e+02
2.67514e-01 -2.22532e+02
2.72514e-01 -6.02491e+02
2.77515e-01 -6.93898e+02
2.82515e-01 -5.59796e+02
2.87515e-01 5.75327e+02
2.92514e-01 -8.40474e+02
2.97513e-01 -6.83214e+02
