80 2
k power
3.70544e-03 8.59357e+04
8.00271e-03 3.65402e+04
1.28497e-02 3.04390e+04
1.77641e-02 3.66927e+04
2.26842e-02 3.29538e+04
2.76464e-02 3.40860e+04
3.26361e-02 3.29349e+04
3.76229e-02 2.97688e+04
4.26066e-02 2.34037e+04
4.75842e-02 2.16482e+04
5.25722e-02 1.89274e+04
5.75659e-02 1.78485e+04
6.25589e-02 1.76166e+04
6.75629e-02 1.48436e+04
7.25605e-02 1.40096e+04
7.75516e-02 1.22288e+04
8.25500e-02 1.22205e+04
8.75455e-02 1.12490e+04
9.25437e-02 8.49452e+03
9.75415e-02 8.40223e+03
1.02534e-01 6.22648e+03
1.07536e-01 6.52991e+03
1.12540e-01 5.90686e+03
1.17537e-01 4.83024e+03
1.22533e-01 4.72830e+03
1.27534e-01 5.90948e+03
1.32530e-01 4.83513e+03
1.37531e-01 3.99699e+03
1.42530e-01 4.42270e+03
1.47526e-01 3.61891e+03
1.52527e-01 3.21373e+03
1.57528e-01 2.88378e+03
1.62527e-01 3.36375e+03
1.67526e-01 3.81873e+03
1.72526e-01 2.26613e+03
1.77526e-01 3.15159e+03
1.82527e-01 2.67565e+03
1.87525e-01 1.85392e+03
1.92520e-01 2.48618e+03
1.97516e-01 1.39986e+03
2.02513e-01 2.32629e+03
2.07516e-01 1.61878e+03
2.12517e-01 1.87890e+03
2.17519e-01 1.57766e+03
2.22521e-01 7.38508e+02
2.27519e-01 9.85406e+02
2.32521e-01 1.14806e+03
2.37520e-01 1.40400e+03
2.42520e-01 1.30252e+03
2.47519e-01 8.23195e+02
2.52516e-01 1.14484e+03
2.57514e-01 1.38573e+03
2.62513e-01 6.15531e+02
2.67513e-01 3.63867e+02
2.72514e-01 7.50938e+02
2.77515e-01 7.21656e+02
2.82516e-01 8.26641e+02
2.87514e-01 3.93219e+02
2.92512e-01 7.44484e+02
2.97514e-01 6.52219e+02
3.02516e-01 5.08625e+02
3.07515e-01 5.55164e+02
3.12512e-01 8.83578e+02
3.17510e-01 4.87805e+02
3.22511e-01 6.03984e+01
3.27512e-01 6.23359e+01
3.32512e-01 1.23875e+02
3.37512e-01 7.50625e+01
3.42513e-01 2.20625e+02
3.47513e-01 2.63352e+02
3.52513e-01 -8.41953e+01
3.57513e-01 2.33672e+02
3.62512e-01 5.88453e+02
3.67512e-01 2.30453e+02
3.72512e-01 3.04320e+02
3.77511e-01 2.80414e+02
3.82510e-01 4.92734e+02
3.87510e-01 2.46898e+02
3.92510e-01 1.52641e+02
3.97510e-01 4.61719e+02
3.70544e-03 -8.22272e+03
8.00271e-03 -2.28538e+04
1.28497e-02 6.08658e+02
1.77641e-02 8.59673e+03
2.26842e-02 -1.10710e+03
2.76464e-02 6.40546e+03
3.26361e-02 1.06692e+04
3.76229e-02 1.26698e+04
4.26066e-02 9.98082e+03
4.75842e-02 2.17777e+03
5.25722e-02 7.47930e+03
5.75659e-02 6.73429e+03
6.25589e-02 1.70444e+04
6.75629e-02 8.34159e+03
7.25605e-02 2.75530e+03
7.75516e-02 1.50167e+03
8.25500e-02 -4.23158e+02
8.75455e-02 3.36215e+03
9.25437e-02 3.13751e+03
9.75415e-02 5.69663e+02
1.02534e-01 3.56268e+02
1.07536e-01 1.05995e+03
1.12540e-01 7.57520e+02
1.17537e-01 8.32048e+02
1.22533e-01 -7.71529e+02
1.27534e-01 2.02048e+03
1.32530e-01 1.06530e+03
1.37531e-01 -2.38876e+02
1.42530e-01 1.01109e+03
1.47526e-01 1.79291e+03
1.52527e-01 2.00961e+03
1.57528e-01 2.94758e+02
1.62527e-01 -9.72024e+02
1.67526e-01 -1.51668e+03
1.72526e-01 2.86876e+02
1.77526e-01 -2.50247e+03
1.82527e-01 -1.70718e+03
1.87525e-01 1.43384e+02
1.92520e-01 -6.31327e+02
1.97516e-01 3.36149e+01
2.02513e-01 8.65921e+02
2.07516e-01 -3.68859e+02
2.12517e-01 -3.64823e+02
2.17519e-01 3.80563e+02
2.22521e-01 -1.72342e+03
2.27519e-01 -2.75336e+02
2.32521e-01 5.95449e+01
2.37520e-01 8.10195e+02
2.42520e-01 -5.85512e+02
2.47519e-01 -3.60670e+02
2.52516e-01 -1.20348e+03
2.57514e-01 -7.11522e+02
2.62513e-01 5.70229e+01
2.67513e-01 1.12334e+03
2.72514e-01 -5.30184e+02
2.77515e-01 6.06220e+02
2.82516e-01 7.53103e+02
2.87514e-01 5.56248e+02
2.92512e-01 -1.14316e+03
2.97514e-01 -8.29304e+02
3.02516e-01 -1.60348e+03
3.07515e-01 2.22794e+02
3.12512e-01 -6.75201e+02
3.17510e-01 -4.64641e+02
3.22511e-01 -2.76450e+02
3.27512e-01 -5.06744e+02
3.32512e-01 -9.32148e+02
3.37512e-01 -4.23925e+02
3.42513e-01 -4.22530e+02
3.47513e-01 6.08296e+02
3.52513e-01 -6.98273e+02
3.57513e-01 2.80169e+01
3.62512e-01 5.52957e+02
3.67512e-01 5.82063e+02
3.72512e-01 3.86903e+01
3.77511e-01 -8.86237e+02
3.82510e-01 -5.95793e+02
3.87510e-01 -9.25362e+02
3.92510e-01 -2.63244e+00
3.97510e-01 5.73397e+01
