60 2
k power
3.70814e-03 2.46246e+04
8.01858e-03 2.51523e+04
1.28441e-02 4.35520e+04
1.77514e-02 3.85657e+04
2.26910e-02 4.31643e+04
2.76613e-02 3.36725e+04
3.26316e-02 2.83003e+04
3.76089e-02 2.96442e+04
4.25899e-02 2.34651e+04
4.75838e-02 2.14876e+04
5.25894e-02 1.96943e+04
5.75770e-02 1.63763e+04
6.25679e-02 1.74219e+04
6.75637e-02 1.58420e+04
7.25587e-02 1.55396e+04
7.75534e-02 1.49089e+04
8.25494e-02 1.27529e+04
8.75470e-02 1.14008e+04
9.25421e-02 8.84330e+03
9.75420e-02 8.31661e+03
1.02542e-01 9.41487e+03
1.07541e-01 8.29152e+03
1.12539e-01 6.55591e+03
1.17536e-01 5.25833e+03
1.22536e-01 6.72666e+03
1.27533e-01 5.97384e+03
1.32529e-01 5.43206e+03
1.37528e-01 5.39351e+03
1.42529e-01 4.99067e+03
1.47530e-01 4.57043e+03
1.52529e-01 3.66326e+03
1.57528e-01 3.82747e+03
1.62527e-01 3.17612e+03
1.67527e-01 3.97848e+03
1.72526e-01 4.24584e+03
1.77523e-01 3.00534e+03
1.82522e-01 3.46291e+03
1.87521e-01 2.50405e+03
1.92521e-01 2.17219e+03
1.97520e-01 2.32395e+03
2.02519e-01 1.96082e+03
2.07520e-01 1.70530e+03
2.12519e-01 1.84485e+03
2.17519e-01 1.79480e+03
2.22518e-01 1.92366e+03
2.27517e-01 1.50427e+03
2.32518e-01 1.73579e+03
2.37519e-01 1.13130e+03
2.42519e-01 1.31305e+03
2.47519e-01 1.05677e+03
2.52518e-01 1.21042e+03
2.57516e-01 1.66230e+03
2.62515e-01 8.32125e+02
2.67514e-01 1.50514e+03
2.72514e-01 8.93719e+02
2.77515e-01 1.29405e+03
2.82515e-01 1.08309e+03
2.87515e-01 8.69383e+02
2.92514e-01 6.83891e+02
2.97513e-01 4.13602e+02
3.70814e-03 3.55013e+04
8.01858e-03 -3.94353e+03
1.28441e-02 9.89258e+03
1.77514e-02 2.53933e+04
2.26910e-02 8.80615e+03
2.76613e-02 6.92047e+03
3.26316e-02 2.31137e+03
3.76089e-02 8.09963e+03
4.25899e-02 8.07632e+03
4.75838e-02 3.16554e+03
5.25894e-02 -1.87789e+03
5.75770e-02 6.21413e+03
6.25679e-02 3.62339e+03
6.75637e-02 -2.45230e+03
7.25587e-02 6.94164e+03
7.75534e-02 7.35087e+03
8.25494e-02 7.54943e+03
8.75470e-02 7.50104e+03
9.25421e-02 5.45342e+03
9.75420e-02 6.88189e+01
1.02542e-01 1.97862e+03
1.07541e-01 3.81448e+03
1.12539e-01 2.98949e+03
1.17536e-01 1.79304e+03
1.22536e-01 1.16053e+03
1.27533e-01 4.23113e+03
1.32529e-01 1.46596e+03
1.37528e-01 2.78358e+01
1.42529e-01 1.97818e+03
1.47530e-01 2.09441e+03
1.52529e-01 5.54784e+02
1.57528e-01 2.30195e+03
1.62527e-01 1.45508e+03
1.67527e-01 7.76433e+02
1.72526e-01 2.04886e+03
1.77523e-01 3.28524e+03
1.82522e-01 1.07865e+03
1.87521e-01 9.41711e+02
1.92521e-01 -4.54868e+02
1.97520e-01 3.64987e+02
2.02519e-01 6.81046e+02
2.07520e-01 1.08175e+02
2.12519e-01 -2.49820e+02
2.17519e-01 5.14254e+01
2.22518e-01 6.55412e+02
2.27517e-01 -7.29678e+02
2.32518e-01 4.36325e+02
2.37519e-01 3.19220e+02
2.42519e-01 1.07017e+03
2.47519e-01 -1.14235e+02
2.52518e-01 -1.05515e+03
2.57516e-01 -4.23238e+02
2.62515e-01 -1.54782e+03
2.67514e-01 -3.88180e+02
2.72514e-01 -1.65934e+02
2.77515e-01 5.27281e+02
2.82515e-01 -3.69311e+02
2.87515e-01 -2.35890e+02
2.92514e-01 4.95587e+02
2.97513e-01 -2.26048e+02
