60 2
k power
3.78596e-03 -1.76764e+04
8.05565e-03 2.60084e+04
1.28387e-02 3.40341e+04
1.77584e-02 2.65689e+04
2.26862e-02 3.51432e+04
2.76450e-02 3.15937e+04
3.26261e-02 2.80984e+04
3.76152e-02 2.42050e+04
4.26121e-02 2.49576e+04
4.75881e-02 1.98387e+04
5.25764e-02 2.14571e+04
5.75766e-02 1.59297e+04
6.25706e-02 1.53794e+04
6.75643e-02 1.59098e+04
7.25546e-02 1.49752e+04
7.75520e-02 1.16902e+04
8.25499e-02 1.01809e+04
8.75466e-02 1.03443e+04
9.25461e-02 8.61870e+03
9.75410e-02 7.47125e+03
1.02539e-01 7.96732e+03
1.07538e-01 7.34958e+03
1.12539e-01 6.31089e+03
1.17539e-01 5.31416e+03
1.22534e-01 5.34762e+03
1.27532e-01 5.19134e+03
1.32531e-01 4.56776e+03
1.37529e-01 4.76450e+03
1.42529e-01 3.95486e+03
1.47527e-01 3.33690e+03
1.52526e-01 2.70179e+03
1.57526e-01 2.70313e+03
1.62527e-01 2.59157e+03
1.67528e-01 2.55175e+03
1.72524e-01 2.05339e+03
1.77522e-01 3.03673e+03
1.82524e-01 2.91872e+03
1.87522e-01 1.77871e+03
1.92522e-01 2.19606e+03
1.97523e-01 1.93980e+03
2.02522e-01 2.13880e+03
2.07520e-01 2.29300e+03
2.12520e-01 1.53629e+03
2.17519e-01 1.27062e+03
2.22517e-01 9.85805e+02
2.27517e-01 1.11922e+03
2.32517e-01 8.21336e+02
2.37517e-01 1.93329e+03
2.42517e-01 1.18680e+03
2.47517e-01 9.40383e+02
2.52517e-01 1.09197e+03
2.57516e-01 8.23750e+02
2.62515e-01 6.14664e+02
2.67515e-01 4.96984e+02
2.72514e-01 9.19281e+02
2.77515e-01 4.43750e+02
2.82515e-01 5.87773e+02
2.87514e-01 9.47836e+02
2.92514e-01 9.32008e+02
2.97513e-01 6.80148e+02
3.78596e-03 -2.33861e+03
8.05565e-03 2.20286e+04
1.28387e-02 2.51742e+04
1.77584e-02 7.03097e+03
2.26862e-02 1.09414e+04
2.76450e-02 1.50573e+04
3.26261e-02 7.61634e+03
3.76152e-02 2.11516e+04
4.26121e-02 1.33632e+04
4.75881e-02 1.20919e+04
5.25764e-02 1.06414e+04
5.75766e-02 7.73293e+03
6.25706e-02 8.60360e+03
6.75643e-02 4.39552e+03
7.25546e-02 3.69901e+03
7.75520e-02 5.47136e+03
8.25499e-02 2.51411e+03
8.75466e-02 1.83605e+03
9.25461e-02 3.53247e+02
9.75410e-02 2.57968e+03
1.02539e-01 -1.20984e+02
1.07538e-01 -1.41791e+02
1.12539e-01 2.85610e+03
1.17539e-01 1.49118e+03
1.22534e-01 1.53097e+02
1.27532e-01 1.78690e+02
1.32531e-01 6.46651e+02
1.37529e-01 -5.04694e+01
1.42529e-01 1.72708e+02
1.47527e-01 6.73915e+02
1.52526e-01 -9.84415e+02
1.57526e-01 -3.54662e+02
1.62527e-01 8.88027e+02
1.67528e-01 5.07013e+02
1.72524e-01 9.71107e+02
1.77522e-01 1.05788e+03
1.82524e-01 1.64300e+02
1.87522e-01 8.37063e+02
1.92522e-01 -1.08795e+03
1.97523e-01 -8.96254e+02
2.02522e-01 8.42270e+02
2.07520e-01 -3.68056e+02
2.12520e-01 -1.24174e+01
2.17519e-01 -2.57637e+02
2.22517e-01 1.59240e+03
2.27517e-01 2.34428e+01
2.32517e-01 -2.30850e+02
2.37517e-01 -1.03819e+03
2.42517e-01 -1.70298e+02
2.47517e-01 -8.45444e+02
2.52517e-01 -6.70140e+01
2.57516e-01 5.43205e+01
2.62515e-01 5.82331e+02
2.67515e-01 1.32687e+02
2.72514e-01 1.94658e+02
2.77515e-01 -1.84066e+01
2.82515e-01 4.79846e+02
2.87514e-01 1.74373e+00
2.92514e-01 -4.65166e+02
2.97513e-01 -9.86862e+02
