80 2
k power
3.75378e-03 1.45740e+04
8.05040e-03 3.26902e+04
1.28486e-02 2.99870e+04
1.77516e-02 3.47920e+04
2.26918e-02 3.17315e+04
2.76480e-02 2.32188e+04
3.26126e-02 2.52571e+04
3.76111e-02 2.30449e+04
4.26130e-02 1.94864e+04
4.76051e-02 2.02177e+04
5.25913e-02 1.86387e+04
5.75684e-02 1.71518e+04
6.25625e-02 1.48278e+04
6.75666e-02 1.62646e+04
7.25730e-02 1.48534e+04
7.75647e-02 1.13082e+04
8.25476e-02 9.84780e+03
8.75441e-02 1.01577e+04
9.25437e-02 8.67348e+03
9.75415e-02 7.92862e+03
1.02541e-01 8.24677e+03
1.07542e-01 8.33647e+03
1.12541e-01 6.91343e+03
1.17533e-01 5.60501e+03
1.22524e-01 6.43035e+03
1.27531e-01 6.58976e+03
1.32537e-01 6.14626e+03
1.37532e-01 4.81253e+03
1.42526e-01 4.10785e+03
1.47525e-01 3.72480e+03
1.52527e-01 3.07595e+03
1.57525e-01 3.41646e+03
1.62524e-01 2.88912e+03
1.67524e-01 2.90791e+03
1.72523e-01 3.09438e+03
1.77521e-01 2.83001e+03
1.82521e-01 1.63361e+03
1.87522e-01 1.60111e+03
1.92522e-01 2.61860e+03
1.97522e-01 1.70664e+03
2.02520e-01 2.63128e+03
2.07516e-01 1.79161e+03
2.12515e-01 1.72389e+03
2.17519e-01 1.66117e+03
2.22521e-01 1.69209e+03
2.27520e-01 1.35848e+03
2.32521e-01 1.44782e+03
2.37519e-01 8.58992e+02
2.42517e-01 1.39387e+03
2.47516e-01 1.26878e+03
2.52517e-01 1.03613e+03
2.57519e-01 1.25626e+03
2.62519e-01 1.32462e+03
2.67517e-01 1.32094e+03
2.72515e-01 1.07295e+03
2.77516e-01 9.93891e+02
2.82516e-01 8.49062e+02
2.87515e-01 1.04007e+03
2.92513e-01 8.88594e+01
2.97512e-01 2.89047e+02
3.02513e-01 6.58531e+02
3.07511e-01 4.64984e+02
3.12511e-01 3.94898e+02
3.17513e-01 7.48008e+02
3.22513e-01 6.79938e+02
3.27512e-01 6.97617e+02
3.32509e-01 2.70203e+02
3.37510e-01 3.45648e+02
3.42513e-01 1.28422e+02
3.47514e-01 1.51703e+02
3.52514e-01 3.21172e+02
3.57512e-01 2.69867e+02
3.62512e-01 1.28141e+02
3.67512e-01 2.20703e+02
3.72510e-01 8.38281e+01
3.77511e-01 3.41289e+02
3.82512e-01 2.53055e+02
3.87512e-01 3.43344e+02
3.92510e-01 4.78359e+01
3.97510e-01 8.20781e+01
3.75378e-03 6.03179e+04
8.05040e-03 2.16822e+04
1.28486e-02 -6.88414e+03
1.77516e-02 1.43294e+04
2.26918e-02 1.35343e+04
2.76480e-02 1.25645e+04
3.26126e-02 1.63926e+04
3.76111e-02 8.58796e+03
4.26130e-02 5.18004e+03
4.76051e-02 1.43272e+04
5.25913e-02 8.02035e+03
5.75684e-02 6.80721e+03
6.25625e-02 -2.94207e+03
6.75666e-02 8.62871e+02
7.25730e-02 3.52908e+03
7.75647e-02 9.26802e+02
8.25476e-02 3.18438e+03
8.75441e-02 6.27294e+03
9.25437e-02 2.88064e+03
9.75415e-02 4.17085e+03
1.02541e-01 1.27584e+03
1.07542e-01 2.29541e+03
1.12541e-01 1.33920e+03
1.17533e-01 1.60293e+03
1.22524e-01 -7.42684e+02
1.27531e-01 8.69694e+02
1.32537e-01 -1.14018e+03
1.37532e-01 1.02507e+03
1.42526e-01 1.36500e+03
1.47525e-01 1.78493e+03
1.52527e-01 1.76698e+03
1.57525e-01 5.80071e+02
1.62524e-01 1.52244e+03
1.67524e-01 1.50736e+03
1.72523e-01 1.25541e+03
1.77521e-01 5.29075e+02
1.82521e-01 -5.54386e+02
1.87522e-01 -3.37886e+02
1.92522e-01 2.03506e+03
1.97522e-01 -3.10179e+02
2.02520e-01 -8.71868e+02
2.07516e-01 -1.94343e+02
2.12515e-01 1.71877e+03
2.17519e-01 2.01189e+02
2.22521e-01 6.34214e+02
2.27520e-01 2.01052e+03
2.32521e-01 2.80555e+02
2.37519e-01 -1.56807e+03
2.42517e-01 -1.18239e+03
2.47516e-01 1.97832e+02
2.52517e-01 1.16341e+03
2.57519e-01 7.45745e+02
2.62519e-01 2.40974e+01
2.67517e-01 2.57483e+02
2.72515e-01 5.95132e+02
2.77516e-01 9.42227e+02
2.82516e-01 2.93387e+02
2.87515e-01 1.24545e+03
2.92513e-01 -5.90830e+01
2.97512e-01 -5.11973e+02
3.02513e-01 -2.31015e+02
3.07511e-01 -1.04432e+03
3.12511e-01 -6.00489e+01
3.17513e-01 -4.86542e+02
3.22513e-01 2.52291e+02
3.27512e-01 1.71216e+02
3.32509e-01 -7.43786e+02
3.37510e-01 -4.13194e+02
3.42513e-01 3.09011e+02
3.47514e-01 -8.92004e+02
3.52514e-01 -7.69031e+02
3.57512e-01 -7.38700e+02
3.62512e-01 -1.12131e+03
3.67512e-01 -1.11242e+03
3.72510e-01 -1.21985e+03
3.77511e-01 -6.58378e+02
3.82512e-01 -5.53482e+02
3.87512e-01 -3.92239e+02
3.92510e-01 -1.67933e+02
3.97510e-01 -4.53272e+02
