80 2
k power
3.70544e-03 1.09632e+05
8.00271e-03 4.37692e+04
1.28497e-02 3.68373e+04
1.77641e-02 3.35199e+04
2.26842e-02 3.78848e+04
2.76464e-02 3.10008e+04
3.26361e-02 2.92581e+04
3.76229e-02 2.69994e+04
4.26066e-02 2.46628e+04
4.75842e-02 2.02885e+04
5.25722e-02 1.83472e+04
5.75659e-02 1.53120e+04
6.25589e-02 1.62235e+04
6.75629e-02 1.41354e+04
7.25605e-02 1.41696e+04
7.75516e-02 1.03001e+04
8.25500e-02 1.08294e+04
8.75455e-02 9.82074e+03
9.25437e-02 8.52919e+03
9.75415e-02 8.54177e+03
1.02534e-01 7.76695e+03
1.07536e-01 7.73768e+03
1.12540e-01 7.13773e+03
1.17537e-01 5.52411e+03
1.22533e-01 4.64613e+03
1.27534e-01 5.14545e+03
1.32530e-01 4.80945e+03
1.37531e-01 4.30158e+03
1.42530e-01 3.90352e+03
1.47526e-01 3.57527e+03
1.52527e-01 3.40417e+03
1.57528e-01 3.40994e+03
1.62527e-01 3.26399e+03
1.67526e-01 2.92174e+03
1.72526e-01 2.29734e+03
1.77526e-01 2.85150e+03
1.82527e-01 2.15944e+03
1.87525e-01 2.04538e+03
1.92520e-01 1.72508e+03
1.97516e-01 2.37180e+03
2.02513e-01 1.69300e+03
2.07516e-01 1.60096e+03
2.12517e-01 1.38027e+03
2.17519e-01 1.14825e+03
2.22521e-01 1.40052e+03
2.27519e-01 1.77075e+03
2.32521e-01 2.06762e+03
2.37520e-01 1.47051e+03
2.42520e-01 1.06944e+03
2.47519e-01 1.00329e+03
2.52516e-01 6.93125e+02
2.57514e-01 8.02414e+02
2.62513e-01 1.19509e+03
2.67513e-01 6.80172e+02
2.72514e-01 6.30516e+02
2.77515e-01 1.01477e+03
2.82516e-01 5.46414e+02
2.87514e-01 5.36500e+02
2.92512e-01 8.56383e+02
2.97514e-01 7.09586e+02
3.02516e-01 8.34469e+02
3.07515e-01 4.28648e+02
3.12512e-01 7.15750e+02
3.17510e-01 6.42367e+02
3.22511e-01 5.37414e+02
3.27512e-01 5.93820e+02
3.32512e-01 3.48766e+02
3.37512e-01 2.75219e+02
3.42513e-01 5.50305e+02
3.47513e-01 1.18859e+02
3.52513e-01 2.31648e+02
3.57513e-01 2.61992e+02
3.62512e-01 1.49320e+02
3.67512e-01 -1.60312e+01
3.72512e-01 3.58531e+02
3.77511e-01 2.54297e+02
3.82510e-01 1.05945e+02
3.87510e-01 3.69234e+02
3.92510e-01 5.66883e+02
3.97510e-01 3.34383e+02
3.70544e-03 -7.20679e+04
8.00271e-03 1.65299e+04
1.28497e-02 3.12517e+04
1.77641e-02 1.41293e+04
2.26842e-02 3.80004e+03
2.76464e-02 1.36319e+04
3.26361e-02 1.49907e+04
3.76229e-02 1.62127e+04
4.26066e-02 1.49309e+04
4.75842e-02 7.34242e+03
5.25722e-02 8.33086e+03
5.75659e-02 4.16067e+03
6.25589e-02 6.11796e+03
6.75629e-02 5.05228e+03
7.25605e-02 3.43397e+03
7.75516e-02 3.26028e+03
8.25500e-02 4.78445e+03
8.75455e-02 3.85625e+03
9.25437e-02 3.06773e+03
9.75415e-02 2.84908e+03
1.02534e-01 2.58757e+03
1.07536e-01 2.87384e+03
1.12540e-01 4.30245e+03
1.17537e-01 2.85125e+03
1.22533e-01 3.05025e+03
1.27534e-01 1.64474e+03
1.32530e-01 2.12984e+03
1.37531e-01 2.25977e+03
1.42530e-01 8.63793e+02
1.47526e-01 3.12017e+03
1.52527e-01 9.79083e+02
1.57528e-01 1.14097e+03
1.62527e-01 1.06753e+02
1.67526e-01 1.26443e+03
1.72526e-01 1.34058e+03
1.77526e-01 3.16247e+02
1.82527e-01 9.37624e+02
1.87525e-01 1.97018e+03
1.92520e-01 5.46184e+02
1.97516e-01 7.66102e+02
2.02513e-01 -1.34856e+03
2.07516e-01 1.15624e+03
2.12517e-01 -1.69675e+02
2.17519e-01 -5.68641e+02
2.22521e-01 -2.75517e+02
2.27519e-01 -1.21045e+02
2.32521e-01 -1.56759e+02
2.37520e-01 3.41076e+02
2.42520e-01 -5.69782e+02
2.47519e-01 7.68607e+02
2.52516e-01 1.39947e+03
2.57514e-01 -4.74710e+02
2.62513e-01 4.05909e+02
2.67513e-01 -1.92735e+02
2.72514e-01 -1.49454e+02
2.77515e-01 -9.64067e+01
2.82516e-01 1.21670e+02
2.87514e-01 5.28086e+02
2.92512e-01 -8.70039e+02
2.97514e-01 -1.23126e+03
3.02516e-01 -5.89052e+02
3.07515e-01 1.70977e+02
3.12512e-01 -1.18692e+02
3.17510e-01 -4.52806e+02
3.22511e-01 -4.46912e+02
3.27512e-01 -6.63803e+01
3.32512e-01 4.78787e+02
3.37512e-01 1.79964e+02
3.42513e-01 -1.35880e+02
3.47513e-01 9.60242e+01
3.52513e-01 -1.12341e+02
3.57513e-01 -5.96708e+02
3.62512e-01 -3.35767e+02
3.67512e-01 -2.13258e+02
3.72512e-01 -1.09425e+02
3.77511e-01 4.19197e+02
3.82510e-01 3.02652e+02
3.87510e-01 4.20367e+02
3.92510e-01 3.50766e+02
3.97510e-01 1.86208e+02
