59 2
k power
8.00271e-03 1.85088e+04
1.28497e-02 2.55884e+04
1.77641e-02 4.25588e+04
2.26842e-02 4.04007e+04
2.76464e-02 2.91161e+04
3.26361e-02 2.32961e+04
3.76229e-02 2.64802e+04
4.26066e-02 2.13460e+04
4.75842e-02 1.78444e+04
5.25722e-02 1.79511e+04
5.75659e-02 1.60863e+04
6.25589e-02 1.38951e+04
6.75629e-02 1.65936e+04
7.25605e-02 1.36187e+04
7.75516e-02 1.16263e+04
8.25500e-02 1.15336e+04
8.75455e-02 1.01235e+04
9.25437e-02 8.47800e+03
9.75415e-02 8.29941e+03
1.02534e-01 7.95328e+03
1.07536e-01 6.53955e+03
1.12540e-01 5.81081e+03
1.17537e-01 5.42103e+03
1.22533e-01 5.62738e+03
1.27534e-01 4.28055e+03
1.32530e-01 4.78059e+03
1.37531e-01 4.48240e+03
1.42530e-01 4.18621e+03
1.47526e-01 3.69277e+03
1.52527e-01 4.21093e+03
1.57528e-01 3.12966e+03
1.62527e-01 3.08932e+03
1.67526e-01 3.49646e+03
1.72526e-01 2.53678e+03
1.77526e-01 3.09109e+03
1.82527e-01 2.50974e+03
1.87525e-01 2.33880e+03
1.92520e-01 2.71221e+03
1.97516e-01 2.52102e+03
2.02513e-01 2.17969e+03
2.07516e-01 1.64997e+03
2.12517e-01 1.44809e+03
2.17519e-01 1.56163e+03
2.22521e-01 1.37991e+03
2.27519e-01 7.37469e+02
2.32521e-01 7.81516e+02
2.37520e-01 9.12023e+02
2.42520e-01 8.61297e+02
2.47519e-01 9.61320e+02
2.52516e-01 9.53664e+02
2.57514e-01 7.16586e+02
2.62513e-01 4.16008e+02
2.67513e-01 4.66391e+02
2.72514e-01 6.83898e+02
2.77515e-01 5.84117e+02
2.82516e-01 4.10055e+02
2.87514e-01 7.34406e+02
2.92512e-01 5.90141e+02
2.97514e-01 5.12969e+02
8.00271e-03 3.00676e+04
1.28497e-02 8.09082e+03
1.77641e-02 1.70753e+03
2.26842e-02 8.03381e+03
2.76464e-02 1.99014e+04
3.26361e-02 1.53788e+04
3.76229e-02 1.62379e+04
4.26066e-02 1.08442e+04
4.75842e-02 5.50203e+03
5.25722e-02 1.10009e+04
5.75659e-02 6.34674e+03
6.25589e-02 5.91194e+03
6.75629e-02 4.77464e+03
7.25605e-02 3.38740e+03
7.75516e-02 4.00598e+03
8.25500e-02 -3.33692e+02
8.75455e-02 1.03037e+02
9.25437e-02 1.00121e+03
9.75415e-02 2.81592e+03
1.02534e-01 2.08312e+03
1.07536e-01 2.10402e+03
1.12540e-01 3.08660e+03
1.17537e-01 2.86531e+03
1.22533e-01 1.63109e+03
1.27534e-01 9.58037e+02
1.32530e-01 -5.73488e+00
1.37531e-01 4.39539e+02
1.42530e-01 -5.60064e+01
1.47526e-01 2.16334e+02
1.52527e-01 1.19522e+03
1.57528e-01 -8.83710e+02
1.62527e-01 -4.25911e+02
1.67526e-01 -5.84239e+02
1.72526e-01 -4.39683e+02
1.77526e-01 7.74397e+02
1.82527e-01 3.43373e+02
1.87525e-01 3.39199e+02
1.92520e-01 -4.84301e+02
1.97516e-01 -4.57126e+02
2.02513e-01 8.07642e+02
2.07516e-01 1.91347e+02
2.12517e-01 -1.00450e+02
2.17519e-01 1.42936e+02
2.22521e-01 -6.52284e+02
2.27519e-01 1.24657e+03
2.32521e-01 -3.34701e+02
2.37520e-01 3.30857e+02
2.42520e-01 2.65675e+02
2.47519e-01 1.22426e+03
2.52516e-01 -2.16479e+02
2.57514e-01 3.78267e+02
2.62513e-01 -7.22194e+02
2.67513e-01 -5.39774e+02
2.72514e-01 -1.61887e+02
2.77515e-01 -1.92973e+02
2.82516e-01 -8.62782e+01
2.87514e-01 1.04720e+02
2.92512e-01 -1.73442e+02
2.97514e-01 -4.46673e+02
