59 2
k power
8.01858e-03 2.50913e+04
1.28441e-02 3.54217e+04
1.77514e-02 3.90965e+04
2.26910e-02 3.79752e+04
2.76613e-02 3.58970e+04
3.26316e-02 3.24007e+04
3.76089e-02 2.62736e+04
4.25899e-02 1.96239e+04
4.75838e-02 2.15675e+04
5.25894e-02 1.93495e+04
5.75770e-02 1.59990e+04
6.25679e-02 1.34303e+04
6.75637e-02 1.24390e+04
7.25587e-02 1.43863e+04
7.75534e-02 1.21534e+04
8.25494e-02 1.10112e+04
8.75470e-02 1.02422e+04
9.25421e-02 9.03584e+03
9.75420e-02 8.51407e+03
1.02542e-01 8.34663e+03
1.07541e-01 6.75147e+03
1.12539e-01 6.60399e+03
1.17536e-01 5.73335e+03
1.22536e-01 5.31573e+03
1.27533e-01 4.38597e+03
1.32529e-01 3.96283e+03
1.37528e-01 3.90749e+03
1.42529e-01 4.46420e+03
1.47530e-01 4.28097e+03
1.52529e-01 3.98988e+03
1.57528e-01 3.98489e+03
1.62527e-01 3.84909e+03
1.67527e-01 3.52130e+03
1.72526e-01 3.20224e+03
1.77523e-01 2.49695e+03
1.82522e-01 2.02402e+03
1.87521e-01 1.72852e+03
1.92521e-01 2.79052e+03
1.97520e-01 2.62138e+03
2.02519e-01 2.58998e+03
2.07520e-01 2.50555e+03
2.12519e-01 2.29209e+03
2.17519e-01 1.47759e+03
2.22518e-01 7.90102e+02
2.27517e-01 1.43145e+03
2.32518e-01 1.72359e+03
2.37519e-01 9.58398e+02
2.42519e-01 8.40055e+02
2.47519e-01 1.10802e+03
2.52518e-01 1.35809e+03
2.57516e-01 1.13205e+03
2.62515e-01 1.12434e+03
2.67514e-01 1.19420e+03
2.72514e-01 7.37320e+02
2.77515e-01 1.43969e+03
2.82515e-01 8.01875e+02
2.87515e-01 7.67609e+02
2.92514e-01 6.13898e+02
2.97513e-01 5.06492e+02
8.01858e-03 1.34705e+04
1.28441e-02 3.76088e+04
1.77514e-02 3.63326e+04
2.26910e-02 2.02640e+04
2.76613e-02 9.31175e+03
3.26316e-02 6.07937e+03
3.76089e-02 1.73683e+04
4.25899e-02 1.38848e+04
4.75838e-02 1.81734e+04
5.25894e-02 1.24277e+04
5.75770e-02 1.06774e+04
6.25679e-02 9.21196e+03
6.75637e-02 6.24693e+03
7.25587e-02 1.67369e+03
7.75534e-02 3.91552e+03
8.25494e-02 3.20482e+03
8.75470e-02 2.11303e+03
9.25421e-02 3.81554e+03
9.75420e-02 5.19019e+03
1.02542e-01 2.94897e+03
1.07541e-01 2.36284e+03
1.12539e-01 1.56396e+03
1.17536e-01 1.56973e+03
1.22536e-01 1.09822e+03
1.27533e-01 1.48442e+03
1.32529e-01 -7.94250e+02
1.37528e-01 9.18873e+02
1.42529e-01 -8.14917e+02
1.47530e-01 1.56902e+03
1.52529e-01 2.07894e+03
1.57528e-01 5.85490e+02
1.62527e-01 -7.35234e+01
1.67527e-01 -7.60484e+02
1.72526e-01 -1.64160e+03
1.77523e-01 -1.25812e+03
1.82522e-01 -1.13530e+02
1.87521e-01 -6.14506e+02
1.92521e-01 3.79550e+02
1.97520e-01 7.09257e+02
2.02519e-01 6.89425e+02
2.07520e-01 -6.24333e+02
2.12519e-01 -3.86367e+02
2.17519e-01 8.10071e+02
2.22518e-01 -1.70490e+02
2.27517e-01 1.08692e+02
2.32518e-01 -2.48695e+02
2.37519e-01 3.70117e+02
2.42519e-01 7.88209e+02
2.47519e-01 1.11912e+03
2.52518e-01 2.49276e+01
2.57516e-01 -5.52625e+02
2.62515e-01 1.76824e+02
2.67514e-01 9.48861e+02
2.72514e-01 -3.56241e+02
2.77515e-01 6.26418e+02
2.82515e-01 2.43856e+02
2.87515e-01 -5.35657e+01
2.92514e-01 -5.39543e+02
2.97513e-01 -1.11038e+01
