59 2
k power
8.05565e-03 3.67835e+04
1.28387e-02 3.35032e+04
1.77584e-02 3.69722e+04
2.26862e-02 4.67009e+04
2.76450e-02 3.78143e+04
3.26261e-02 2.68424e+04
3.76152e-02 2.42031e+04
4.26121e-02 2.54911e+04
4.75881e-02 2.04037e+04
5.25764e-02 1.70791e+04
5.75766e-02 1.74421e+04
6.25706e-02 1.74438e+04
6.75643e-02 1.51724e+04
7.25546e-02 1.28603e+04
7.75520e-02 1.23040e+04
8.25499e-02 1.09103e+04
8.75466e-02 9.13896e+03
9.25461e-02 9.47695e+03
9.75410e-02 8.61791e+03
1.02539e-01 7.86138e+03
1.07538e-01 6.87429e+03
1.12539e-01 5.86058e+03
1.17539e-01 5.26108e+03
1.22534e-01 4.99605e+03
1.27532e-01 5.51602e+03
1.32531e-01 5.00602e+03
1.37529e-01 4.40648e+03
1.42529e-01 4.47770e+03
1.47527e-01 4.10634e+03
1.52526e-01 2.92761e+03
1.57526e-01 3.44115e+03
1.62527e-01 3.14363e+03
1.67528e-01 3.48774e+03
1.72524e-01 2.80847e+03
1.77522e-01 2.53634e+03
1.82524e-01 2.00857e+03
1.87522e-01 1.89801e+03
1.92522e-01 1.27716e+03
1.97523e-01 1.93114e+03
2.02522e-01 1.51705e+03
2.07520e-01 1.88955e+03
2.12520e-01 1.51380e+03
2.17519e-01 1.36673e+03
2.22517e-01 8.58484e+02
2.27517e-01 9.26820e+02
2.32517e-01 1.26470e+03
2.37517e-01 8.26102e+02
2.42517e-01 4.67977e+02
2.47517e-01 7.07070e+02
2.52517e-01 5.32930e+02
2.57516e-01 7.68586e+02
2.62515e-01 8.55055e+02
2.67515e-01 9.93219e+02
2.72514e-01 1.00128e+03
2.77515e-01 6.32703e+02
2.82515e-01 5.75211e+02
2.87514e-01 4.65883e+02
2.92514e-01 7.39633e+02
2.97513e-01 7.34211e+02
8.05565e-03 -1.24198e+03
1.28387e-02 4.64888e+04
1.77584e-02 1.29896e+04
2.26862e-02 2.19086e+04
2.76450e-02 1.46342e+04
3.26261e-02 2.43442e+03
3.76152e-02 1.54190e+04
4.26121e-02 1.76000e+04
4.75881e-02 1.08811e+04
5.25764e-02 9.22220e+03
5.75766e-02 6.76078e+03
6.25706e-02 3.70269e+03
6.75643e-02 6.53543e+03
7.25546e-02 7.04232e+03
7.75520e-02 2.58829e+03
8.25499e-02 3.84427e+03
8.75466e-02 3.07337e+03
9.25461e-02 2.11684e+03
9.75410e-02 4.89028e+03
1.02539e-01 1.13716e+03
1.07538e-01 3.81080e+03
1.12539e-01 2.14023e+03
1.17539e-01 2.99774e+03
1.22534e-01 1.69023e+03
1.27532e-01 3.44599e+03
1.32531e-01 1.66913e+03
1.37529e-01 6.02873e+02
1.42529e-01 8.72835e+02
1.47527e-01 9.14891e+02
1.52526e-01 -6.10109e+02
1.57526e-01 5.03529e+00
1.62527e-01 5.86516e+02
1.67528e-01 -4.61747e+01
1.72524e-01 -1.05741e+03
1.77522e-01 -1.16040e+03
1.82524e-01 3.14797e+02
1.87522e-01 7.37705e+02
1.92522e-01 2.28142e+02
1.97523e-01 1.17960e+03
2.02522e-01 1.63238e+03
2.07520e-01 1.51779e+03
2.12520e-01 -5.71990e+02
2.17519e-01 4.40491e+01
2.22517e-01 6.37236e+02
2.27517e-01 9.69440e+01
2.32517e-01 8.12564e+01
2.37517e-01 -2.02418e+02
2.42517e-01 -2.68154e+02
2.47517e-01 8.53727e+02
2.52517e-01 -4.73923e+01
2.57516e-01 1.13645e+02
2.62515e-01 -3.10479e+02
2.67515e-01 -3.32565e+02
2.72514e-01 3.04843e+02
2.77515e-01 5.06453e+02
2.82515e-01 -5.84931e+02
2.87514e-01 -5.00015e+02
2.92514e-01 -2.83630e+02
2.97513e-01 -2.95793e+02
