80 2
k power
3.75378e-03 4.56583e+04
8.05040e-03 4.17275e+04
1.28486e-02 4.89351e+04
1.77516e-02 3.76659e+04
2.26918e-02 4.28166e+04
2.76480e-02 3.69169e+04
3.26126e-02 3.24501e+04
3.76111e-02 2.43819e+04
4.26130e-02 2.19615e+04
4.76051e-02 1.93930e+04
5.25913e-02 1.75771e+04
5.75684e-02 1.47417e+04
6.25625e-02 1.29212e+04
6.75666e-02 1.45746e+04
7.25730e-02 1.51511e+04
7.75647e-02 1.15858e+04
8.25476e-02 1.03825e+04
8.75441e-02 9.18950e+03
9.25437e-02 8.88963e+03
9.75415e-02 7.32608e+03
1.02541e-01 7.31059e+03
1.07542e-01 6.29181e+03
1.12541e-01 6.41905e+03
1.17533e-01 4.26923e+03
1.22524e-01 4.78369e+03
1.27531e-01 4.06306e+03
1.32537e-01 4.45293e+03
1.37532e-01 4.49543e+03
1.42526e-01 3.89275e+03
1.47525e-01 4.49077e+03
1.52527e-01 3.20506e+03
1.57525e-01 3.09615e+03
1.62524e-01 2.27416e+03
1.67524e-01 2.58252e+03
1.72523e-01 2.26199e+03
1.77521e-01 2.52669e+03
1.82521e-01 2.27978e+03
1.87522e-01 9.57383e+02
1.92522e-01 1.12240e+03
1.97522e-01 1.25643e+03
2.02520e-01 8.82938e+02
2.07516e-01 8.69938e+02
2.12515e-01 1.74518e+03
2.17519e-01 2.53870e+03
2.22521e-01 2.05236e+03
2.27520e-01 1.29074e+03
2.32521e-01 9.58672e+02
2.37519e-01 9.57867e+02
2.42517e-01 1.00754e+03
2.47516e-01 1.19269e+03
2.52517e-01 1.66210e+03
2.57519e-01 1.18077e+03
2.62519e-01 7.27125e+02
2.67517e-01 5.15805e+02
2.72515e-01 6.72164e+02
2.77516e-01 6.09500e+02
2.82516e-01 3.00531e+02
2.87515e-01 1.09269e+03
2.92513e-01 1.30677e+03
2.97512e-01 4.08164e+02
3.02513e-01 3.47867e+02
3.07511e-01 6.57023e+02
3.12511e-01 4.19195e+02
3.17513e-01 1.80586e+02
3.22513e-01 2.41539e+02
3.27512e-01 -1.62250e+02
3.32509e-01 1.77406e+02
3.37510e-01 3.18297e+02
3.42513e-01 1.34758e+02
3.47514e-01 4.66883e+02
3.52514e-01 4.20391e+02
3.57512e-01 1.25375e+02
3.62512e-01 9.02188e+01
3.67512e-01 1.90078e+01
3.72510e-01 1.73367e+02
3.77511e-01 1.62961e+02
3.82512e-01 1.47531e+02
3.87512e-01 3.76977e+02
3.92510e-01 2.39023e+02
3.97510e-01 3.16086e+02
3.75378e-03 -8.42130e+03
8.05040e-03 3.95369e+04
1.28486e-02 1.50036e+04
1.77516e-02 -1.95657e+03
2.26918e-02 2.03727e+04
2.76480e-02 1.34510e+04
3.26126e-02 5.64718e+03
3.76111e-02 1.42452e+04
4.26130e-02 6.16127e+03
4.76051e-02 6.56577e+03
5.25913e-02 2.01554e+03
5.75684e-02 -2.70577e+02
6.25625e-02 2.57348e+03
6.75666e-02 6.36338e+03
7.25730e-02 4.12976e+03
7.75647e-02 3.21486e+03
8.25476e-02 -3.32416e+02
8.75441e-02 6.21530e+03
9.25437e-02 6.83232e+03
9.75415e-02 2.43203e+03
1.02541e-01 3.03164e+03
1.07542e-01 3.25532e+03
1.12541e-01 3.22593e+03
1.17533e-01 1.93345e+03
1.22524e-01 6.72637e+02
1.27531e-01 8.26686e+02
1.32537e-01 1.15084e+03
1.37532e-01 2.07509e+03
1.42526e-01 1.50117e+03
1.47525e-01 2.06763e+03
1.52527e-01 1.29995e+03
1.57525e-01 6.44760e+02
1.62524e-01 -2.25867e+02
1.67524e-01 6.90562e+02
1.72523e-01 2.47604e+03
1.77521e-01 1.11944e+03
1.82521e-01 1.59974e+03
1.87522e-01 1.13238e+03
1.92522e-01 7.40097e+02
1.97522e-01 1.97234e+03
2.02520e-01 1.17410e+03
2.07516e-01 1.12400e+03
2.12515e-01 1.00971e+03
2.17519e-01 -2.85569e+02
2.22521e-01 -3.86229e+02
2.27520e-01 4.62239e+02
2.32521e-01 1.60167e+03
2.37519e-01 2.29770e+03
2.42517e-01 9.46879e+02
2.47516e-01 -7.66091e+02
2.52517e-01 -2.44710e+02
2.57519e-01 -8.50418e+02
2.62519e-01 6.48927e+02
2.67517e-01 -3.76285e+02
2.72515e-01 -3.57684e+02
2.77516e-01 1.67868e+01
2.82516e-01 6.80834e+02
2.87515e-01 2.07318e+02
2.92513e-01 -7.21638e+02
2.97512e-01 -9.25486e+02
3.02513e-01 -1.28642e+03
3.07511e-01 4.76443e+02
3.12511e-01 1.19597e+01
3.17513e-01 3.92828e+02
3.22513e-01 1.61274e+02
3.27512e-01 -4.17839e+02
3.32509e-01 -5.01420e+02
3.37510e-01 1.80684e+02
3.42513e-01 -3.75837e+02
3.47514e-01 -1.33288e+02
3.52514e-01 5.09242e+02
3.57512e-01 3.28538e+02
3.62512e-01 7.11248e+01
3.67512e-01 -7.53964e+02
3.72510e-01 8.85903e+02
3.77511e-01 -5.38042e+02
3.82512e-01 2.71602e+02
3.87512e-01 3.91357e+02
3.92510e-01 1.84880e+02
3.97510e-01 -3.68714e+02
