80 2
k power
3.70544e-03 1.38398e+05
8.00271e-03 5.21959e+04
1.28497e-02 4.91758e+04
1.77641e-02 3.63918e+04
2.26842e-02 4.26561e+04
2.76464e-02 3.03567e+04
3.26361e-02 3.22818e+04
3.76229e-02 3.01890e+04
4.26066e-02 2.22843e+04
4.75842e-02 2.23051e+04
5.25722e-02 2.08375e+04
5.75659e-02 1.70767e+04
6.25589e-02 1.64120e+04
6.75629e-02 1.38957e+04
7.25605e-02 1.34688e+04
7.75516e-02 1.30949e+04
8.25500e-02 1.41019e+04
8.75455e-02 1.10732e+04
9.25437e-02 1.10043e+04
9.75415e-02 8.35773e+03
1.02534e-01 7.58198e+03
1.07536e-01 7.36216e+03
1.12540e-01 7.21048e+03
1.17537e-01 6.64016e+03
1.22533e-01 5.46192e+03
1.27534e-01 5.54141e+03
1.32530e-01 5.24772e+03
1.37531e-01 4.64048e+03
1.42530e-01 4.23182e+03
1.47526e-01 3.30372e+03
1.52527e-01 2.75012e+03
1.57528e-01 3.20526e+03
1.62527e-01 3.27637e+03
1.67526e-01 2.61439e+03
1.72526e-01 1.68692e+03
1.77526e-01 2.48709e+03
1.82527e-01 2.09259e+03
1.87525e-01 1.78245e+03
1.92520e-01 1.12710e+03
1.97516e-01 1.25221e+03
2.02513e-01 1.78973e+03
2.07516e-01 2.07198e+03
2.12517e-01 7.87125e+02
2.17519e-01 5.63805e+02
2.22521e-01 1.46011e+03
2.27519e-01 1.60068e+03
2.32521e-01 1.27466e+03
2.37520e-01 9.17969e+02
2.42520e-01 5.83570e+02
2.47519e-01 9.12734e+02
2.52516e-01 1.10735e+03
2.57514e-01 1.17878e+03
2.62513e-01 8.93891e+02
2.67513e-01 6.58000e+02
2.72514e-01 8.34969e+02
2.77515e-01 4.77000e+02
2.82516e-01 5.08492e+02
2.87514e-01 6.20922e+02
2.92512e-01 5.63750e+02
2.97514e-01 2.75016e+02
3.02516e-01 5.06469e+02
3.07515e-01 5.49250e+02
3.12512e-01 3.54453e+01
3.17510e-01 4.90000e+01
3.22511e-01 4.27109e+02
3.27512e-01 4.85641e+02
3.32512e-01 7.55609e+02
3.37512e-01 -7.04688e+00
3.42513e-01 2.21430e+02
3.47513e-01 2.88391e+02
3.52513e-01 -1.64219e+01
3.57513e-01 4.30109e+02
3.62512e-01 3.53320e+02
3.67512e-01 3.18195e+02
3.72512e-01 -1.63047e+01
3.77511e-01 9.78750e+01
3.82510e-01 -2.01609e+02
3.87510e-01 -3.82734e+01
3.92510e-01 2.56719e+01
3.97510e-01 2.94664e+02
3.70544e-03 5.82556e+03
8.00271e-03 2.69093e+04
1.28497e-02 -6.56839e+03
1.77641e-02 4.26935e+04
2.26842e-02 3.97311e+04
2.76464e-02 1.66041e+04
3.26361e-02 1.10145e+04
3.76229e-02 7.07498e+03
4.26066e-02 8.31880e+03
4.75842e-02 -3.45145e+03
5.25722e-02 1.38884e+04
5.75659e-02 9.32128e+03
6.25589e-02 7.63781e+03
6.75629e-02 4.31259e+03
7.25605e-02 3.45922e+03
7.75516e-02 -1.28869e+03
8.25500e-02 5.01275e+03
8.75455e-02 4.12729e+03
9.25437e-02 4.38297e+03
9.75415e-02 3.60978e+03
1.02534e-01 1.81193e+03
1.07536e-01 -1.15535e+03
1.12540e-01 -4.37568e+02
1.17537e-01 2.06640e+03
1.22533e-01 1.06207e+03
1.27534e-01 3.16245e+03
1.32530e-01 3.70102e+03
1.37531e-01 1.17790e+03
1.42530e-01 1.83074e+03
1.47526e-01 1.88855e+03
1.52527e-01 1.06120e+03
1.57528e-01 2.35297e+03
1.62527e-01 -3.61533e+02
1.67526e-01 -1.67139e+03
1.72526e-01 -1.01104e+03
1.77526e-01 2.63330e+01
1.82527e-01 -1.43566e+03
1.87525e-01 -7.05900e+02
1.92520e-01 4.48858e+02
1.97516e-01 -4.89137e+02
2.02513e-01 8.30691e+02
2.07516e-01 -1.06771e+03
2.12517e-01 -2.85415e+03
2.17519e-01 -1.09333e+03
2.22521e-01 -9.18795e+02
2.27519e-01 -3.97822e+02
2.32521e-01 -5.44209e+02
2.37520e-01 -8.42704e+02
2.42520e-01 -1.12518e+03
2.47519e-01 -9.48793e+01
2.52516e-01 -2.78039e+02
2.57514e-01 3.38095e+01
2.62513e-01 -7.73264e+02
2.67513e-01 -4.51969e+02
2.72514e-01 -9.63829e+02
2.77515e-01 -1.58759e+02
2.82516e-01 -7.52265e+02
2.87514e-01 -3.30662e+02
2.92512e-01 -2.72767e+02
2.97514e-01 -5.39534e+02
3.02516e-01 -4.06204e+02
3.07515e-01 -8.95817e+02
3.12512e-01 -1.23119e+03
3.17510e-01 8.59224e+01
3.22511e-01 -6.84530e+02
3.27512e-01 -1.22929e+03
3.32512e-01 -9.55483e+02
3.37512e-01 3.35748e+02
3.42513e-01 2.83164e+01
3.47513e-01 -2.30806e+02
3.52513e-01 -1.02929e+03
3.57513e-01 -1.11230e+03
3.62512e-01 -1.87175e+02
3.67512e-01 -3.95359e+01
3.72512e-01 1.43713e+02
3.77511e-01 3.54180e+02
3.82510e-01 1.10605e+02
3.87510e-01 -4.52055e+01
3.92510e-01 -8.39927e+02
3.97510e-01 -3.43119e+02
