80 2
k power
3.70544e-03 7.90177e+04
8.00271e-03 4.43208e+04
1.28497e-02 2.64347e+04
1.77641e-02 3.36132e+04
2.26842e-02 4.20843e+04
2.76464e-02 3.20517e+04
3.26361e-02 3.11181e+04
3.76229e-02 2.78261e+04
4.26066e-02 1.95352e+04
4.75842e-02 2.20540e+04
5.25722e-02 1.69102e+04
5.75659e-02 1.80169e+04
6.25589e-02 1.55850e+04
6.75629e-02 1.56440e+04
7.25605e-02 1.36722e+04
7.75516e-02 1.31777e+04
8.25500e-02 1.18111e+04
8.75455e-02 1.11949e+04
9.25437e-02 8.22862e+03
9.75415e-02 8.14738e+03
1.02534e-01 8.32834e+03
1.07536e-01 6.45557e+03
1.12540e-01 7.55527e+03
1.17537e-01 6.40276e+03
1.22533e-01 6.45338e+03
1.27534e-01 5.82893e+03
1.32530e-01 4.74577e+03
1.37531e-01 4.33259e+03
1.42530e-01 4.45588e+03
1.47526e-01 3.50940e+03
1.52527e-01 2.99930e+03
1.57528e-01 2.34616e+03
1.62527e-01 2.27317e+03
1.67526e-01 2.23652e+03
1.72526e-01 2.61546e+03
1.77526e-01 2.28886e+03
1.82527e-01 2.01378e+03
1.87525e-01 1.71332e+03
1.92520e-01 1.55789e+03
1.97516e-01 2.10894e+03
2.02513e-01 1.84944e+03
2.07516e-01 2.13747e+03
2.12517e-01 2.25577e+03
2.17519e-01 1.21437e+03
2.22521e-01 1.35041e+03
2.27519e-01 1.21780e+03
2.32521e-01 1.39490e+03
2.37520e-01 1.85923e+03
2.42520e-01 1.29848e+03
2.47519e-01 8.78391e+02
2.52516e-01 7.02250e+02
2.57514e-01 5.78336e+02
2.62513e-01 7.93359e+02
2.67513e-01 9.67789e+02
2.72514e-01 8.34430e+02
2.77515e-01 4.51844e+02
2.82516e-01 6.07391e+02
2.87514e-01 1.99227e+02
2.92512e-01 6.67773e+02
2.97514e-01 7.52367e+02
3.02516e-01 6.26539e+02
3.07515e-01 4.00164e+02
3.12512e-01 -2.52422e+01
3.17510e-01 3.31695e+02
3.22511e-01 5.45258e+02
3.27512e-01 5.70617e+02
3.32512e-01 3.19570e+02
3.37512e-01 4.86602e+02
3.42513e-01 1.44789e+02
3.47513e-01 9.66250e+01
3.52513e-01 2.63430e+02
3.57513e-01 1.56648e+02
3.62512e-01 1.44422e+02
3.67512e-01 3.37180e+02
3.72512e-01 4.72055e+02
3.77511e-01 1.55352e+02
3.82510e-01 8.35078e+01
3.87510e-01 3.16875e+02
3.92510e-01 4.65039e+02
3.97510e-01 -1.68281e+02
3.70544e-03 -8.22862e+04
8.00271e-03 -1.34632e+04
1.28497e-02 -6.30412e+02
1.77641e-02 1.19786e+04
2.26842e-02 1.93992e+04
2.76464e-02 2.10657e+04
3.26361e-02 7.87172e+03
3.76229e-02 7.28934e+03
4.26066e-02 1.05732e+04
4.75842e-02 6.63691e+03
5.25722e-02 5.03701e+03
5.75659e-02 7.34913e+03
6.25589e-02 4.12444e+03
6.75629e-02 4.41521e+02
7.25605e-02 4.36531e+03
7.75516e-02 6.02527e+03
8.25500e-02 -9.81687e+02
8.75455e-02 4.01477e+03
9.25437e-02 5.06526e+03
9.75415e-02 2.33710e+03
1.02534e-01 2.17397e+03
1.07536e-01 1.52644e+03
1.12540e-01 2.67476e+03
1.17537e-01 2.78494e+03
1.22533e-01 9.13814e+02
1.27534e-01 3.26308e+02
1.32530e-01 3.36306e+03
1.37531e-01 1.17974e+03
1.42530e-01 1.61886e+03
1.47526e-01 -2.00435e+03
1.52527e-01 -2.36016e+02
1.57528e-01 1.57520e+03
1.62527e-01 1.25396e+03
1.67526e-01 -8.06369e+02
1.72526e-01 -1.55782e+03
1.77526e-01 7.52388e+02
1.82527e-01 -3.37053e+02
1.87525e-01 1.75885e+02
1.92520e-01 4.70937e+02
1.97516e-01 -4.34885e+02
2.02513e-01 -1.00620e+02
2.07516e-01 7.93796e+01
2.12517e-01 -4.01793e+02
2.17519e-01 2.96380e+01
2.22521e-01 -3.91201e+02
2.27519e-01 -5.79848e+02
2.32521e-01 8.34545e+02
2.37520e-01 8.93944e+02
2.42520e-01 -5.39710e+02
2.47519e-01 -1.06387e+03
2.52516e-01 -7.35316e+01
2.57514e-01 7.69956e+02
2.62513e-01 1.39769e+02
2.67513e-01 -4.44024e+01
2.72514e-01 4.41336e+01
2.77515e-01 4.20549e+02
2.82516e-01 -3.08293e+02
2.87514e-01 -1.75737e+02
2.92512e-01 -3.49451e+02
2.97514e-01 2.56906e+02
3.02516e-01 1.80949e+02
3.07515e-01 -4.07540e+02
3.12512e-01 -5.14546e+02
3.17510e-01 -6.63516e+02
3.22511e-01 9.14056e+01
3.27512e-01 8.75849e+02
3.32512e-01 2.45216e+02
3.37512e-01 -1.42900e+02
3.42513e-01 -3.38218e+02
3.47513e-01 -2.77940e+02
3.52513e-01 -9.54895e+02
3.57513e-01 4.27022e+02
3.62512e-01 2.02949e+02
3.67512e-01 -5.37327e+01
3.72512e-01 5.77059e+01
3.77511e-01 -4.48149e+02
3.82510e-01 2.97872e+02
3.87510e-01 -1.27552e+02
3.92510e-01 -3.40047e+02
3.97510e-01 -1.74473e+02
