60 2
k power
3.70544e-03 1.97433e+04
8.00271e-03 3.37233e+04
1.28497e-02 2.97227e+04
1.77641e-02 3.35020e+04
2.26842e-02 3.95943e+04
2.76464e-02 3.41586e+04
3.26361e-02 2.76504e+04
3.76229e-02 2.58696e+04
4.26066e-02 1.64443e+04
4.75842e-02 1.74891e+04
5.25722e-02 1.70810e+04
5.75659e-02 1.90667e+04
6.25589e-02 1.52082e+04
6.75629e-02 1.49006e+04
7.25605e-02 1.31883e+04
7.75516e-02 1.18136e+04
8.25500e-02 1.11691e+04
8.75455e-02 1.02384e+04
9.25437e-02 9.21493e+03
9.75415e-02 7.12800e+03
1.02534e-01 6.60548e+03
1.07536e-01 8.03357e+03
1.12540e-01 5.81362e+03
1.17537e-01 5.81116e+03
1.22533e-01 4.94034e+03
1.27534e-01 5.18888e+03
1.32530e-01 3.96546e+03
1.37531e-01 5.02520e+03
1.42530e-01 4.76276e+03
1.47526e-01 4.59226e+03
1.52527e-01 3.80818e+03
1.57528e-01 4.27459e+03
1.62527e-01 3.33131e+03
1.67526e-01 3.41202e+03
1.72526e-01 2.50266e+03
1.77526e-01 2.01657e+03
1.82527e-01 2.09827e+03
1.87525e-01 2.40658e+03
1.92520e-01 2.12406e+03
1.97516e-01 1.84786e+03
2.02513e-01 1.96591e+03
2.07516e-01 1.54597e+03
2.12517e-01 2.17491e+03
2.17519e-01 1.82994e+03
2.22521e-01 1.44619e+03
2.27519e-01 1.47942e+03
2.32521e-01 1.38006e+03
2.37520e-01 7.51938e+02
2.42520e-01 1.22336e+03
2.47519e-01 1.02034e+03
2.52516e-01 1.17398e+03
2.57514e-01 7.70594e+02
2.62513e-01 1.06197e+03
2.67513e-01 7.28289e+02
2.72514e-01 5.02250e+02
2.77515e-01 6.80820e+02
2.82516e-01 5.73039e+02
2.87514e-01 6.85266e+02
2.92512e-01 6.50508e+02
2.97514e-01 6.85430e+02
3.70544e-03 -6.79757e+04
8.00271e-03 3.36027e+04
1.28497e-02 -1.46840e+03
1.77641e-02 3.33951e+03
2.26842e-02 2.51408e+04
2.76464e-02 1.38918e+04
3.26361e-02 2.10402e+04
3.76229e-02 4.06406e+03
4.26066e-02 4.18854e+03
4.75842e-02 1.09867e+04
5.25722e-02 9.70869e+03
5.75659e-02 6.83618e+03
6.25589e-02 5.62759e+03
6.75629e-02 6.40380e+03
7.25605e-02 5.74566e+03
7.75516e-02 4.12998e+03
8.25500e-02 5.07932e+03
8.75455e-02 2.55931e+03
9.25437e-02 1.93796e+03
9.75415e-02 9.30564e+02
1.02534e-01 -1.19134e+03
1.07536e-01 1.71951e+03
1.12540e-01 -8.43613e+02
1.17537e-01 1.26854e+03
1.22533e-01 1.01853e+03
1.27534e-01 8.69881e+02
1.32530e-01 7.80308e+02
1.37531e-01 7.95552e+02
1.42530e-01 7.62531e+02
1.47526e-01 2.11081e+03
1.52527e-01 -7.56431e+02
1.57528e-01 1.50141e+03
1.62527e-01 3.62215e+02
1.67526e-01 4.08063e+02
1.72526e-01 -1.28109e+03
1.77526e-01 -6.19178e+02
1.82527e-01 -1.51504e+03
1.87525e-01 -7.85263e+02
1.92520e-01 -7.40688e+02
1.97516e-01 -4.78203e+02
2.02513e-01 6.97656e+02
2.07516e-01 1.32899e+02
2.12517e-01 1.25029e+01
2.17519e-01 2.80947e+02
2.22521e-01 2.04900e+02
2.27519e-01 -9.28210e+01
2.32521e-01 7.18379e+02
2.37520e-01 5.48872e+02
2.42520e-01 2.31801e+02
2.47519e-01 -8.03945e+01
2.52516e-01 -6.02057e+02
2.57514e-01 8.11653e+00
2.62513e-01 -4.09143e+02
2.67513e-01 -5.54994e+02
2.72514e-01 1.53984e+02
2.77515e-01 9.62197e+02
2.82516e-01 4.47623e+02
2.87514e-01 -7.07737e+01
2.92512e-01 -1.08914e+02
2.97514e-01 -5.68734e+02
