80 2
k power
3.70544e-03 4.41445e+04
8.00271e-03 3.21695e+04
1.28497e-02 2.67140e+04
1.77641e-02 4.19268e+04
2.26842e-02 4.06785e+04
2.76464e-02 2.43977e+04
3.26361e-02 2.39186e+04
3.76229e-02 2.25018e+04
4.26066e-02 2.37206e+04
4.75842e-02 2.27240e+04
5.25722e-02 1.98739e+04
5.75659e-02 1.61350e+04
6.25589e-02 1.42784e+04
6.75629e-02 1.50709e+04
7.25605e-02 1.27154e+04
7.75516e-02 1.32878e+04
8.25500e-02 1.05744e+04
8.75455e-02 1.01390e+04
9.25437e-02 9.57091e+03
9.75415e-02 7.85420e+03
1.02534e-01 7.40082e+03
1.07536e-01 7.26041e+03
1.12540e-01 6.87848e+03
1.17537e-01 5.67005e+03
1.22533e-01 5.71019e+03
1.27534e-01 5.09683e+03
1.32530e-01 5.27496e+03
1.37531e-01 5.23787e+03
1.42530e-01 4.01546e+03
1.47526e-01 4.17720e+03
1.52527e-01 2.85112e+03
1.57528e-01 3.87131e+03
1.62527e-01 3.40205e+03
1.67526e-01 2.86673e+03
1.72526e-01 3.00927e+03
1.77526e-01 2.18561e+03
1.82527e-01 2.44173e+03
1.87525e-01 1.86248e+03
1.92520e-01 2.16686e+03
1.97516e-01 2.40087e+03
2.02513e-01 1.92216e+03
2.07516e-01 2.03081e+03
2.12517e-01 1.68020e+03
2.17519e-01 1.00802e+03
2.22521e-01 1.58171e+03
2.27519e-01 1.20604e+03
2.32521e-01 1.50022e+03
2.37520e-01 1.06208e+03
2.42520e-01 9.47055e+02
2.47519e-01 1.37530e+03
2.52516e-01 1.30206e+03
2.57514e-01 1.12303e+03
2.62513e-01 6.97312e+02
2.67513e-01 8.94273e+02
2.72514e-01 6.77422e+02
2.77515e-01 9.38828e+02
2.82516e-01 7.41133e+02
2.87514e-01 8.81250e+02
2.92512e-01 7.23594e+02
2.97514e-01 7.64312e+02
3.02516e-01 5.88828e+02
3.07515e-01 4.81922e+02
3.12512e-01 5.13898e+02
3.17510e-01 4.28891e+02
3.22511e-01 5.77031e+02
3.27512e-01 2.76062e+02
3.32512e-01 3.71047e+02
3.37512e-01 5.92344e+01
3.42513e-01 3.56641e+01
3.47513e-01 5.87852e+02
3.52513e-01 5.13109e+02
3.57513e-01 4.80430e+02
3.62512e-01 4.15047e+02
3.67512e-01 1.54797e+02
3.72512e-01 2.29023e+02
3.77511e-01 9.56797e+01
3.82510e-01 1.14062e+00
3.87510e-01 1.70602e+02
3.92510e-01 1.32234e+02
3.97510e-01 2.97477e+02
3.70544e-03 5.64838e+04
8.00271e-03 -1.94686e+02
1.28497e-02 -1.67620e+03
1.77641e-02 -4.44534e+03
2.26842e-02 1.72729e+04
2.76464e-02 1.13047e+04
3.26361e-02 4.62946e+03
3.76229e-02 1.47755e+04
4.26066e-02 1.51877e+04
4.75842e-02 9.89003e+03
5.25722e-02 5.08438e+03
5.75659e-02 7.03561e+03
6.25589e-02 4.91998e+03
6.75629e-02 1.17002e+03
7.25605e-02 4.91041e+03
7.75516e-02 7.65973e+03
8.25500e-02 5.94816e+03
8.75455e-02 3.72330e+03
9.25437e-02 1.82858e+03
9.75415e-02 1.73243e+03
1.02534e-01 6.19706e+02
1.07536e-01 2.86560e+03
1.12540e-01 1.46873e+03
1.17537e-01 1.24196e+03
1.22533e-01 1.26635e+03
1.27534e-01 1.88680e+03
1.32530e-01 -2.10332e+02
1.37531e-01 1.16429e+03
1.42530e-01 -1.46205e+02
1.47526e-01 -5.05220e+01
1.52527e-01 1.23090e+03
1.57528e-01 -9.43159e+02
1.62527e-01 -3.69228e+02
1.67526e-01 -1.06527e+03
1.72526e-01 -2.92246e+02
1.77526e-01 4.25492e+02
1.82527e-01 1.20262e+03
1.87525e-01 3.67939e+02
1.92520e-01 4.37368e+02
1.97516e-01 -7.40672e-01
2.02513e-01 3.90658e+02
2.07516e-01 -1.08499e+02
2.12517e-01 -9.20196e+02
2.17519e-01 -4.86196e+02
2.22521e-01 6.77258e+02
2.27519e-01 7.87806e+02
2.32521e-01 4.99707e+02
2.37520e-01 -1.02713e+03
2.42520e-01 1.54359e+03
2.47519e-01 -4.29611e+02
2.52516e-01 -8.54062e+02
2.57514e-01 -4.74552e+02
2.62513e-01 -7.38152e+02
2.67513e-01 -6.56854e+02
2.72514e-01 -5.23814e+02
2.77515e-01 -3.80485e+02
2.82516e-01 -7.05460e+02
2.87514e-01 -7.03861e+02
2.92512e-01 -9.01582e+02
2.97514e-01 -1.69310e+02
3.02516e-01 -2.74392e+02
3.07515e-01 7.03313e+02
3.12512e-01 1.31485e+02
3.17510e-01 6.10188e+02
3.22511e-01 -3.69187e+02
3.27512e-01 4.70004e+02
3.32512e-01 -5.36477e+02
3.37512e-01 3.73652e+02
3.42513e-01 1.28011e+02
3.47513e-01 -5.81647e+02
3.52513e-01 -3.03318e+02
3.57513e-01 1.12821e+02
3.62512e-01 3.73429e+02
3.67512e-01 -5.01443e+01
3.72512e-01 -2.24961e+02
3.77511e-01 -1.54462e+02
3.82510e-01 -4.85307e+02
3.87510e-01 1.43666e+02
3.92510e-01 -2.25525e+02
3.97510e-01 1.68080e+02
