60 2
k power
3.78596e-03 -5.86784e+03
8.05565e-03 1.63812e+04
1.28387e-02 3.10417e+04
1.77584e-02 2.62331e+04
2.26862e-02 3.05725e+04
2.76450e-02 2.56576e+04
3.26261e-02 2.97065e+04
3.76152e-02 2.09633e+04
4.26121e-02 2.10557e+04
4.75881e-02 2.36353e+04
5.25764e-02 2.26531e+04
5.75766e-02 1.55678e+04
6.25706e-02 1.32546e+04
6.75643e-02 1.25495e+04
7.25546e-02 1.48360e+04
7.75520e-02 1.17449e+04
8.25499e-02 1.09286e+04
8.75466e-02 1.10555e+04
9.25461e-02 1.16832e+04
9.75410e-02 9.54308e+03
1.02539e-01 7.00609e+03
1.07538e-01 7.19480e+03
1.12539e-01 6.02385e+03
1.17539e-01 6.48938e+03
1.22534e-01 5.19727e+03
1.27532e-01 6.00483e+03
1.32531e-01 5.53905e+03
1.37529e-01 5.32322e+03
1.42529e-01 4.55707e+03
1.47527e-01 3.19530e+03
1.52526e-01 2.40665e+03
1.57526e-01 3.36862e+03
1.62527e-01 3.45191e+03
1.67528e-01 2.79022e+03
1.72524e-01 2.61311e+03
1.77522e-01 1.74691e+03
1.82524e-01 2.27595e+03
1.87522e-01 2.41569e+03
1.92522e-01 2.06562e+03
1.97523e-01 1.97123e+03
2.02522e-01 2.27362e+03
2.07520e-01 1.47362e+03
2.12520e-01 2.03039e+03
2.17519e-01 1.84509e+03
2.22517e-01 1.56457e+03
2.27517e-01 2.09379e+03
2.32517e-01 1.51241e+03
2.37517e-01 1.19095e+03
2.42517e-01 1.70623e+03
2.47517e-01 1.06609e+03
2.52517e-01 1.03220e+03
2.57516e-01 1.10791e+03
2.62515e-01 1.22466e+03
2.67515e-01 1.20773e+03
2.72514e-01 7.35117e+02
2.77515e-01 4.67266e+02
2.82515e-01 9.06273e+02
2.87514e-01 6.21352e+02
2.92514e-01 7.76703e+02
2.97513e-01 7.38508e+02
3.78596e-03 2.50664e+04
8.05565e-03 1.19556e+04
1.28387e-02 3.65456e+04
1.77584e-02 2.52788e+04
2.26862e-02 2.99119e+04
2.76450e-02 2.39551e+04
3.26261e-02 6.63742e+03
3.76152e-02 1.37565e+04
4.26121e-02 8.05479e+03
4.75881e-02 1.53967e+04
5.25764e-02 5.74340e+03
5.75766e-02 6.48843e+03
6.25706e-02 6.40055e+03
6.75643e-02 8.14437e+03
7.25546e-02 4.50671e+03
7.75520e-02 2.09166e+03
8.25499e-02 1.50793e+03
8.75466e-02 3.40772e+03
9.25461e-02 2.81597e+03
9.75410e-02 2.76144e+03
1.02539e-01 1.31069e+03
1.07538e-01 -4.92711e+02
1.12539e-01 2.79791e+03
1.17539e-01 2.34096e+02
1.22534e-01 -2.01748e+02
1.27532e-01 -6.94151e+02
1.32531e-01 1.44235e+03
1.37529e-01 8.48594e+02
1.42529e-01 1.40513e+03
1.47527e-01 4.38065e+02
1.52526e-01 1.83170e+03
1.57526e-01 9.90130e+02
1.62527e-01 -5.10678e+02
1.67528e-01 1.04925e+03
1.72524e-01 -1.96691e+02
1.77522e-01 2.75288e+02
1.82524e-01 -3.57794e+02
1.87522e-01 3.80251e+02
1.92522e-01 1.41356e+02
1.97523e-01 6.45230e+02
2.02522e-01 7.88902e+02
2.07520e-01 -1.15498e+02
2.12520e-01 -1.09206e+03
2.17519e-01 -9.34009e+02
2.22517e-01 -1.28976e+02
2.27517e-01 -2.87937e+02
2.32517e-01 -5.98918e+02
2.37517e-01 -1.32177e+03
2.42517e-01 -6.65223e+02
2.47517e-01 -1.27960e+03
2.52517e-01 4.90873e+02
2.57516e-01 5.86120e+02
2.62515e-01 7.90755e+02
2.67515e-01 -1.02212e+02
2.72514e-01 -1.59520e+02
2.77515e-01 -5.94954e+02
2.82515e-01 -5.06310e+02
2.87514e-01 -1.89045e+02
2.92514e-01 4.09345e+02
2.97513e-01 2.89203e+02
