60 2
k power
3.70544e-03 4.95595e+04
8.00271e-03 2.04600e+04
1.28497e-02 4.66553e+04
1.77641e-02 4.19948e+04
2.26842e-02 4.90312e+04
2.76464e-02 3.26019e+04
3.26361e-02 3.01645e+04
3.76229e-02 3.18558e+04
4.26066e-02 2.18729e+04
4.75842e-02 2.05430e+04
5.25722e-02 1.79571e+04
5.75659e-02 1.68794e+04
6.25589e-02 1.50528e+04
6.75629e-02 1.41650e+04
7.25605e-02 1.51916e+04
7.75516e-02 1.37299e+04
8.25500e-02 1.14954e+04
8.75455e-02 9.28232e+03
9.25437e-02 9.17448e+03
9.75415e-02 7.39109e+03
1.02534e-01 7.83184e+03
1.07536e-01 5.66354e+03
1.12540e-01 4.47623e+03
1.17537e-01 6.31324e+03
1.22533e-01 5.26850e+03
1.27534e-01 4.86546e+03
1.32530e-01 4.54052e+03
1.37531e-01 4.25459e+03
1.42530e-01 4.15080e+03
1.47526e-01 3.44038e+03
1.52527e-01 3.22051e+03
1.57528e-01 3.00782e+03
1.62527e-01 3.43002e+03
1.67526e-01 2.70604e+03
1.72526e-01 2.71951e+03
1.77526e-01 2.16016e+03
1.82527e-01 1.60192e+03
1.87525e-01 2.20318e+03
1.92520e-01 2.40591e+03
1.97516e-01 2.13113e+03
2.02513e-01 1.88658e+03
2.07516e-01 1.57018e+03
2.12517e-01 1.05309e+03
2.17519e-01 1.73156e+03
2.22521e-01 1.86712e+03
2.27519e-01 1.57168e+03
2.32521e-01 1.54238e+03
2.37520e-01 1.25407e+03
2.42520e-01 8.80500e+02
2.47519e-01 1.27635e+03
2.52516e-01 8.82750e+02
2.57514e-01 1.19508e+03
2.62513e-01 6.68000e+02
2.67513e-01 5.85133e+02
2.72514e-01 6.54586e+02
2.77515e-01 4.31406e+02
2.82516e-01 3.25867e+02
2.87514e-01 5.54188e+02
2.92512e-01 4.82422e+02
2.97514e-01 4.41914e+02
3.70544e-03 -4.35171e+04
8.00271e-03 3.61779e+04
1.28497e-02 -6.84767e+03
1.77641e-02 -6.22266e+03
2.26842e-02 1.48500e+04
2.76464e-02 -5.17019e+03
3.26361e-02 -1.32108e+03
3.76229e-02 9.56267e+03
4.26066e-02 2.31659e+03
4.75842e-02 1.10936e+04
5.25722e-02 9.26371e+03
5.75659e-02 6.03667e+03
6.25589e-02 2.79292e+03
6.75629e-02 5.43156e+03
7.25605e-02 5.24278e+03
7.75516e-02 2.18276e+03
8.25500e-02 2.92470e+03
8.75455e-02 2.02546e+03
9.25437e-02 9.49549e+02
9.75415e-02 3.57416e+03
1.02534e-01 2.73605e+03
1.07536e-01 2.60949e+03
1.12540e-01 2.23419e+03
1.17537e-01 3.21594e+03
1.22533e-01 8.78473e+02
1.27534e-01 1.97710e+03
1.32530e-01 7.36211e+02
1.37531e-01 1.85403e+02
1.42530e-01 7.89050e+02
1.47526e-01 9.52618e+02
1.52527e-01 2.18512e+02
1.57528e-01 6.98685e+02
1.62527e-01 2.12643e+02
1.67526e-01 -9.30514e+02
1.72526e-01 -6.94853e+02
1.77526e-01 -9.02220e+02
1.82527e-01 1.54474e+02
1.87525e-01 -5.37109e+02
1.92520e-01 4.13627e+02
1.97516e-01 -1.73351e+02
2.02513e-01 1.43476e+02
2.07516e-01 -2.27564e+02
2.12517e-01 3.43055e+02
2.17519e-01 -5.23126e+02
2.22521e-01 5.87390e+02
2.27519e-01 -4.80910e+02
2.32521e-01 -9.31388e+01
2.37520e-01 -2.85102e+01
2.42520e-01 7.21938e+02
2.47519e-01 -8.89558e+01
2.52516e-01 2.61537e+02
2.57514e-01 2.73310e+02
2.62513e-01 -1.12556e+03
2.67513e-01 -6.63550e+02
2.72514e-01 -1.06972e+03
2.77515e-01 -2.12965e+01
2.82516e-01 -5.93138e+02
2.87514e-01 3.15343e+02
2.92512e-01 -2.05382e+01
2.97514e-01 -5.44544e+00
