60 2
k power
3.78596e-03 2.41185e+04
8.05565e-03 2.39490e+04
1.28387e-02 3.18568e+04
1.77584e-02 4.47146e+04
2.26862e-02 3.28323e+04
2.76450e-02 3.83363e+04
3.26261e-02 2.84100e+04
3.76152e-02 2.55980e+04
4.26121e-02 2.02204e+04
4.75881e-02 2.19085e+04
5.25764e-02 1.86305e+04
5.75766e-02 1.80574e+04
6.25706e-02 1.65394e+04
6.75643e-02 1.46227e+04
7.25546e-02 1.52448e+04
7.75520e-02 1.19028e+04
8.25499e-02 1.18516e+04
8.75466e-02 1.07677e+04
9.25461e-02 9.42920e+03
9.75410e-02 9.17448e+03
1.02539e-01 8.13794e+03
1.07538e-01 7.17148e+03
1.12539e-01 8.07976e+03
1.17539e-01 5.93073e+03
1.22534e-01 5.83912e+03
1.27532e-01 4.80398e+03
1.32531e-01 4.49088e+03
1.37529e-01 5.17662e+03
1.42529e-01 4.61520e+03
1.47527e-01 4.05170e+03
1.52526e-01 3.62459e+03
1.57526e-01 3.07662e+03
1.62527e-01 2.64702e+03
1.67528e-01 2.53140e+03
1.72524e-01 2.05340e+03
1.77522e-01 2.42546e+03
1.82524e-01 2.23515e+03
1.87522e-01 2.74772e+03
1.92522e-01 1.84038e+03
1.97523e-01 2.01002e+03
2.02522e-01 2.06641e+03
2.07520e-01 2.03534e+03
2.12520e-01 2.01794e+03
2.17519e-01 1.43065e+03
2.22517e-01 1.59452e+03
2.27517e-01 1.39566e+03
2.32517e-01 1.13323e+03
2.37517e-01 1.50624e+03
2.42517e-01 1.05088e+03
2.47517e-01 7.97508e+02
2.52517e-01 1.26655e+03
2.57516e-01 9.52344e+02
2.62515e-01 1.34199e+03
2.67515e-01 1.00822e+03
2.72514e-01 1.15020e+03
2.77515e-01 8.57305e+02
2.82515e-01 5.00195e+02
2.87514e-01 5.49867e+02
2.92514e-01 5.57305e+02
2.97513e-01 4.40953e+02
3.78596e-03 -2.53504e+04
8.05565e-03 9.99472e+03
1.28387e-02 1.14298e+04
1.77584e-02 2.63450e+04
2.26862e-02 3.95236e+04
2.76450e-02 1.07085e+04
3.26261e-02 1.71619e+04
3.76152e-02 1.27853e+04
4.26121e-02 1.42871e+04
4.75881e-02 1.12309e+04
5.25764e-02 7.32821e+03
5.75766e-02 6.98882e+03
6.25706e-02 5.58367e+03
6.75643e-02 6.95681e+03
7.25546e-02 4.95670e+03
7.75520e-02 2.56729e+03
8.25499e-02 4.58772e+03
8.75466e-02 2.55528e+03
9.25461e-02 8.28067e+02
9.75410e-02 1.26929e+03
1.02539e-01 1.70431e+03
1.07538e-01 1.96858e+02
1.12539e-01 6.45597e+02
1.17539e-01 2.55603e+03
1.22534e-01 2.31153e+03
1.27532e-01 1.77382e+03
1.32531e-01 6.63093e+02
1.37529e-01 7.54227e+02
1.42529e-01 -1.65275e+02
1.47527e-01 -3.80826e+02
1.52526e-01 -2.42723e+02
1.57526e-01 -5.35332e+02
1.62527e-01 -2.37639e+02
1.67528e-01 2.31260e+02
1.72524e-01 8.26635e+02
1.77522e-01 -1.14513e+03
1.82524e-01 -1.98824e+02
1.87522e-01 -1.50831e+03
1.92522e-01 3.19057e+02
1.97523e-01 9.37529e+01
2.02522e-01 -7.31156e+01
2.07520e-01 -5.85242e+02
2.12520e-01 -3.07648e+02
2.17519e-01 2.12505e+02
2.22517e-01 5.30023e+02
2.27517e-01 -4.82090e+01
2.32517e-01 -3.65077e+02
2.37517e-01 -1.56774e+03
2.42517e-01 7.38630e+02
2.47517e-01 -6.42603e+02
2.52517e-01 -7.51030e+02
2.57516e-01 -5.79345e+02
2.62515e-01 4.96679e+02
2.67515e-01 -1.13247e+02
2.72514e-01 -7.72416e+02
2.77515e-01 -3.50944e+02
2.82515e-01 -5.87631e+02
2.87514e-01 -1.46780e+03
2.92514e-01 -8.74998e+02
2.97513e-01 -8.27988e+02
