60 2
k power
3.70814e-03 -3.20036e+04
8.01858e-03 3.15302e+04
1.28441e-02 3.65936e+04
1.77514e-02 3.90532e+04
2.26910e-02 3.77387e+04
2.76613e-02 3.23095e+04
3.26316e-02 2.95064e+04
3.76089e-02 2.48297e+04
4.25899e-02 2.30886e+04
4.75838e-02 1.75215e+04
5.25894e-02 1.60076e+04
5.75770e-02 1.47248e+04
6.25679e-02 1.51209e+04
6.75637e-02 1.38309e+04
7.25587e-02 1.34664e+04
7.75534e-02 1.31339e+04
8.25494e-02 1.10185e+04
8.75470e-02 9.89111e+03
9.25421e-02 1.06518e+04
9.75420e-02 8.88333e+03
1.02542e-01 7.64884e+03
1.07541e-01 7.87362e+03
1.12539e-01 6.59413e+03
1.17536e-01 5.78655e+03
1.22536e-01 5.21627e+03
1.27533e-01 5.12447e+03
1.32529e-01 4.63524e+03
1.37528e-01 4.54965e+03
1.42529e-01 5.00360e+03
1.47530e-01 3.79973e+03
1.52529e-01 2.81342e+03
1.57528e-01 3.00797e+03
1.62527e-01 1.96427e+03
1.67527e-01 2.64591e+03
1.72526e-01 2.52113e+03
1.77523e-01 1.98029e+03
1.82522e-01 2.01676e+03
1.87521e-01 1.84299e+03
1.92521e-01 2.71566e+03
1.97520e-01 2.25424e+03
2.02519e-01 1.93247e+03
2.07520e-01 2.12302e+03
2.12519e-01 1.56179e+03
2.17519e-01 2.21991e+03
2.22518e-01 1.67626e+03
2.27517e-01 1.99387e+03
2.32518e-01 1.57782e+03
2.37519e-01 7.40977e+02
2.42519e-01 1.43663e+03
2.47519e-01 9.13156e+02
2.52518e-01 7.45695e+02
2.57516e-01 6.82609e+02
2.62515e-01 4.04516e+02
2.67514e-01 9.24258e+02
2.72514e-01 1.02466e+03
2.77515e-01 6.92125e+02
2.82515e-01 4.49438e+02
2.87515e-01 4.85945e+02
2.92514e-01 4.18688e+02
2.97513e-01 4.92547e+02
3.70814e-03 1.97012e+04
8.01858e-03 6.73275e+03
1.28441e-02 2.54569e+04
1.77514e-02 2.85789e+04
2.26910e-02 1.02476e+04
2.76613e-02 3.40425e+03
3.26316e-02 1.01451e+04
3.76089e-02 -9.79708e+02
4.25899e-02 -1.80178e+03
4.75838e-02 2.09046e+03
5.25894e-02 5.59147e+03
5.75770e-02 9.67435e+03
6.25679e-02 1.00855e+04
6.75637e-02 2.67357e+03
7.25587e-02 2.80841e+03
7.75534e-02 4.82680e+03
8.25494e-02 4.30614e+03
8.75470e-02 -2.15733e+02
9.25421e-02 1.78115e+03
9.75420e-02 4.34273e+03
1.02542e-01 4.47826e+02
1.07541e-01 -6.29132e+02
1.12539e-01 1.27576e+03
1.17536e-01 2.18930e+03
1.22536e-01 1.36731e+03
1.27533e-01 9.52943e+02
1.32529e-01 1.30827e+03
1.37528e-01 7.19602e+02
1.42529e-01 2.91484e+03
1.47530e-01 -5.05252e+02
1.52529e-01 -2.07450e+03
1.57528e-01 -9.55365e+02
1.62527e-01 4.33849e+02
1.67527e-01 -1.58200e+02
1.72526e-01 -7.47557e+02
1.77523e-01 1.40681e+03
1.82522e-01 2.45394e+03
1.87521e-01 3.73914e+02
1.92521e-01 2.61017e+02
1.97520e-01 -6.80572e+02
2.02519e-01 -5.79743e+02
2.07520e-01 -1.39260e+03
2.12519e-01 -4.37864e+01
2.17519e-01 3.52461e+02
2.22518e-01 -1.00234e+02
2.27517e-01 1.00535e+02
2.32518e-01 5.99994e+02
2.37519e-01 -3.72370e+02
2.42519e-01 -1.25968e+03
2.47519e-01 -1.77120e+03
2.52518e-01 -1.49898e+03
2.57516e-01 -2.76599e+01
2.62515e-01 5.15261e+02
2.67514e-01 -2.06898e+02
2.72514e-01 -1.61171e+03
2.77515e-01 -6.53187e+01
2.82515e-01 -1.31521e+03
2.87515e-01 -7.35571e+02
2.92514e-01 1.17869e+03
2.97513e-01 -4.82918e+02
