80 2
k power
3.70544e-03 8.03885e+04
8.00271e-03 4.90905e+04
1.28497e-02 4.71370e+04
1.77641e-02 4.55994e+04
2.26842e-02 2.55524e+04
2.76464e-02 3.26681e+04
3.26361e-02 2.81186e+04
3.76229e-02 2.37219e+04
4.26066e-02 1.96530e+04
4.75842e-02 1.93909e+04
5.25722e-02 1.85533e+04
5.75659e-02 1.73935e+04
6.25589e-02 1.68443e+04
6.75629e-02 1.43822e+04
7.25605e-02 1.35048e+04
7.75516e-02 1.31818e+04
8.25500e-02 1.27846e+04
8.75455e-02 1.10909e+04
9.25437e-02 9.34419e+03
9.75415e-02 8.00761e+03
1.02534e-01 7.58591e+03
1.07536e-01 7.65392e+03
1.12540e-01 7.40199e+03
1.17537e-01 5.97154e+03
1.22533e-01 4.47237e+03
1.27534e-01 5.10734e+03
1.32530e-01 5.39812e+03
1.37531e-01 4.27312e+03
1.42530e-01 3.72600e+03
1.47526e-01 4.39205e+03
1.52527e-01 4.05727e+03
1.57528e-01 3.50878e+03
1.62527e-01 3.59303e+03
1.67526e-01 3.46552e+03
1.72526e-01 3.34330e+03
1.77526e-01 2.71265e+03
1.82527e-01 2.07397e+03
1.87525e-01 2.38209e+03
1.92520e-01 2.33170e+03
1.97516e-01 1.70211e+03
2.02513e-01 1.95775e+03
2.07516e-01 1.25934e+03
2.12517e-01 1.91959e+03
2.17519e-01 1.02795e+03
2.22521e-01 1.36380e+03
2.27519e-01 1.18668e+03
2.32521e-01 1.52085e+03
2.37520e-01 1.60040e+03
2.42520e-01 1.39214e+03
2.47519e-01 1.17474e+03
2.52516e-01 5.63578e+02
2.57514e-01 4.75234e+02
2.62513e-01 1.14284e+03
2.67513e-01 7.01805e+02
2.72514e-01 1.08391e+03
2.77515e-01 4.20445e+02
2.82516e-01 4.32562e+02
2.87514e-01 7.19984e+02
2.92512e-01 8.14641e+02
2.97514e-01 6.46555e+02
3.02516e-01 1.21727e+02
3.07515e-01 1.88000e+02
3.12512e-01 2.35703e+02
3.17510e-01 2.36328e+01
3.22511e-01 3.57867e+02
3.27512e-01 2.52805e+02
3.32512e-01 5.50703e+02
3.37512e-01 2.53008e+02
3.42513e-01 2.94781e+02
3.47513e-01 3.47422e+01
3.52513e-01 6.61422e+02
3.57513e-01 5.67258e+02
3.62512e-01 4.43172e+02
3.67512e-01 1.67398e+02
3.72512e-01 2.15383e+02
3.77511e-01 5.79789e+02
3.82510e-01 2.09219e+01
3.87510e-01 -1.32945e+02
3.92510e-01 3.16867e+02
3.97510e-01 9.76797e+01
3.70544e-03 2.76098e+04
8.00271e-03 5.23140e+04
1.28497e-02 3.14361e+04
1.77641e-02 4.66726e+04
2.26842e-02 1.45221e+04
2.76464e-02 1.68707e+04
3.26361e-02 1.29152e+04
3.76229e-02 7.80633e+03
4.26066e-02 1.20111e+04
4.75842e-02 1.01516e+04
5.25722e-02 1.25416e+04
5.75659e-02 1.18222e+04
6.25589e-02 6.89677e+03
6.75629e-02 6.14677e+03
7.25605e-02 6.08109e+03
7.75516e-02 4.81332e+03
8.25500e-02 3.39632e+03
8.75455e-02 1.48788e+03
9.25437e-02 1.65004e+03
9.75415e-02 3.75570e+03
1.02534e-01 1.94165e+03
1.07536e-01 2.56427e+03
1.12540e-01 3.05577e+03
1.17537e-01 1.66457e+03
1.22533e-01 -5.21585e+02
1.27534e-01 -2.69235e+02
1.32530e-01 4.07950e+02
1.37531e-01 8.19814e+02
1.42530e-01 -8.17893e+02
1.47526e-01 1.28168e+03
1.52527e-01 1.98679e+02
1.57528e-01 -5.12210e+02
1.62527e-01 -6.11686e+02
1.67526e-01 -2.61624e+03
1.72526e-01 -1.82401e+03
1.77526e-01 -6.39460e+01
1.82527e-01 4.41583e+02
1.87525e-01 -5.62716e+02
1.92520e-01 7.59012e+02
1.97516e-01 -6.13799e+02
2.02513e-01 5.88859e+02
2.07516e-01 -2.14487e+03
2.12517e-01 -7.28320e+02
2.17519e-01 -9.55002e+02
2.22521e-01 -3.74619e+02
2.27519e-01 -1.36326e+03
2.32521e-01 -1.19767e+03
2.37520e-01 -1.57010e+03
2.42520e-01 -5.95686e+02
2.47519e-01 -1.09151e+03
2.52516e-01 -6.40968e+02
2.57514e-01 1.26628e+02
2.62513e-01 -7.57421e+02
2.67513e-01 3.55371e+02
2.72514e-01 -1.28085e+03
2.77515e-01 -7.92627e+02
2.82516e-01 -3.23025e+02
2.87514e-01 -1.22455e+03
2.92512e-01 -7.25432e+02
2.97514e-01 -5.93382e+02
3.02516e-01 -4.41795e+02
3.07515e-01 -9.58141e+02
3.12512e-01 -2.44350e+02
3.17510e-01 -1.64632e+02
3.22511e-01 -1.36842e+02
3.27512e-01 5.39285e+02
3.32512e-01 -1.59019e+02
3.37512e-01 -2.73191e+02
3.42513e-01 -7.22236e+01
3.47513e-01 -6.08529e+02
3.52513e-01 -6.65331e+02
3.57513e-01 -8.07935e+02
3.62512e-01 -2.15378e+01
3.67512e-01 6.74511e+02
3.72512e-01 -6.07917e+02
3.77511e-01 -1.42418e+02
3.82510e-01 5.11534e+02
3.87510e-01 2.30170e+02
3.92510e-01 -6.47044e+02
3.97510e-01 -2.06851e+02
