80 2
k power
3.70544e-03 5.82196e+04
8.00271e-03 4.04816e+04
1.28497e-02 3.17675e+04
1.77641e-02 3.83723e+04
2.26842e-02 3.79861e+04
2.76464e-02 3.32393e+04
3.26361e-02 2.86319e+04
3.76229e-02 2.74235e+04
4.26066e-02 2.34690e+04
4.75842e-02 2.22421e+04
5.25722e-02 1.78565e+04
5.75659e-02 1.67706e+04
6.25589e-02 1.37424e+04
6.75629e-02 1.48661e+04
7.25605e-02 1.43506e+04
7.75516e-02 1.22240e+04
8.25500e-02 1.14470e+04
8.75455e-02 1.07199e+04
9.25437e-02 9.37404e+03
9.75415e-02 7.89682e+03
1.02534e-01 7.24295e+03
1.07536e-01 7.21266e+03
1.12540e-01 7.90734e+03
1.17537e-01 5.28837e+03
1.22533e-01 5.64505e+03
1.27534e-01 5.41492e+03
1.32530e-01 5.05652e+03
1.37531e-01 4.45474e+03
1.42530e-01 3.94939e+03
1.47526e-01 4.07891e+03
1.52527e-01 3.19470e+03
1.57528e-01 2.34475e+03
1.62527e-01 3.04941e+03
1.67526e-01 2.99727e+03
1.72526e-01 2.34075e+03
1.77526e-01 1.72082e+03
1.82527e-01 2.48588e+03
1.87525e-01 1.73015e+03
1.92520e-01 1.56164e+03
1.97516e-01 1.31023e+03
2.02513e-01 1.42742e+03
2.07516e-01 1.59401e+03
2.12517e-01 1.48631e+03
2.17519e-01 1.70147e+03
2.22521e-01 1.72867e+03
2.27519e-01 1.36866e+03
2.32521e-01 1.37612e+03
2.37520e-01 8.58430e+02
2.42520e-01 1.20600e+03
2.47519e-01 1.00612e+03
2.52516e-01 8.31492e+02
2.57514e-01 9.20047e+02
2.62513e-01 4.09805e+02
2.67513e-01 6.24344e+02
2.72514e-01 4.73461e+02
2.77515e-01 6.12086e+02
2.82516e-01 4.18312e+02
2.87514e-01 6.32812e+02
2.92512e-01 4.31695e+02
2.97514e-01 7.78680e+02
3.02516e-01 7.23617e+02
3.07515e-01 2.37242e+02
3.12512e-01 4.33398e+02
3.17510e-01 5.21570e+02
3.22511e-01 6.98727e+02
3.27512e-01 7.14680e+02
3.32512e-01 5.18164e+02
3.37512e-01 5.34961e+02
3.42513e-01 5.03297e+02
3.47513e-01 2.69219e+02
3.52513e-01 2.20258e+02
3.57513e-01 2.29758e+02
3.62512e-01 1.79750e+02
3.67512e-01 3.91328e+01
3.72512e-01 5.50156e+01
3.77511e-01 2.01250e+01
3.82510e-01 1.00164e+02
3.87510e-01 -1.63203e+01
3.92510e-01 -3.66094e+01
3.97510e-01 2.42516e+02
3.70544e-03 -5.36908e+04
8.00271e-03 -1.54970e+04
1.28497e-02 1.58871e+04
1.77641e-02 1.73287e+04
2.26842e-02 1.23437e+04
2.76464e-02 1.27693e+04
3.26361e-02 5.32253e+03
3.76229e-02 9.35800e+03
4.26066e-02 5.96165e+03
4.75842e-02 6.48632e+03
5.25722e-02 3.16566e+03
5.75659e-02 2.83604e+03
6.25589e-02 1.05563e+04
6.75629e-02 5.93679e+03
7.25605e-02 4.72579e+03
7.75516e-02 7.00995e+03
8.25500e-02 3.13305e+03
8.75455e-02 3.72328e+03
9.25437e-02 2.51389e+03
9.75415e-02 3.83878e+03
1.02534e-01 2.38449e+03
1.07536e-01 3.42674e+03
1.12540e-01 4.52805e+03
1.17537e-01 2.53544e+03
1.22533e-01 2.62314e+02
1.27534e-01 4.87895e+01
1.32530e-01 1.01457e+03
1.37531e-01 1.38902e+03
1.42530e-01 9.63415e+02
1.47526e-01 1.48573e+03
1.52527e-01 8.02594e+01
1.57528e-01 -6.97848e+02
1.62527e-01 -2.91818e+02
1.67526e-01 2.38011e+02
1.72526e-01 -4.23773e+01
1.77526e-01 -9.57246e+01
1.82527e-01 8.33530e+02
1.87525e-01 2.56783e+01
1.92520e-01 -2.71447e+02
1.97516e-01 -3.49652e+02
2.02513e-01 -2.11898e+02
2.07516e-01 -7.02194e+02
2.12517e-01 -1.04354e+03
2.17519e-01 -7.44265e+02
2.22521e-01 5.24398e+01
2.27519e-01 -6.83995e+02
2.32521e-01 2.42248e+02
2.37520e-01 8.37052e+01
2.42520e-01 -2.33435e+02
2.47519e-01 6.30071e+02
2.52516e-01 -4.89938e+02
2.57514e-01 -3.02954e+02
2.62513e-01 4.54301e+02
2.67513e-01 -4.68611e+02
2.72514e-01 -8.44187e+02
2.77515e-01 -6.72040e+02
2.82516e-01 -5.26181e+02
2.87514e-01 5.55925e+02
2.92512e-01 -2.22456e+02
2.97514e-01 -2.96244e+02
3.02516e-01 3.72960e+01
3.07515e-01 -8.82796e+01
3.12512e-01 -5.60165e+02
3.17510e-01 -2.89068e+02
3.22511e-01 1.70093e+02
3.27512e-01 -4.65718e+02
3.32512e-01 4.45473e+02
3.37512e-01 -6.56569e+02
3.42513e-01 -8.76697e+02
3.47513e-01 -4.14370e+02
3.52513e-01 -4.30569e+02
3.57513e-01 -7.20461e+01
3.62512e-01 -1.76816e+02
3.67512e-01 3.91629e+02
3.72512e-01 4.79663e+02
3.77511e-01 -3.15753e+01
3.82510e-01 1.29941e+01
3.87510e-01 -3.54465e+02
3.92510e-01 -4.00116e+02
3.97510e-01 1.79394e+02
