80 2
k power
3.75378e-03 4.25210e+03
8.05040e-03 1.87064e+04
1.28486e-02 2.98199e+04
1.77516e-02 3.43900e+04
2.26918e-02 3.53630e+04
2.76480e-02 3.55265e+04
3.26126e-02 3.19333e+04
3.76111e-02 2.59351e+04
4.26130e-02 2.06451e+04
4.76051e-02 1.93255e+04
5.25913e-02 1.91323e+04
5.75684e-02 1.99313e+04
6.25625e-02 1.62372e+04
6.75666e-02 1.41670e+04
7.25730e-02 1.35447e+04
7.75647e-02 1.35215e+04
8.25476e-02 1.16259e+04
8.75441e-02 8.97413e+03
9.25437e-02 8.44741e+03
9.75415e-02 9.42956e+03
1.02541e-01 8.28908e+03
1.07542e-01 7.55102e+03
1.12541e-01 7.23865e+03
1.17533e-01 5.91509e+03
1.22524e-01 4.88505e+03
1.27531e-01 5.11620e+03
1.32537e-01 5.81693e+03
1.37532e-01 4.35273e+03
1.42526e-01 3.28796e+03
1.47525e-01 2.82852e+03
1.52527e-01 3.53089e+03
1.57525e-01 3.09127e+03
1.62524e-01 3.18925e+03
1.67524e-01 2.99416e+03
1.72523e-01 2.88286e+03
1.77521e-01 3.32879e+03
1.82521e-01 2.50023e+03
1.87522e-01 2.45959e+03
1.92522e-01 2.24084e+03
1.97522e-01 2.14699e+03
2.02520e-01 2.01459e+03
2.07516e-01 1.40814e+03
2.12515e-01 1.22051e+03
2.17519e-01 1.24352e+03
2.22521e-01 1.99891e+03
2.27520e-01 1.56634e+03
2.32521e-01 1.24999e+03
2.37519e-01 8.45758e+02
2.42517e-01 9.21086e+02
2.47516e-01 6.22406e+02
2.52517e-01 1.40262e+03
2.57519e-01 9.85531e+02
2.62519e-01 1.11480e+03
2.67517e-01 5.90492e+02
2.72515e-01 5.99109e+02
2.77516e-01 6.93633e+02
2.82516e-01 1.20690e+03
2.87515e-01 7.88992e+02
2.92513e-01 6.46781e+02
2.97512e-01 3.87852e+02
3.02513e-01 1.03664e+03
3.07511e-01 9.54609e+02
3.12511e-01 5.38234e+02
3.17513e-01 3.91094e+02
3.22513e-01 2.09672e+02
3.27512e-01 3.35555e+02
3.32509e-01 2.01344e+02
3.37510e-01 2.71508e+02
3.42513e-01 1.68703e+02
3.47514e-01 3.20883e+02
3.52514e-01 3.11336e+02
3.57512e-01 1.14703e+02
3.62512e-01 1.73359e+02
3.67512e-01 2.75945e+02
3.72510e-01 3.04297e+02
3.77511e-01 1.17648e+02
3.82512e-01 3.52391e+02
3.87512e-01 -1.21688e+02
3.92510e-01 -4.15625e+01
3.97510e-01 3.90625e-01
3.75378e-03 -1.80912e+04
8.05040e-03 3.44826e+03
1.28486e-02 5.39966e+03
1.77516e-02 -5.49102e+03
2.26918e-02 2.49239e+03
2.76480e-02 1.01297e+04
3.26126e-02 1.87487e+04
3.76111e-02 9.48483e+03
4.26130e-02 4.57817e+03
4.76051e-02 7.94748e+03
5.25913e-02 8.97197e+03
5.75684e-02 6.75734e+03
6.25625e-02 1.22401e+04
6.75666e-02 7.88003e+03
7.25730e-02 9.85435e+03
7.75647e-02 7.66268e+03
8.25476e-02 8.49430e+03
8.75441e-02 5.31205e+03
9.25437e-02 4.76133e+03
9.75415e-02 2.52126e+03
1.02541e-01 -6.93930e+02
1.07542e-01 1.25011e+03
1.12541e-01 1.58813e+03
1.17533e-01 1.70604e+03
1.22524e-01 1.15134e+03
1.27531e-01 2.11606e+03
1.32537e-01 2.24451e+03
1.37532e-01 9.56642e+02
1.42526e-01 2.16582e+03
1.47525e-01 1.51014e+03
1.52527e-01 1.37144e+03
1.57525e-01 -4.87308e+02
1.62524e-01 -2.50718e+02
1.67524e-01 4.00528e+02
1.72523e-01 1.70341e+03
1.77521e-01 1.93431e+02
1.82521e-01 1.20316e+03
1.87522e-01 2.88235e+03
1.92522e-01 1.56104e+03
1.97522e-01 6.98951e+02
2.02520e-01 8.90416e+02
2.07516e-01 9.77847e+02
2.12515e-01 8.83832e+02
2.17519e-01 -4.08389e+02
2.22521e-01 1.83528e+02
2.27520e-01 1.09061e+03
2.32521e-01 1.86749e+02
2.37519e-01 -9.43157e+01
2.42517e-01 2.61227e+02
2.47516e-01 -4.92728e+02
2.52517e-01 6.37163e+02
2.57519e-01 1.40149e+02
2.62519e-01 7.81455e+02
2.67517e-01 1.05168e+03
2.72515e-01 1.22598e+03
2.77516e-01 -9.39790e+02
2.82516e-01 -2.16990e+02
2.87515e-01 -5.96281e+02
2.92513e-01 3.89901e+02
2.97512e-01 1.19592e+03
3.02513e-01 4.88878e+02
3.07511e-01 -8.19683e+01
3.12511e-01 9.99404e+02
3.17513e-01 3.09275e+02
3.22513e-01 1.56045e+02
3.27512e-01 -6.03674e+02
3.32509e-01 9.72676e+00
3.37510e-01 -5.09333e+02
3.42513e-01 3.49596e+02
3.47514e-01 2.57597e+02
3.52514e-01 -3.47348e+02
3.57512e-01 -3.76709e+02
3.62512e-01 -4.42376e+02
3.67512e-01 -3.06096e+02
3.72510e-01 -3.56237e+02
3.77511e-01 -3.55956e+02
3.82512e-01 1.95259e+02
3.87512e-01 -1.93122e+02
3.92510e-01 6.11667e+01
3.97510e-01 4.57033e+02
