80 2
k power
3.70544e-03 3.79320e+04
8.00271e-03 3.60246e+04
1.28497e-02 3.52324e+04
1.77641e-02 3.84858e+04
2.26842e-02 3.32661e+04
2.76464e-02 2.99670e+04
3.26361e-02 2.67524e+04
3.76229e-02 2.41165e+04
4.26066e-02 2.17426e+04
4.75842e-02 2.01844e+04
5.25722e-02 2.18008e+04
5.75659e-02 1.70025e+04
6.25589e-02 1.43210e+04
6.75629e-02 1.49728e+04
7.25605e-02 1.26757e+04
7.75516e-02 1.04783e+04
8.25500e-02 9.16095e+03
8.75455e-02 8.79391e+03
9.25437e-02 7.00416e+03
9.75415e-02 6.83719e+03
1.02534e-01 7.32295e+03
1.07536e-01 6.02226e+03
1.12540e-01 6.47363e+03
1.17537e-01 6.28334e+03
1.22533e-01 5.34679e+03
1.27534e-01 5.54569e+03
1.32530e-01 4.66471e+03
1.37531e-01 4.97285e+03
1.42530e-01 4.45998e+03
1.47526e-01 4.09442e+03
1.52527e-01 3.58552e+03
1.57528e-01 3.01213e+03
1.62527e-01 2.17457e+03
1.67526e-01 2.60318e+03
1.72526e-01 2.11541e+03
1.77526e-01 2.11569e+03
1.82527e-01 2.19562e+03
1.87525e-01 2.13113e+03
1.92520e-01 2.15241e+03
1.97516e-01 1.79973e+03
2.02513e-01 2.33162e+03
2.07516e-01 1.63491e+03
2.12517e-01 1.54072e+03
2.17519e-01 1.71296e+03
2.22521e-01 1.58902e+03
2.27519e-01 9.77414e+02
2.32521e-01 1.25796e+03
2.37520e-01 1.15773e+03
2.42520e-01 1.06457e+03
2.47519e-01 1.16492e+03
2.52516e-01 1.37278e+03
2.57514e-01 1.00977e+03
2.62513e-01 9.46836e+02
2.67513e-01 3.56328e+02
2.72514e-01 7.66711e+02
2.77515e-01 8.14281e+02
2.82516e-01 5.57500e+02
2.87514e-01 7.95477e+02
2.92512e-01 7.60078e+02
2.97514e-01 1.60008e+02
3.02516e-01 4.30703e+02
3.07515e-01 6.96328e+01
3.12512e-01 7.85750e+02
3.17510e-01 1.11664e+02
3.22511e-01 2.02312e+02
3.27512e-01 4.77188e+02
3.32512e-01 2.61961e+02
3.37512e-01 2.88062e+02
3.42513e-01 5.29570e+02
3.47513e-01 5.07664e+02
3.52513e-01 2.55008e+02
3.57513e-01 4.15445e+02
3.62512e-01 4.13734e+02
3.67512e-01 1.19727e+02
3.72512e-01 3.55430e+02
3.77511e-01 5.21094e+01
3.82510e-01 -1.27812e+01
3.87510e-01 6.43516e+01
3.92510e-01 3.14375e+01
3.97510e-01 -5.82422e+01
3.70544e-03 1.18002e+04
8.00271e-03 5.44926e+03
1.28497e-02 -5.85969e+03
1.77641e-02 -4.15652e+03
2.26842e-02 2.64911e+04
2.76464e-02 2.30006e+04
3.26361e-02 1.94780e+04
3.76229e-02 1.39351e+04
4.26066e-02 1.48783e+04
4.75842e-02 1.39185e+04
5.25722e-02 1.21089e+04
5.75659e-02 1.46032e+03
6.25589e-02 4.83957e+03
6.75629e-02 4.17424e+03
7.25605e-02 3.91476e+03
7.75516e-02 4.64954e+03
8.25500e-02 2.55637e+03
8.75455e-02 8.58515e+01
9.25437e-02 8.15660e+02
9.75415e-02 2.48806e+03
1.02534e-01 1.53381e+03
1.07536e-01 1.53443e+03
1.12540e-01 2.23223e+03
1.17537e-01 2.07838e+03
1.22533e-01 2.91033e+03
1.27534e-01 1.28359e+03
1.32530e-01 -3.30348e+02
1.37531e-01 9.69756e+02
1.42530e-01 1.36009e+03
1.47526e-01 1.43262e+03
1.52527e-01 1.00026e+03
1.57528e-01 5.42233e+02
1.62527e-01 -2.71758e+02
1.67526e-01 1.85513e+03
1.72526e-01 4.46000e+02
1.77526e-01 4.09722e+02
1.82527e-01 -9.68529e+02
1.87525e-01 -1.51988e+02
1.92520e-01 9.73707e+02
1.97516e-01 1.11505e+02
2.02513e-01 1.57021e+02
2.07516e-01 1.87302e+02
2.12517e-01 -3.20255e+02
2.17519e-01 6.24252e+02
2.22521e-01 2.29028e+02
2.27519e-01 -1.77758e+02
2.32521e-01 -5.55812e+02
2.37520e-01 2.48954e+02
2.42520e-01 5.76033e+01
2.47519e-01 -6.40840e+02
2.52516e-01 -2.16777e+02
2.57514e-01 -5.06259e+02
2.62513e-01 5.75422e+02
2.67513e-01 -9.28580e+01
2.72514e-01 -2.72742e+02
2.77515e-01 -7.49945e+02
2.82516e-01 9.46783e+02
2.87514e-01 -4.06351e+02
2.92512e-01 2.02273e+02
2.97514e-01 -2.07290e+02
3.02516e-01 -6.58924e+02
3.07515e-01 -5.33604e+02
3.12512e-01 -3.67426e+02
3.17510e-01 3.12841e+01
3.22511e-01 -1.55073e+02
3.27512e-01 -2.24329e+02
3.32512e-01 -6.29775e+02
3.37512e-01 -7.84585e+02
3.42513e-01 -5.10142e+02
3.47513e-01 -1.02015e+03
3.52513e-01 -2.75600e+02
3.57513e-01 -8.09157e+01
3.62512e-01 -2.26155e+02
3.67512e-01 1.78655e+01
3.72512e-01 -7.48563e+02
3.77511e-01 -5.64644e+02
3.82510e-01 -3.50891e+02
3.87510e-01 -1.66407e+02
3.92510e-01 1.14558e+02
3.97510e-01 -2.99661e+02
