60 2
k power
3.78596e-03 7.14493e+04
8.05565e-03 5.18280e+04
1.28387e-02 4.40999e+04
1.77584e-02 3.35688e+04
2.26862e-02 3.10941e+04
2.76450e-02 3.20474e+04
3.26261e-02 3.29037e+04
3.76152e-02 2.70741e+04
4.26121e-02 2.20725e+04
4.75881e-02 2.19161e+04
5.25764e-02 2.11922e+04
5.75766e-02 1.76007e+04
6.25706e-02 1.22317e+04
6.75643e-02 1.32900e+04
7.25546e-02 1.38431e+04
7.75520e-02 1.08681e+04
8.25499e-02 1.08750e+04
8.75466e-02 1.15367e+04
9.25461e-02 9.41493e+03
9.75410e-02 7.97348e+03
1.02539e-01 8.04397e+03
1.07538e-01 7.84805e+03
1.12539e-01 6.11514e+03
1.17539e-01 6.38363e+03
1.22534e-01 4.77551e+03
1.27532e-01 5.36889e+03
1.32531e-01 4.46155e+03
1.37529e-01 4.61865e+03
1.42529e-01 4.23133e+03
1.47527e-01 3.50684e+03
1.52526e-01 2.82776e+03
1.57526e-01 2.37372e+03
1.62527e-01 3.48583e+03
1.67528e-01 3.01876e+03
1.72524e-01 2.80630e+03
1.77522e-01 3.33176e+03
1.82524e-01 2.18363e+03
1.87522e-01 1.53466e+03
1.92522e-01 2.38695e+03
1.97523e-01 1.42372e+03
2.02522e-01 9.28523e+02
2.07520e-01 1.74075e+03
2.12520e-01 1.66230e+03
2.17519e-01 1.38248e+03
2.22517e-01 1.14484e+03
2.27517e-01 1.61005e+03
2.32517e-01 1.31459e+03
2.37517e-01 8.76234e+02
2.42517e-01 1.11493e+03
2.47517e-01 7.48672e+02
2.52517e-01 1.13843e+03
2.57516e-01 1.05795e+03
2.62515e-01 1.01505e+03
2.67515e-01 9.47453e+02
2.72514e-01 7.04492e+02
2.77515e-01 7.20703e+02
2.82515e-01 7.39211e+02
2.87514e-01 9.63664e+02
2.92514e-01 3.26078e+02
2.97513e-01 2.41344e+02
3.78596e-03 -1.72107e+04
8.05565e-03 7.61761e+03
1.28387e-02 2.59184e+04
1.77584e-02 1.37381e+04
2.26862e-02 2.25780e+03
2.76450e-02 3.04439e+03
3.26261e-02 8.61427e+03
3.76152e-02 2.09059e+04
4.26121e-02 1.14857e+04
4.75881e-02 1.04298e+04
5.25764e-02 9.20997e+03
5.75766e-02 6.93369e+03
6.25706e-02 9.70953e+03
6.75643e-02 2.80087e+03
7.25546e-02 1.67643e+03
7.75520e-02 2.23302e+03
8.25499e-02 -4.10322e+02
8.75466e-02 1.33106e+03
9.25461e-02 1.80927e+03
9.75410e-02 1.82583e+03
1.02539e-01 -5.44615e+02
1.07538e-01 3.48365e+03
1.12539e-01 1.63986e+03
1.17539e-01 1.60519e+03
1.22534e-01 -5.40386e+02
1.27532e-01 3.73078e+02
1.32531e-01 1.03645e+03
1.37529e-01 -1.03179e+01
1.42529e-01 1.35433e+03
1.47527e-01 -3.39689e+02
1.52526e-01 1.70807e+03
1.57526e-01 1.82677e+03
1.62527e-01 -7.82839e+02
1.67528e-01 -1.65976e+02
1.72524e-01 -2.92002e+01
1.77522e-01 1.13083e+02
1.82524e-01 -1.61415e+03
1.87522e-01 -1.10466e+03
1.92522e-01 -1.25664e+02
1.97523e-01 4.53433e+02
2.02522e-01 6.02198e+02
2.07520e-01 3.47104e+02
2.12520e-01 -9.62200e+02
2.17519e-01 -1.89662e+03
2.22517e-01 -8.59938e+02
2.27517e-01 -1.74298e+03
2.32517e-01 -6.23022e+02
2.37517e-01 -9.62078e+02
2.42517e-01 -1.31941e+03
2.47517e-01 -9.59407e+02
2.52517e-01 -1.50759e+02
2.57516e-01 -1.22925e+03
2.62515e-01 -1.09304e+03
2.67515e-01 -8.78949e+02
2.72514e-01 3.08016e+01
2.77515e-01 9.54679e+02
2.82515e-01 -2.29668e+02
2.87514e-01 -4.55495e+02
2.92514e-01 1.94824e+01
2.97513e-01 -5.95908e+02
