80 2
k power
3.70544e-03 8.39489e+04
8.00271e-03 3.00479e+04
1.28497e-02 3.63028e+04
1.77641e-02 3.44466e+04
2.26842e-02 2.97535e+04
2.76464e-02 2.65082e+04
3.26361e-02 2.90674e+04
3.76229e-02 2.17382e+04
4.26066e-02 2.30838e+04
4.75842e-02 2.00403e+04
5.25722e-02 1.62168e+04
5.75659e-02 1.74601e+04
6.25589e-02 1.42306e+04
6.75629e-02 1.39812e+04
7.25605e-02 1.25581e+04
7.75516e-02 1.21848e+04
8.25500e-02 1.03077e+04
8.75455e-02 8.97096e+03
9.25437e-02 8.28270e+03
9.75415e-02 8.16065e+03
1.02534e-01 6.68679e+03
1.07536e-01 6.86000e+03
1.12540e-01 5.67795e+03
1.17537e-01 5.85409e+03
1.22533e-01 5.52098e+03
1.27534e-01 4.90630e+03
1.32530e-01 4.76226e+03
1.37531e-01 4.87934e+03
1.42530e-01 4.72483e+03
1.47526e-01 5.08134e+03
1.52527e-01 4.04941e+03
1.57528e-01 3.51672e+03
1.62527e-01 2.88191e+03
1.67526e-01 2.52354e+03
1.72526e-01 2.93722e+03
1.77526e-01 2.39959e+03
1.82527e-01 2.28827e+03
1.87525e-01 2.10002e+03
1.92520e-01 2.06009e+03
1.97516e-01 1.56173e+03
2.02513e-01 1.20622e+03
2.07516e-01 1.39051e+03
2.12517e-01 1.91131e+03
2.17519e-01 1.77801e+03
2.22521e-01 1.57601e+03
2.27519e-01 1.46580e+03
2.32521e-01 1.09670e+03
2.37520e-01 9.36352e+02
2.42520e-01 1.61070e+03
2.47519e-01 1.22111e+03
2.52516e-01 7.76922e+02
2.57514e-01 1.02832e+03
2.62513e-01 1.21901e+03
2.67513e-01 8.66430e+02
2.72514e-01 9.49219e+02
2.77515e-01 6.70172e+02
2.82516e-01 7.70992e+02
2.87514e-01 7.35844e+02
2.92512e-01 4.09961e+02
2.97514e-01 7.35922e+02
3.02516e-01 5.56055e+02
3.07515e-01 5.71898e+02
3.12512e-01 4.10836e+02
3.17510e-01 3.49188e+02
3.22511e-01 3.50375e+02
3.27512e-01 -7.44062e+01
3.32512e-01 4.15203e+02
3.37512e-01 6.12023e+02
3.42513e-01 4.50703e+02
3.47513e-01 4.97125e+02
3.52513e-01 1.88734e+02
3.57513e-01 2.04977e+02
3.62512e-01 1.62617e+02
3.67512e-01 1.94352e+02
3.72512e-01 3.16938e+02
3.77511e-01 -1.46094e+00
3.82510e-01 1.61578e+02
3.87510e-01 1.60203e+02
3.92510e-01 4.48023e+02
3.97510e-01 3.41867e+02
3.70544e-03 5.34573e+04
8.00271e-03 -5.98664e+03
1.28497e-02 2.08868e+04
1.77641e-02 2.14045e+04
2.26842e-02 7.91195e+03
2.76464e-02 4.49740e+03
3.26361e-02 1.68618e+04
3.76229e-02 1.59863e+03
4.26066e-02 7.07156e+03
4.75842e-02 1.02855e+04
5.25722e-02 5.21656e+03
5.75659e-02 1.19485e+04
6.25589e-02 6.09961e+03
6.75629e-02 3.71233e+02
7.25605e-02 3.98270e+03
7.75516e-02 2.35313e+03
8.25500e-02 5.40774e+03
8.75455e-02 6.11280e+03
9.25437e-02 8.07586e+02
9.75415e-02 2.73171e+03
1.02534e-01 8.12937e+02
1.07536e-01 4.37299e+03
1.12540e-01 1.68477e+03
1.17537e-01 1.71499e+03
1.22533e-01 -3.45840e+01
1.27534e-01 1.13406e+03
1.32530e-01 2.53584e+03
1.37531e-01 8.29194e+02
1.42530e-01 4.67332e+02
1.47526e-01 8.38380e+02
1.52527e-01 1.79782e+03
1.57528e-01 1.37325e+03
1.62527e-01 1.72549e+03
1.67526e-01 1.02333e+03
1.72526e-01 -9.86519e+02
1.77526e-01 -3.50409e+01
1.82527e-01 8.78006e+02
1.87525e-01 3.27518e+02
1.92520e-01 4.09733e+02
1.97516e-01 5.51261e+02
2.02513e-01 -4.13011e+02
2.07516e-01 -2.07778e+02
2.12517e-01 2.29525e+02
2.17519e-01 -7.54830e+00
2.22521e-01 -1.45384e+02
2.27519e-01 3.29754e+02
2.32521e-01 3.02077e+02
2.37520e-01 -4.46262e+02
2.42520e-01 7.99276e+02
2.47519e-01 -2.30047e+02
2.52516e-01 -5.42546e+02
2.57514e-01 -4.74271e+02
2.62513e-01 -1.74212e+02
2.67513e-01 5.64333e+02
2.72514e-01 2.90691e+02
2.77515e-01 5.52905e+02
2.82516e-01 8.07718e+02
2.87514e-01 -2.93979e+01
2.92512e-01 -3.19778e+02
2.97514e-01 -3.31413e+02
3.02516e-01 -1.25426e+03
3.07515e-01 -3.83029e+01
3.12512e-01 -8.62881e+02
3.17510e-01 -5.89313e+02
3.22511e-01 -3.48180e+02
3.27512e-01 -5.60794e+02
3.32512e-01 -2.91982e+02
3.37512e-01 -1.84350e+02
3.42513e-01 6.45780e+02
3.47513e-01 5.36360e+02
3.52513e-01 3.44225e+02
3.57513e-01 2.44016e+02
3.62512e-01 5.68994e+02
3.67512e-01 -8.96979e+01
3.72512e-01 -4.11465e+02
3.77511e-01 -4.12309e+02
3.82510e-01 3.29058e+02
3.87510e-01 1.63703e+02
3.92510e-01 -3.65666e+01
3.97510e-01 3.43924e+02
