80 2
k power
3.75378e-03 5.10188e+02
8.05040e-03 1.31946e+04
1.28486e-02 2.36514e+04
1.77516e-02 2.66420e+04
2.26918e-02 2.81127e+04
2.76480e-02 3.42038e+04
3.26126e-02 3.81668e+04
3.76111e-02 2.68228e+04
4.26130e-02 2.45181e+04
4.76051e-02 2.14842e+04
5.25913e-02 2.07608e+04
5.75684e-02 1.70931e+04
6.25625e-02 1.61011e+04
6.75666e-02 1.54146e+04
7.25730e-02 1.66920e+04
7.75647e-02 1.39451e+04
8.25476e-02 1.22880e+04
8.75441e-02 1.22590e+04
9.25437e-02 1.02754e+04
9.75415e-02 8.88582e+03
1.02541e-01 7.31305e+03
1.07542e-01 7.15266e+03
1.12541e-01 7.29843e+03
1.17533e-01 7.47808e+03
1.22524e-01 6.12062e+03
1.27531e-01 6.04004e+03
1.32537e-01 4.33659e+03
1.37532e-01 3.82565e+03
1.42526e-01 4.08541e+03
1.47525e-01 4.77539e+03
1.52527e-01 4.22421e+03
1.57525e-01 3.24967e+03
1.62524e-01 3.54141e+03
1.67524e-01 2.25345e+03
1.72523e-01 2.91745e+03
1.77521e-01 3.31795e+03
1.82521e-01 2.40171e+03
1.87522e-01 2.73313e+03
1.92522e-01 2.72989e+03
1.97522e-01 1.71916e+03
2.02520e-01 1.80538e+03
2.07516e-01 1.44761e+03
2.12515e-01 1.63698e+03
2.17519e-01 1.72389e+03
2.22521e-01 1.94591e+03
2.27520e-01 1.62052e+03
2.32521e-01 1.36237e+03
2.37519e-01 9.27922e+02
2.42517e-01 8.85688e+02
2.47516e-01 7.67984e+02
2.52517e-01 6.65891e+02
2.57519e-01 6.75289e+02
2.62519e-01 7.64586e+02
2.67517e-01 8.01539e+02
2.72515e-01 7.38531e+02
2.77516e-01 6.59570e+02
2.82516e-01 5.10086e+02
2.87515e-01 3.21523e+02
2.92513e-01 7.37242e+02
2.97512e-01 7.04547e+02
3.02513e-01 7.34906e+02
3.07511e-01 4.75555e+02
3.12511e-01 3.48227e+02
3.17513e-01 2.91828e+02
3.22513e-01 2.93875e+02
3.27512e-01 2.57461e+02
3.32509e-01 7.27891e+01
3.37510e-01 7.06805e+02
3.42513e-01 2.44570e+02
3.47514e-01 7.44172e+02
3.52514e-01 1.21883e+02
3.57512e-01 -1.70250e+02
3.62512e-01 -5.65156e+01
3.67512e-01 1.20141e+02
3.72510e-01 -3.41773e+02
3.77511e-01 4.61406e+01
3.82512e-01 -3.06250e+01
3.87512e-01 3.24375e+02
3.92510e-01 -5.21016e+01
3.97510e-01 -8.46172e+01
3.75378e-03 -9.83119e+03
8.05040e-03 2.09879e+04
1.28486e-02 3.50957e+04
1.77516e-02 -2.88353e+03
2.26918e-02 1.78189e+04
2.76480e-02 9.73617e+03
3.26126e-02 7.34014e+03
3.76111e-02 1.17658e+04
4.26130e-02 1.63021e+04
4.76051e-02 9.79904e+02
5.25913e-02 1.17847e+04
5.75684e-02 1.26956e+04
6.25625e-02 3.84694e+03
6.75666e-02 9.88196e+03
7.25730e-02 1.12620e+04
7.75647e-02 6.48890e+03
8.25476e-02 4.40236e+03
8.75441e-02 3.68195e+02
9.25437e-02 -8.01879e+02
9.75415e-02 6.85570e+02
1.02541e-01 7.20960e+02
1.07542e-01 4.29188e+02
1.12541e-01 4.20135e+03
1.17533e-01 3.04131e+03
1.22524e-01 7.39240e+02
1.27531e-01 1.89159e+03
1.32537e-01 2.52591e+02
1.37532e-01 -2.52252e+02
1.42526e-01 3.38161e+03
1.47525e-01 2.01559e+02
1.52527e-01 -7.83732e+02
1.57525e-01 5.09810e+02
1.62524e-01 1.13125e+02
1.67524e-01 1.86066e+03
1.72523e-01 1.10464e+03
1.77521e-01 8.65887e+02
1.82521e-01 -5.20133e+02
1.87522e-01 1.05690e+03
1.92522e-01 2.28859e+03
1.97522e-01 1.29123e+02
2.02520e-01 -1.56941e+02
2.07516e-01 2.54981e+01
2.12515e-01 3.30373e+02
2.17519e-01 -7.02470e+01
2.22521e-01 -9.46485e+02
2.27520e-01 -1.66320e+02
2.32521e-01 7.06630e+02
2.37519e-01 -6.82787e+01
2.42517e-01 1.94046e+02
2.47516e-01 6.37024e+02
2.52517e-01 -7.59429e+02
2.57519e-01 -6.86059e+02
2.62519e-01 9.73840e+02
2.67517e-01 -2.43383e+02
2.72515e-01 -2.65962e+02
2.77516e-01 2.84583e+02
2.82516e-01 4.20969e+02
2.87515e-01 7.09865e+01
2.92513e-01 6.38342e+02
2.97512e-01 1.14651e+03
3.02513e-01 4.89550e+02
3.07511e-01 -6.05206e+02
3.12511e-01 -7.07715e+02
3.17513e-01 1.55773e+02
3.22513e-01 -4.20166e+02
3.27512e-01 -5.64990e+02
3.32509e-01 -1.24099e+02
3.37510e-01 -2.30587e+02
3.42513e-01 -1.49644e+02
3.47514e-01 1.13161e+02
3.52514e-01 -4.61385e+00
3.57512e-01 9.13570e+02
3.62512e-01 2.50411e+02
3.67512e-01 -4.29961e+02
3.72510e-01 -5.09111e+02
3.77511e-01 5.90960e+01
3.82512e-01 6.75258e+02
3.87512e-01 -1.38246e+02
3.92510e-01 -3.68146e+02
3.97510e-01 4.30308e+02
