59 2
k power
8.05040e-03 4.92511e+04
1.28486e-02 4.19592e+04
1.77516e-02 4.62615e+04
2.26918e-02 3.93834e+04
2.76480e-02 3.26584e+04
3.26126e-02 2.67553e+04
3.76111e-02 2.54982e+04
4.26130e-02 2.42158e+04
4.76051e-02 1.57704e+04
5.25913e-02 1.45651e+04
5.75684e-02 1.56622e+04
6.25625e-02 1.42018e+04
6.75666e-02 1.37937e+04
7.25730e-02 1.33360e+04
7.75647e-02 1.19011e+04
8.25476e-02 1.13787e+04
8.75441e-02 1.13662e+04
9.25437e-02 8.97185e+03
9.75415e-02 7.07865e+03
1.02541e-01 8.07436e+03
1.07542e-01 6.12830e+03
1.12541e-01 6.12104e+03
1.17533e-01 6.71224e+03
1.22524e-01 7.19390e+03
1.27531e-01 5.52013e+03
1.32537e-01 4.51889e+03
1.37532e-01 3.60133e+03
1.42526e-01 4.60343e+03
1.47525e-01 4.61779e+03
1.52527e-01 4.00667e+03
1.57525e-01 3.46393e+03
1.62524e-01 2.44709e+03
1.67524e-01 2.87369e+03
1.72523e-01 2.96031e+03
1.77521e-01 3.28846e+03
1.82521e-01 2.76327e+03
1.87522e-01 3.29366e+03
1.92522e-01 2.28297e+03
1.97522e-01 2.42220e+03
2.02520e-01 2.31268e+03
2.07516e-01 1.91735e+03
2.12515e-01 1.52487e+03
2.17519e-01 1.53955e+03
2.22521e-01 1.55791e+03
2.27520e-01 1.66193e+03
2.32521e-01 1.23934e+03
2.37519e-01 2.06578e+03
2.42517e-01 1.68380e+03
2.47516e-01 1.20396e+03
2.52517e-01 1.20290e+03
2.57519e-01 1.91764e+03
2.62519e-01 1.14141e+03
2.67517e-01 5.99234e+02
2.72515e-01 7.67945e+02
2.77516e-01 7.76586e+02
2.82516e-01 6.65961e+02
2.87515e-01 6.06367e+02
2.92513e-01 7.19695e+02
2.97512e-01 1.37734e+02
8.05040e-03 1.71579e+04
1.28486e-02 -4.17429e+02
1.77516e-02 -3.87900e+03
2.26918e-02 4.76628e+03
2.76480e-02 1.92727e+04
3.26126e-02 2.72695e+03
3.76111e-02 1.02959e+03
4.26130e-02 1.44174e+04
4.76051e-02 1.11677e+04
5.25913e-02 1.03931e+04
5.75684e-02 1.22158e+04
6.25625e-02 4.84929e+03
6.75666e-02 8.88297e+03
7.25730e-02 2.19261e+03
7.75647e-02 2.85885e+03
8.25476e-02 5.46828e+03
8.75441e-02 6.17009e+03
9.25437e-02 1.33541e+03
9.75415e-02 1.42838e+03
1.02541e-01 -8.73177e+02
1.07542e-01 1.38436e+03
1.12541e-01 1.97435e+03
1.17533e-01 4.88538e+02
1.22524e-01 2.51019e+03
1.27531e-01 2.49276e+03
1.32537e-01 3.88487e+03
1.37532e-01 2.83321e+03
1.42526e-01 2.96447e+03
1.47525e-01 1.92629e+03
1.52527e-01 2.61600e+03
1.57525e-01 2.09382e+03
1.62524e-01 1.79788e+02
1.67524e-01 3.47220e+02
1.72523e-01 8.08728e+02
1.77521e-01 -4.95165e+01
1.82521e-01 -1.50043e+03
1.87522e-01 1.82670e+03
1.92522e-01 1.96804e+03
1.97522e-01 1.18157e+03
2.02520e-01 4.16164e+01
2.07516e-01 1.37835e+03
2.12515e-01 1.03908e+03
2.17519e-01 -2.03393e+01
2.22521e-01 9.07784e+02
2.27520e-01 8.73712e+02
2.32521e-01 9.43174e+02
2.37519e-01 1.97148e+02
2.42517e-01 -1.48153e+03
2.47516e-01 3.64894e+02
2.52517e-01 1.06364e+02
2.57519e-01 6.54617e+02
2.62519e-01 9.66608e+02
2.67517e-01 -3.04774e+02
2.72515e-01 -5.48028e+02
2.77516e-01 2.57758e+02
2.82516e-01 1.27270e+03
2.87515e-01 2.10357e+03
2.92513e-01 2.27681e+02
2.97512e-01 -1.18863e+02
