80 2
k power
3.70544e-03 3.40741e+03
8.00271e-03 4.37922e+04
1.28497e-02 3.27083e+04
1.77641e-02 3.39986e+04
2.26842e-02 3.16276e+04
2.76464e-02 3.40897e+04
3.26361e-02 2.85468e+04
3.76229e-02 2.34097e+04
4.26066e-02 2.07134e+04
4.75842e-02 1.93058e+04
5.25722e-02 1.97141e+04
5.75659e-02 1.71055e+04
6.25589e-02 1.60773e+04
6.75629e-02 1.57269e+04
7.25605e-02 1.47407e+04
7.75516e-02 1.34151e+04
8.25500e-02 1.11079e+04
8.75455e-02 1.02972e+04
9.25437e-02 8.63133e+03
9.75415e-02 7.93941e+03
1.02534e-01 8.70794e+03
1.07536e-01 7.01941e+03
1.12540e-01 7.11145e+03
1.17537e-01 5.62390e+03
1.22533e-01 5.59335e+03
1.27534e-01 5.48589e+03
1.32530e-01 4.43045e+03
1.37531e-01 4.80970e+03
1.42530e-01 4.49847e+03
1.47526e-01 3.13074e+03
1.52527e-01 2.93276e+03
1.57528e-01 2.98085e+03
1.62527e-01 2.44932e+03
1.67526e-01 2.95986e+03
1.72526e-01 3.01632e+03
1.77526e-01 2.57575e+03
1.82527e-01 2.39077e+03
1.87525e-01 2.62845e+03
1.92520e-01 2.01518e+03
1.97516e-01 1.51052e+03
2.02513e-01 1.71405e+03
2.07516e-01 1.82136e+03
2.12517e-01 2.07134e+03
2.17519e-01 1.72191e+03
2.22521e-01 1.20573e+03
2.27519e-01 1.35538e+03
2.32521e-01 1.26234e+03
2.37520e-01 1.13470e+03
2.42520e-01 7.92547e+02
2.47519e-01 8.80359e+02
2.52516e-01 9.16547e+02
2.57514e-01 4.43281e+02
2.62513e-01 6.96352e+02
2.67513e-01 8.91109e+02
2.72514e-01 8.00797e+02
2.77515e-01 6.41211e+02
2.82516e-01 9.06367e+02
2.87514e-01 9.40461e+02
2.92512e-01 6.22734e+02
2.97514e-01 4.13664e+02
3.02516e-01 7.49016e+02
3.07515e-01 1.27180e+02
3.12512e-01 1.97391e+02
3.17510e-01 5.77609e+02
3.22511e-01 3.95562e+02
3.27512e-01 3.70125e+02
3.32512e-01 -1.67445e+02
3.37512e-01 4.71047e+02
3.42513e-01 4.81734e+02
3.47513e-01 3.74148e+02
3.52513e-01 1.20125e+02
3.57513e-01 3.99758e+02
3.62512e-01 3.29812e+02
3.67512e-01 2.59859e+02
3.72512e-01 1.69633e+02
3.77511e-01 3.89320e+02
3.82510e-01 2.22039e+02
3.87510e-01 1.23695e+02
3.92510e-01 3.95805e+02
3.97510e-01 -3.65391e+01
3.70544e-03 -5.30941e+04
8.00271e-03 4.74459e+04
1.28497e-02 4.17936e+04
1.77641e-02 1.60290e+04
2.26842e-02 1.99235e+04
2.76464e-02 2.49883e+02
3.26361e-02 3.38748e+03
3.76229e-02 1.25945e+04
4.26066e-02 1.52468e+04
4.75842e-02 3.99303e+03
5.25722e-02 2.92862e+03
5.75659e-02 2.20689e+03
6.25589e-02 5.55234e+03
6.75629e-02 6.63131e+03
7.25605e-02 2.90970e+03
7.75516e-02 6.06478e+03
8.25500e-02 5.75272e+03
8.75455e-02 2.76084e+03
9.25437e-02 4.97251e+03
9.75415e-02 2.46969e+03
1.02534e-01 -2.03908e+02
1.07536e-01 1.71216e+03
1.12540e-01 1.25411e+03
1.17537e-01 2.45815e+03
1.22533e-01 1.73463e+03
1.27534e-01 2.73248e+03
1.32530e-01 1.91768e+03
1.37531e-01 1.16667e+03
1.42530e-01 -3.98577e+02
1.47526e-01 1.32519e+03
1.52527e-01 8.24996e+02
1.57528e-01 -1.76382e+02
1.62527e-01 -5.66361e+02
1.67526e-01 9.63879e+02
1.72526e-01 1.77106e+03
1.77526e-01 1.18095e+03
1.82527e-01 2.23555e+02
1.87525e-01 -2.39570e+02
1.92520e-01 8.17851e+02
1.97516e-01 -6.47094e+02
2.02513e-01 -1.36991e+03
2.07516e-01 -1.83585e+02
2.12517e-01 -5.58727e+02
2.17519e-01 -6.65225e+02
2.22521e-01 -8.24110e+01
2.27519e-01 -1.11655e+03
2.32521e-01 6.22637e+01
2.37520e-01 2.72211e+02
2.42520e-01 -7.80352e+02
2.47519e-01 -8.85905e+02
2.52516e-01 4.63889e+01
2.57514e-01 3.58117e+02
2.62513e-01 -1.48560e+03
2.67513e-01 3.43373e+02
2.72514e-01 -8.30263e+02
2.77515e-01 -3.94193e+01
2.82516e-01 -7.34672e+02
2.87514e-01 5.07133e+00
2.92512e-01 7.08126e+02
2.97514e-01 -3.37416e+02
3.02516e-01 -6.26321e+02
3.07515e-01 -3.61290e+02
3.12512e-01 -3.74178e+02
3.17510e-01 -4.83986e+02
3.22511e-01 -2.69649e+02
3.27512e-01 -2.75232e+02
3.32512e-01 -6.94833e+01
3.37512e-01 4.78904e+02
3.42513e-01 -2.50677e+02
3.47513e-01 4.07780e+02
3.52513e-01 -6.09654e+01
3.57513e-01 1.57871e+02
3.62512e-01 -2.60787e+02
3.67512e-01 2.93051e+02
3.72512e-01 3.90052e+02
3.77511e-01 5.06637e+02
3.82510e-01 5.09835e+02
3.87510e-01 -1.00342e+01
3.92510e-01 -1.14668e+02
3.97510e-01 -2.75934e+02
