59 2
k power
8.05040e-03 4.54966e+04
1.28486e-02 3.31330e+04
1.77516e-02 3.69533e+04
2.26918e-02 3.95469e+04
2.76480e-02 3.50282e+04
3.26126e-02 2.97871e+04
3.76111e-02 2.07964e+04
4.26130e-02 2.40114e+04
4.76051e-02 1.87839e+04
5.25913e-02 1.67324e+04
5.75684e-02 1.54737e+04
6.25625e-02 1.28827e+04
6.75666e-02 1.26339e+04
7.25730e-02 1.17866e+04
7.75647e-02 1.23718e+04
8.25476e-02 1.15269e+04
8.75441e-02 1.09542e+04
9.25437e-02 8.89000e+03
9.75415e-02 7.68054e+03
1.02541e-01 7.53114e+03
1.07542e-01 5.75315e+03
1.12541e-01 6.31888e+03
1.17533e-01 7.13214e+03
1.22524e-01 5.57669e+03
1.27531e-01 4.41126e+03
1.32537e-01 4.68914e+03
1.37532e-01 4.95473e+03
1.42526e-01 4.72548e+03
1.47525e-01 4.00078e+03
1.52527e-01 4.54388e+03
1.57525e-01 3.97730e+03
1.62524e-01 4.00929e+03
1.67524e-01 3.93327e+03
1.72523e-01 3.37345e+03
1.77521e-01 3.60361e+03
1.82521e-01 3.04088e+03
1.87522e-01 2.50531e+03
1.92522e-01 2.20776e+03
1.97522e-01 2.09514e+03
2.02520e-01 2.41345e+03
2.07516e-01 2.50797e+03
2.12515e-01 1.89497e+03
2.17519e-01 1.33892e+03
2.22521e-01 9.14008e+02
2.27520e-01 1.35593e+03
2.32521e-01 1.68812e+03
2.37519e-01 1.49884e+03
2.42517e-01 1.06754e+03
2.47516e-01 1.08072e+03
2.52517e-01 8.72078e+02
2.57519e-01 4.03938e+02
2.62519e-01 1.03894e+03
2.67517e-01 9.95633e+02
2.72515e-01 6.61680e+02
2.77516e-01 4.81031e+02
2.82516e-01 9.49312e+02
2.87515e-01 9.58195e+02
2.92513e-01 6.89500e+02
2.97512e-01 7.04219e+02
8.05040e-03 -3.16350e+04
1.28486e-02 9.43204e+03
1.77516e-02 -1.12995e+04
2.26918e-02 -3.75076e+03
2.76480e-02 -7.09309e+03
3.26126e-02 4.70806e+02
3.76111e-02 6.21815e+03
4.26130e-02 1.39498e+04
4.76051e-02 4.68566e+03
5.25913e-02 -1.38845e+02
5.75684e-02 1.03308e+04
6.25625e-02 6.11927e+03
6.75666e-02 4.97939e+03
7.25730e-02 3.46572e+03
7.75647e-02 6.10573e+03
8.25476e-02 4.43842e+03
8.75441e-02 8.11442e+03
9.25437e-02 1.81502e+03
9.75415e-02 4.42422e+03
1.02541e-01 6.27654e+03
1.07542e-01 3.71424e+03
1.12541e-01 5.38100e+03
1.17533e-01 3.68779e+03
1.22524e-01 2.13493e+03
1.27531e-01 2.55040e+03
1.32537e-01 1.31152e+03
1.37532e-01 -1.29978e+03
1.42526e-01 8.16363e+02
1.47525e-01 4.18541e+02
1.52527e-01 1.77173e+03
1.57525e-01 2.67314e+03
1.62524e-01 8.45207e+02
1.67524e-01 1.99959e+03
1.72523e-01 2.17160e+03
1.77521e-01 1.92060e+03
1.82521e-01 1.93398e+03
1.87522e-01 2.17350e+02
1.92522e-01 3.02563e+02
1.97522e-01 9.95318e+02
2.02520e-01 3.75573e+02
2.07516e-01 -6.68748e+02
2.12515e-01 2.87585e+02
2.17519e-01 5.27259e+02
2.22521e-01 1.36220e+03
2.27520e-01 -5.94862e+02
2.32521e-01 -3.32933e+02
2.37519e-01 8.76360e+00
2.42517e-01 1.80883e+02
2.47516e-01 4.62475e+02
2.52517e-01 1.35270e+03
2.57519e-01 6.47169e+02
2.62519e-01 3.76981e+01
2.67517e-01 7.33036e+02
2.72515e-01 5.70115e+02
2.77516e-01 9.90715e+02
2.82516e-01 2.29624e+02
2.87515e-01 -2.98450e+01
2.92513e-01 -9.50269e+01
2.97512e-01 2.39009e+02
