80 2
k power
3.70544e-03 6.65288e+04
8.00271e-03 3.79308e+04
1.28497e-02 3.71709e+04
1.77641e-02 4.02717e+04
2.26842e-02 4.03970e+04
2.76464e-02 3.19254e+04
3.26361e-02 2.72247e+04
3.76229e-02 3.20837e+04
4.26066e-02 2.53832e+04
4.75842e-02 2.15273e+04
5.25722e-02 2.03463e+04
5.75659e-02 1.84193e+04
6.25589e-02 1.46220e+04
6.75629e-02 1.67324e+04
7.25605e-02 1.45520e+04
7.75516e-02 1.40981e+04
8.25500e-02 9.61141e+03
8.75455e-02 9.70876e+03
9.25437e-02 8.33672e+03
9.75415e-02 8.41210e+03
1.02534e-01 7.96883e+03
1.07536e-01 6.87512e+03
1.12540e-01 7.60493e+03
1.17537e-01 7.20401e+03
1.22533e-01 6.57960e+03
1.27534e-01 5.96845e+03
1.32530e-01 5.01522e+03
1.37531e-01 5.18198e+03
1.42530e-01 5.67851e+03
1.47526e-01 4.50601e+03
1.52527e-01 3.59310e+03
1.57528e-01 3.24731e+03
1.62527e-01 3.08972e+03
1.67526e-01 2.80545e+03
1.72526e-01 2.25167e+03
1.77526e-01 1.57333e+03
1.82527e-01 1.98932e+03
1.87525e-01 2.32861e+03
1.92520e-01 1.92998e+03
1.97516e-01 1.67220e+03
2.02513e-01 1.74139e+03
2.07516e-01 1.92612e+03
2.12517e-01 1.77681e+03
2.17519e-01 9.83203e+02
2.22521e-01 1.01676e+03
2.27519e-01 8.17398e+02
2.32521e-01 1.10788e+03
2.37520e-01 1.50766e+03
2.42520e-01 9.44820e+02
2.47519e-01 5.82172e+02
2.52516e-01 6.37742e+02
2.57514e-01 9.91680e+02
2.62513e-01 5.32906e+02
2.67513e-01 9.07203e+02
2.72514e-01 1.05383e+03
2.77515e-01 6.99211e+02
2.82516e-01 5.02484e+02
2.87514e-01 3.32844e+02
2.92512e-01 5.01039e+02
2.97514e-01 2.53508e+02
3.02516e-01 6.99602e+02
3.07515e-01 -1.48359e+01
3.12512e-01 7.12219e+02
3.17510e-01 -9.16328e+01
3.22511e-01 3.39016e+02
3.27512e-01 2.12523e+02
3.32512e-01 2.69078e+02
3.37512e-01 1.96188e+02
3.42513e-01 2.35359e+02
3.47513e-01 2.54414e+02
3.52513e-01 2.35055e+02
3.57513e-01 1.16633e+02
3.62512e-01 5.02031e+01
3.67512e-01 -1.50852e+02
3.72512e-01 2.14102e+02
3.77511e-01 5.83562e+02
3.82510e-01 3.20266e+02
3.87510e-01 -3.02188e+01
3.92510e-01 2.74641e+02
3.97510e-01 3.75711e+02
3.70544e-03 9.08784e+04
8.00271e-03 3.50651e+03
1.28497e-02 -6.00418e+02
1.77641e-02 8.56991e+03
2.26842e-02 9.45382e+03
2.76464e-02 2.15665e+03
3.26361e-02 1.94671e+01
3.76229e-02 2.01365e+03
4.26066e-02 1.43004e+04
4.75842e-02 1.08416e+04
5.25722e-02 7.68368e+03
5.75659e-02 1.78834e+03
6.25589e-02 7.62775e+03
6.75629e-02 9.08484e+03
7.25605e-02 3.32116e+03
7.75516e-02 3.09118e+03
8.25500e-02 4.84490e+03
8.75455e-02 2.83803e+03
9.25437e-02 6.88751e+02
9.75415e-02 2.20808e+03
1.02534e-01 8.85493e+02
1.07536e-01 3.03729e+03
1.12540e-01 5.53779e+02
1.17537e-01 1.11343e+03
1.22533e-01 4.99931e+02
1.27534e-01 2.24366e+03
1.32530e-01 -1.01554e+02
1.37531e-01 1.56404e+03
1.42530e-01 1.11935e+03
1.47526e-01 1.79815e+03
1.52527e-01 7.08084e+02
1.57528e-01 4.47974e+02
1.62527e-01 4.13307e+01
1.67526e-01 3.10805e+02
1.72526e-01 1.37045e+02
1.77526e-01 -1.10279e+03
1.82527e-01 -1.47423e+02
1.87525e-01 -3.74384e+02
1.92520e-01 8.63011e+02
1.97516e-01 9.62123e+01
2.02513e-01 9.32754e+01
2.07516e-01 -6.85114e+02
2.12517e-01 3.99150e+01
2.17519e-01 -1.56187e+03
2.22521e-01 -2.13812e+02
2.27519e-01 1.94146e+03
2.32521e-01 1.27729e+03
2.37520e-01 -3.85168e+02
2.42520e-01 4.62049e+02
2.47519e-01 9.23403e+02
2.52516e-01 6.79141e+02
2.57514e-01 -1.65920e+03
2.62513e-01 -1.68503e+03
2.67513e-01 -7.17797e+02
2.72514e-01 1.47922e+02
2.77515e-01 -7.87618e-02
2.82516e-01 -7.65905e+02
2.87514e-01 -3.26037e+01
2.92512e-01 -1.35641e+03
2.97514e-01 -3.46037e+02
3.02516e-01 -2.70561e+02
3.07515e-01 8.10875e+01
3.12512e-01 -2.39375e+02
3.17510e-01 2.61016e+02
3.22511e-01 -1.47911e+02
3.27512e-01 -4.09531e+02
3.32512e-01 -7.43054e+02
3.37512e-01 -9.37503e+02
3.42513e-01 1.07948e+02
3.47513e-01 -2.18974e+02
3.52513e-01 5.07420e+02
3.57513e-01 -3.28489e+01
3.62512e-01 7.60886e+01
3.67512e-01 1.52599e+01
3.72512e-01 -1.31679e+02
3.77511e-01 9.28144e+02
3.82510e-01 -6.91443e+01
3.87510e-01 -1.72254e+02
3.92510e-01 -5.76419e+01
3.97510e-01 -3.67520e+01
