80 2
k power
3.70544e-03 8.93050e+03
8.00271e-03 4.95069e+04
1.28497e-02 4.26504e+04
1.77641e-02 3.13436e+04
2.26842e-02 3.33169e+04
2.76464e-02 3.22596e+04
3.26361e-02 2.80283e+04
3.76229e-02 3.10374e+04
4.26066e-02 2.38893e+04
4.75842e-02 2.15048e+04
5.25722e-02 2.12937e+04
5.75659e-02 1.92355e+04
6.25589e-02 1.62584e+04
6.75629e-02 1.56507e+04
7.25605e-02 1.23159e+04
7.75516e-02 1.29935e+04
8.25500e-02 1.02837e+04
8.75455e-02 1.00362e+04
9.25437e-02 9.56183e+03
9.75415e-02 8.80916e+03
1.02534e-01 7.09252e+03
1.07536e-01 5.35124e+03
1.12540e-01 5.95240e+03
1.17537e-01 5.89597e+03
1.22533e-01 5.18248e+03
1.27534e-01 5.44067e+03
1.32530e-01 4.93919e+03
1.37531e-01 3.90638e+03
1.42530e-01 5.29033e+03
1.47526e-01 3.88750e+03
1.52527e-01 4.11588e+03
1.57528e-01 2.89947e+03
1.62527e-01 2.95945e+03
1.67526e-01 2.97211e+03
1.72526e-01 2.56192e+03
1.77526e-01 2.14583e+03
1.82527e-01 1.67859e+03
1.87525e-01 1.81238e+03
1.92520e-01 2.49476e+03
1.97516e-01 1.94112e+03
2.02513e-01 1.75862e+03
2.07516e-01 1.73523e+03
2.12517e-01 1.69127e+03
2.17519e-01 1.67641e+03
2.22521e-01 1.44876e+03
2.27519e-01 1.24245e+03
2.32521e-01 7.26164e+02
2.37520e-01 1.08408e+03
2.42520e-01 7.93211e+02
2.47519e-01 8.68734e+02
2.52516e-01 4.90844e+02
2.57514e-01 8.12039e+02
2.62513e-01 5.70945e+02
2.67513e-01 5.72367e+02
2.72514e-01 6.86797e+02
2.77515e-01 7.90820e+02
2.82516e-01 4.11039e+02
2.87514e-01 3.79180e+02
2.92512e-01 2.10055e+02
2.97514e-01 4.51594e+02
3.02516e-01 4.27984e+02
3.07515e-01 5.03742e+02
3.12512e-01 1.60094e+02
3.17510e-01 5.94742e+02
3.22511e-01 4.68375e+02
3.27512e-01 6.30312e+01
3.32512e-01 2.83305e+02
3.37512e-01 4.43922e+02
3.42513e-01 4.35859e+01
3.47513e-01 2.99609e+02
3.52513e-01 3.67133e+02
3.57513e-01 3.22359e+02
3.62512e-01 4.07539e+02
3.67512e-01 -8.01641e+01
3.72512e-01 1.03930e+02
3.77511e-01 -6.05625e+01
3.82510e-01 -3.71094e+00
3.87510e-01 -7.23750e+01
3.92510e-01 1.33359e+02
3.97510e-01 1.56266e+02
3.70544e-03 2.52172e+02
8.00271e-03 2.51955e+04
1.28497e-02 8.54704e+03
1.77641e-02 1.08982e+04
2.26842e-02 2.23361e+04
2.76464e-02 1.41955e+04
3.26361e-02 7.86025e+03
3.76229e-02 8.21194e+03
4.26066e-02 5.34779e+03
4.75842e-02 3.99191e+03
5.25722e-02 1.09119e+04
5.75659e-02 6.11575e+03
6.25589e-02 6.40192e+03
6.75629e-02 8.26290e+03
7.25605e-02 2.42901e+03
7.75516e-02 1.76861e+03
8.25500e-02 5.86530e+03
8.75455e-02 2.88521e+03
9.25437e-02 5.23561e+03
9.75415e-02 4.77579e+03
1.02534e-01 3.02714e+03
1.07536e-01 2.70773e+03
1.12540e-01 2.96909e+03
1.17537e-01 4.08720e+03
1.22533e-01 2.65726e+03
1.27534e-01 1.24418e+03
1.32530e-01 1.22695e+03
1.37531e-01 6.64692e+02
1.42530e-01 8.30772e+01
1.47526e-01 1.46661e+03
1.52527e-01 -5.91325e+02
1.57528e-01 -1.56340e+03
1.62527e-01 9.50738e+02
1.67526e-01 1.09453e+02
1.72526e-01 1.53246e+02
1.77526e-01 -8.57220e+02
1.82527e-01 -5.39592e+02
1.87525e-01 4.74278e+02
1.92520e-01 7.43406e+02
1.97516e-01 -9.00569e+01
2.02513e-01 -1.63261e+02
2.07516e-01 -8.42718e+02
2.12517e-01 -1.66411e+02
2.17519e-01 4.02145e+01
2.22521e-01 1.74461e+02
2.27519e-01 6.97021e+01
2.32521e-01 -4.47344e+02
2.37520e-01 1.09472e+03
2.42520e-01 -1.76947e+02
2.47519e-01 -1.79331e+02
2.52516e-01 8.23696e+01
2.57514e-01 -6.83124e+02
2.62513e-01 -1.33684e+02
2.67513e-01 -7.72779e+02
2.72514e-01 -1.81448e+02
2.77515e-01 -5.45075e+02
2.82516e-01 -5.59420e+02
2.87514e-01 -3.63609e+02
2.92512e-01 -8.31255e+02
2.97514e-01 -2.09362e+02
3.02516e-01 -6.48542e+01
3.07515e-01 -3.01539e+01
3.12512e-01 -1.83320e+02
3.17510e-01 -1.69978e+03
3.22511e-01 -5.80837e+02
3.27512e-01 7.87237e+02
3.32512e-01 3.00639e+02
3.37512e-01 1.25789e+02
3.42513e-01 -2.49200e+02
3.47513e-01 -7.55102e+02
3.52513e-01 -8.72671e+02
3.57513e-01 -8.46191e+01
3.62512e-01 -1.14903e+03
3.67512e-01 -2.00482e+02
3.72512e-01 -3.55646e+01
3.77511e-01 -2.34078e+02
3.82510e-01 2.03777e+02
3.87510e-01 -4.10480e+02
3.92510e-01 1.22922e+02
3.97510e-01 4.62705e+02
