60 2
k power
3.70544e-03 7.00535e+04
8.00271e-03 6.13487e+04
1.28497e-02 3.44381e+04
1.77641e-02 4.27400e+04
2.26842e-02 3.88469e+04
2.76464e-02 3.28112e+04
3.26361e-02 2.91114e+04
3.76229e-02 2.64728e+04
4.26066e-02 2.24028e+04
4.75842e-02 1.93822e+04
5.25722e-02 1.77761e+04
5.75659e-02 1.50291e+04
6.25589e-02 1.31879e+04
6.75629e-02 1.29770e+04
7.25605e-02 1.24874e+04
7.75516e-02 1.07544e+04
8.25500e-02 1.11247e+04
8.75455e-02 1.12501e+04
9.25437e-02 9.03570e+03
9.75415e-02 8.58752e+03
1.02534e-01 7.59382e+03
1.07536e-01 6.58609e+03
1.12540e-01 6.07706e+03
1.17537e-01 4.84571e+03
1.22533e-01 4.51127e+03
1.27534e-01 5.19859e+03
1.32530e-01 4.01338e+03
1.37531e-01 5.06346e+03
1.42530e-01 4.05365e+03
1.47526e-01 3.40727e+03
1.52527e-01 3.91720e+03
1.57528e-01 3.76857e+03
1.62527e-01 3.44386e+03
1.67526e-01 3.02757e+03
1.72526e-01 2.37166e+03
1.77526e-01 2.23103e+03
1.82527e-01 2.50722e+03
1.87525e-01 1.86087e+03
1.92520e-01 2.18212e+03
1.97516e-01 1.95970e+03
2.02513e-01 1.95339e+03
2.07516e-01 1.20840e+03
2.12517e-01 1.59815e+03
2.17519e-01 1.67527e+03
2.22521e-01 1.59013e+03
2.27519e-01 1.35472e+03
2.32521e-01 1.25185e+03
2.37520e-01 1.34161e+03
2.42520e-01 1.12487e+03
2.47519e-01 1.44632e+03
2.52516e-01 8.48742e+02
2.57514e-01 7.66359e+02
2.62513e-01 8.88961e+02
2.67513e-01 8.92320e+02
2.72514e-01 9.46172e+02
2.77515e-01 1.14026e+03
2.82516e-01 6.70062e+02
2.87514e-01 8.72734e+02
2.92512e-01 9.99109e+02
2.97514e-01 5.99391e+02
3.70544e-03 1.46813e+04
8.00271e-03 6.71592e+04
1.28497e-02 2.59778e+04
1.77641e-02 1.19843e+04
2.26842e-02 2.04401e+04
2.76464e-02 1.05937e+04
3.26361e-02 1.43038e+04
3.76229e-02 7.70678e+03
4.26066e-02 9.82727e+03
4.75842e-02 8.78416e+03
5.25722e-02 1.13198e+04
5.75659e-02 5.61340e+03
6.25589e-02 9.11002e+02
6.75629e-02 2.01807e+03
7.25605e-02 2.77737e+03
7.75516e-02 5.13781e+03
8.25500e-02 1.51528e+03
8.75455e-02 4.04153e+03
9.25437e-02 3.78099e+03
9.75415e-02 1.31783e+03
1.02534e-01 8.31801e+02
1.07536e-01 3.44479e+03
1.12540e-01 -2.09091e+02
1.17537e-01 5.17425e+02
1.22533e-01 1.09350e+03
1.27534e-01 1.78910e+03
1.32530e-01 2.11934e+03
1.37531e-01 1.79955e+03
1.42530e-01 5.25859e+01
1.47526e-01 1.59774e+03
1.52527e-01 2.25036e+02
1.57528e-01 2.02552e+02
1.62527e-01 -4.89428e+01
1.67526e-01 8.13107e+02
1.72526e-01 1.47190e+03
1.77526e-01 -7.49487e+02
1.82527e-01 -8.67896e+02
1.87525e-01 3.93963e+02
1.92520e-01 1.14155e+02
1.97516e-01 -6.50804e+02
2.02513e-01 -5.93323e+02
2.07516e-01 -5.98021e+02
2.12517e-01 -1.27069e+03
2.17519e-01 -1.51006e+02
2.22521e-01 -1.62217e+02
2.27519e-01 -9.13797e+02
2.32521e-01 -4.67159e+02
2.37520e-01 2.78869e+02
2.42520e-01 2.53105e+02
2.47519e-01 -3.59510e+02
2.52516e-01 -7.64943e+02
2.57514e-01 -1.00090e+03
2.62513e-01 6.07873e+02
2.67513e-01 -2.70215e+02
2.72514e-01 -6.75402e+02
2.77515e-01 -3.97605e+01
2.82516e-01 -8.13689e+02
2.87514e-01 -1.73536e+02
2.92512e-01 -1.40106e+03
2.97514e-01 -2.37107e+02
