80 2
k power
3.70544e-03 3.37701e+04
8.00271e-03 4.15709e+04
1.28497e-02 5.15731e+04
1.77641e-02 6.25868e+04
2.26842e-02 3.62053e+04
2.76464e-02 3.02179e+04
3.26361e-02 2.81144e+04
3.76229e-02 2.66291e+04
4.26066e-02 2.20806e+04
4.75842e-02 2.27480e+04
5.25722e-02 1.76106e+04
5.75659e-02 1.74129e+04
6.25589e-02 1.73964e+04
6.75629e-02 1.47097e+04
7.25605e-02 1.15843e+04
7.75516e-02 1.39775e+04
8.25500e-02 1.02316e+04
8.75455e-02 1.03520e+04
9.25437e-02 1.02511e+04
9.75415e-02 8.01459e+03
1.02534e-01 7.53305e+03
1.07536e-01 7.16785e+03
1.12540e-01 6.70659e+03
1.17537e-01 6.26696e+03
1.22533e-01 6.20704e+03
1.27534e-01 5.77756e+03
1.32530e-01 4.83662e+03
1.37531e-01 4.50899e+03
1.42530e-01 4.79805e+03
1.47526e-01 5.53154e+03
1.52527e-01 4.10206e+03
1.57528e-01 4.01749e+03
1.62527e-01 1.94492e+03
1.67526e-01 3.16673e+03
1.72526e-01 2.15470e+03
1.77526e-01 2.23005e+03
1.82527e-01 1.93949e+03
1.87525e-01 2.21383e+03
1.92520e-01 1.73942e+03
1.97516e-01 1.91802e+03
2.02513e-01 2.31784e+03
2.07516e-01 1.37398e+03
2.12517e-01 1.18377e+03
2.17519e-01 1.50299e+03
2.22521e-01 1.24609e+03
2.27519e-01 1.41684e+03
2.32521e-01 8.15375e+02
2.37520e-01 8.35008e+02
2.42520e-01 1.20291e+03
2.47519e-01 8.77695e+02
2.52516e-01 6.69766e+01
2.57514e-01 4.30570e+02
2.62513e-01 9.19359e+02
2.67513e-01 7.87539e+02
2.72514e-01 4.71484e+02
2.77515e-01 1.01626e+03
2.82516e-01 7.58898e+02
2.87514e-01 5.57109e+02
2.92512e-01 8.42914e+02
2.97514e-01 1.76781e+02
3.02516e-01 8.71484e+01
3.07515e-01 6.30781e+01
3.12512e-01 5.65820e+02
3.17510e-01 5.78484e+02
3.22511e-01 6.61586e+02
3.27512e-01 4.67273e+02
3.32512e-01 3.16305e+02
3.37512e-01 3.61758e+02
3.42513e-01 3.43453e+02
3.47513e-01 -8.63594e+01
3.52513e-01 8.03281e+01
3.57513e-01 6.13203e+01
3.62512e-01 5.10156e+01
3.67512e-01 4.89469e+02
3.72512e-01 4.44227e+02
3.77511e-01 2.33180e+02
3.82510e-01 -1.13906e+01
3.87510e-01 2.12500e+01
3.92510e-01 1.64227e+02
3.97510e-01 2.14781e+02
3.70544e-03 6.83799e+04
8.00271e-03 3.97640e+04
1.28497e-02 2.36571e+04
1.77641e-02 2.87685e+04
2.26842e-02 1.55580e+04
2.76464e-02 1.38575e+04
3.26361e-02 1.40101e+04
3.76229e-02 1.63469e+04
4.26066e-02 5.57315e+03
4.75842e-02 1.44227e+04
5.25722e-02 1.01396e+04
5.75659e-02 6.33502e+03
6.25589e-02 4.06815e+03
6.75629e-02 6.49621e+03
7.25605e-02 7.69280e+03
7.75516e-02 1.60890e+03
8.25500e-02 8.05662e+02
8.75455e-02 9.52051e+02
9.25437e-02 2.17556e+03
9.75415e-02 8.48651e+02
1.02534e-01 3.29559e+03
1.07536e-01 1.66981e+03
1.12540e-01 6.86571e+02
1.17537e-01 3.63225e+03
1.22533e-01 4.68886e+03
1.27534e-01 -2.77971e+02
1.32530e-01 1.58177e+03
1.37531e-01 3.59626e+02
1.42530e-01 1.14729e+02
1.47526e-01 1.09924e+03
1.52527e-01 9.58412e+02
1.57528e-01 1.57228e+03
1.62527e-01 1.34492e+02
1.67526e-01 1.86249e+03
1.72526e-01 1.76602e+03
1.77526e-01 -5.39254e+02
1.82527e-01 1.02468e+02
1.87525e-01 -1.32272e+03
1.92520e-01 -1.01704e+03
1.97516e-01 7.00400e+02
2.02513e-01 -4.42003e+02
2.07516e-01 3.83915e+02
2.12517e-01 -8.57146e+02
2.17519e-01 3.65581e+02
2.22521e-01 4.63321e+02
2.27519e-01 2.04945e+02
2.32521e-01 -3.58752e+02
2.37520e-01 -9.06617e+02
2.42520e-01 9.04878e+02
2.47519e-01 8.82665e+01
2.52516e-01 -7.41828e+02
2.57514e-01 -1.05096e+03
2.62513e-01 -6.68321e+02
2.67513e-01 3.48337e+01
2.72514e-01 1.25383e+00
2.77515e-01 6.14655e+02
2.82516e-01 -4.47381e+02
2.87514e-01 6.34764e+02
2.92512e-01 -1.06487e+03
2.97514e-01 5.31808e+01
3.02516e-01 -3.57568e+02
3.07515e-01 -8.92327e+02
3.12512e-01 -1.64613e+02
3.17510e-01 -2.70207e+02
3.22511e-01 -2.71339e+02
3.27512e-01 -8.79095e+01
3.32512e-01 -6.76988e+02
3.37512e-01 -6.54233e+00
3.42513e-01 -9.35990e+02
3.47513e-01 -5.29144e+01
3.52513e-01 -8.27541e+01
3.57513e-01 -5.78366e+02
3.62512e-01 -8.27266e+02
3.67512e-01 -2.09845e+02
3.72512e-01 -2.25870e+02
3.77511e-01 -4.29885e+02
3.82510e-01 2.11331e+01
3.87510e-01 -1.92917e+02
3.92510e-01 -2.08222e+02
3.97510e-01 -2.24323e+01
