60 2
k power
3.78596e-03 -5.79094e+03
8.05565e-03 2.43347e+04
1.28387e-02 1.20157e+04
1.77584e-02 2.74256e+04
2.26862e-02 2.84840e+04
2.76450e-02 3.19101e+04
3.26261e-02 2.72544e+04
3.76152e-02 2.70612e+04
4.26121e-02 2.31477e+04
4.75881e-02 2.17416e+04
5.25764e-02 1.72576e+04
5.75766e-02 1.75561e+04
6.25706e-02 1.54110e+04
6.75643e-02 1.57651e+04
7.25546e-02 1.25980e+04
7.75520e-02 1.14406e+04
8.25499e-02 9.18607e+03
8.75466e-02 8.70655e+03
9.25461e-02 7.50409e+03
9.75410e-02 7.38677e+03
1.02539e-01 6.90080e+03
1.07538e-01 7.68678e+03
1.12539e-01 6.40684e+03
1.17539e-01 3.93377e+03
1.22534e-01 5.02623e+03
1.27532e-01 5.34680e+03
1.32531e-01 4.86818e+03
1.37529e-01 3.23559e+03
1.42529e-01 3.67025e+03
1.47527e-01 4.14403e+03
1.52526e-01 3.57130e+03
1.57526e-01 2.99723e+03
1.62527e-01 2.60700e+03
1.67528e-01 2.60359e+03
1.72524e-01 3.24977e+03
1.77522e-01 2.54839e+03
1.82524e-01 1.91552e+03
1.87522e-01 2.23559e+03
1.92522e-01 2.16362e+03
1.97523e-01 2.36165e+03
2.02522e-01 1.65959e+03
2.07520e-01 1.49948e+03
2.12520e-01 1.91827e+03
2.17519e-01 1.93151e+03
2.22517e-01 1.60245e+03
2.27517e-01 1.28307e+03
2.32517e-01 1.00399e+03
2.37517e-01 8.90031e+02
2.42517e-01 1.22350e+03
2.47517e-01 1.03264e+03
2.52517e-01 6.84164e+02
2.57516e-01 8.75367e+02
2.62515e-01 5.86047e+02
2.67515e-01 3.57461e+02
2.72514e-01 7.86547e+02
2.77515e-01 7.16484e+02
2.82515e-01 7.89656e+02
2.87514e-01 6.36453e+02
2.92514e-01 8.82227e+02
2.97513e-01 6.81875e+02
3.78596e-03 -2.70417e+04
8.05565e-03 7.46779e+04
1.28387e-02 2.32571e+04
1.77584e-02 1.88429e+04
2.26862e-02 3.60207e+04
2.76450e-02 1.80800e+04
3.26261e-02 7.84002e+03
3.76152e-02 1.30262e+04
4.26121e-02 9.38736e+03
4.75881e-02 4.39649e+03
5.25764e-02 7.80185e+03
5.75766e-02 5.72444e+03
6.25706e-02 7.18141e+03
6.75643e-02 3.26318e+03
7.25546e-02 3.55290e+03
7.75520e-02 4.07544e+03
8.25499e-02 2.70781e+03
8.75466e-02 4.26114e+03
9.25461e-02 3.37361e+03
9.75410e-02 -5.53101e+02
1.02539e-01 1.64136e+03
1.07538e-01 3.33418e+03
1.12539e-01 2.59904e+03
1.17539e-01 2.38833e+03
1.22534e-01 1.87927e+03
1.27532e-01 1.34566e+03
1.32531e-01 1.93463e+03
1.37529e-01 7.00757e+02
1.42529e-01 -7.04710e+02
1.47527e-01 -3.57840e+02
1.52526e-01 -1.42898e+02
1.57526e-01 3.54305e+02
1.62527e-01 4.07551e+02
1.67528e-01 -1.44422e+02
1.72524e-01 6.14581e+01
1.77522e-01 9.83016e+02
1.82524e-01 -1.75727e+02
1.87522e-01 -4.68448e+02
1.92522e-01 -1.31477e+01
1.97523e-01 5.78604e+02
2.02522e-01 6.47152e+02
2.07520e-01 8.89230e+02
2.12520e-01 -6.06129e+01
2.17519e-01 7.95791e+02
2.22517e-01 -4.95974e+02
2.27517e-01 2.38601e+02
2.32517e-01 4.01937e+02
2.37517e-01 -1.08169e+03
2.42517e-01 -3.91267e+02
2.47517e-01 4.94420e+02
2.52517e-01 5.54755e+02
2.57516e-01 9.44757e+02
2.62515e-01 2.88133e+02
2.67515e-01 9.18918e+01
2.72514e-01 -7.48985e+02
2.77515e-01 -8.03597e+02
2.82515e-01 5.13009e+02
2.87514e-01 -2.43355e+00
2.92514e-01 -8.24069e+02
2.97513e-01 -2.24056e+02
