80 2
k power
3.70544e-03 7.72824e+04
8.00271e-03 2.48011e+04
1.28497e-02 2.92372e+04
1.77641e-02 3.14628e+04
2.26842e-02 2.76939e+04
2.76464e-02 3.52929e+04
3.26361e-02 2.63771e+04
3.76229e-02 2.92627e+04
4.26066e-02 2.18079e+04
4.75842e-02 1.88545e+04
5.25722e-02 1.65367e+04
5.75659e-02 1.57240e+04
6.25589e-02 1.66542e+04
6.75629e-02 1.58712e+04
7.25605e-02 1.33638e+04
7.75516e-02 1.29308e+04
8.25500e-02 1.09017e+04
8.75455e-02 1.05344e+04
9.25437e-02 8.12517e+03
9.75415e-02 8.63255e+03
1.02534e-01 7.44020e+03
1.07536e-01 5.71751e+03
1.12540e-01 6.39116e+03
1.17537e-01 6.78286e+03
1.22533e-01 6.61030e+03
1.27534e-01 5.12905e+03
1.32530e-01 4.90865e+03
1.37531e-01 4.46078e+03
1.42530e-01 4.11771e+03
1.47526e-01 4.09545e+03
1.52527e-01 4.08411e+03
1.57528e-01 2.54895e+03
1.62527e-01 2.64712e+03
1.67526e-01 2.98406e+03
1.72526e-01 3.55259e+03
1.77526e-01 2.56216e+03
1.82527e-01 3.21644e+03
1.87525e-01 1.94382e+03
1.92520e-01 1.94998e+03
1.97516e-01 2.24819e+03
2.02513e-01 1.80898e+03
2.07516e-01 2.00980e+03
2.12517e-01 1.68672e+03
2.17519e-01 1.43828e+03
2.22521e-01 1.58234e+03
2.27519e-01 1.39146e+03
2.32521e-01 1.15953e+03
2.37520e-01 1.30284e+03
2.42520e-01 1.24102e+03
2.47519e-01 1.08505e+03
2.52516e-01 1.24964e+03
2.57514e-01 7.65016e+02
2.62513e-01 9.71914e+02
2.67513e-01 8.04578e+02
2.72514e-01 7.86141e+02
2.77515e-01 6.21523e+02
2.82516e-01 9.43625e+02
2.87514e-01 9.75617e+02
2.92512e-01 6.06664e+02
2.97514e-01 2.00148e+02
3.02516e-01 3.22781e+02
3.07515e-01 1.71250e+02
3.12512e-01 7.79922e+02
3.17510e-01 8.56867e+02
3.22511e-01 4.58117e+02
3.27512e-01 4.93156e+02
3.32512e-01 5.64781e+02
3.37512e-01 1.23023e+02
3.42513e-01 2.93367e+02
3.47513e-01 2.75961e+02
3.52513e-01 1.82008e+02
3.57513e-01 2.83164e+02
3.62512e-01 2.19766e+02
3.67512e-01 4.54195e+02
3.72512e-01 1.16797e+02
3.77511e-01 2.43797e+02
3.82510e-01 1.31242e+02
3.87510e-01 1.65609e+02
3.92510e-01 6.71484e+01
3.97510e-01 3.25336e+02
3.70544e-03 4.73260e+04
8.00271e-03 9.69232e+03
1.28497e-02 4.36506e+04
1.77641e-02 1.15724e+04
2.26842e-02 1.59377e+03
2.76464e-02 1.41890e+04
3.26361e-02 1.18900e+04
3.76229e-02 4.83297e+03
4.26066e-02 9.64683e+03
4.75842e-02 1.21870e+04
5.25722e-02 4.02264e+03
5.75659e-02 7.88483e+03
6.25589e-02 3.46698e+03
6.75629e-02 3.17195e+03
7.25605e-02 -5.16404e+02
7.75516e-02 3.23753e+03
8.25500e-02 2.07382e+03
8.75455e-02 3.41688e+03
9.25437e-02 3.15801e+03
9.75415e-02 3.49206e+03
1.02534e-01 1.69587e+03
1.07536e-01 1.26203e+03
1.12540e-01 5.32066e+02
1.17537e-01 5.36512e+02
1.22533e-01 5.46152e+02
1.27534e-01 1.12255e+03
1.32530e-01 1.45919e+03
1.37531e-01 2.46257e+03
1.42530e-01 2.10671e+03
1.47526e-01 2.53973e+03
1.52527e-01 1.71134e+03
1.57528e-01 1.42260e+03
1.62527e-01 1.61320e+03
1.67526e-01 2.08484e+02
1.72526e-01 4.39989e+02
1.77526e-01 -1.87326e+02
1.82527e-01 -8.06271e+02
1.87525e-01 -1.00777e+03
1.92520e-01 -3.09272e+02
1.97516e-01 3.65820e+02
2.02513e-01 1.63408e+02
2.07516e-01 1.31590e+03
2.12517e-01 1.79887e+02
2.17519e-01 2.09484e+02
2.22521e-01 9.73349e+01
2.27519e-01 1.15079e+03
2.32521e-01 -9.59843e+02
2.37520e-01 -7.66438e+02
2.42520e-01 -1.56814e+02
2.47519e-01 -2.07646e+02
2.52516e-01 8.41691e+02
2.57514e-01 -4.84159e+02
2.62513e-01 9.44810e+02
2.67513e-01 7.98969e+02
2.72514e-01 -1.11934e+02
2.77515e-01 1.54045e+02
2.82516e-01 -2.18716e+02
2.87514e-01 1.52705e+02
2.92512e-01 -2.31279e+02
2.97514e-01 8.30772e+01
3.02516e-01 -6.47652e+02
3.07515e-01 -6.03169e+02
3.12512e-01 -4.77189e+01
3.17510e-01 -1.21966e+01
3.22511e-01 -6.55736e+02
3.27512e-01 -4.98536e+02
3.32512e-01 -9.34107e+01
3.37512e-01 -6.28946e+02
3.42513e-01 2.46216e+02
3.47513e-01 9.08622e+01
3.52513e-01 2.97558e+02
3.57513e-01 4.43414e+02
3.62512e-01 1.08512e+02
3.67512e-01 -9.18042e+01
3.72512e-01 -5.36989e+02
3.77511e-01 9.72296e+01
3.82510e-01 5.04677e+01
3.87510e-01 -1.50724e+02
3.92510e-01 -4.38339e+02
3.97510e-01 -2.03743e+02
