60 2
k power
3.78596e-03 -2.67664e+02
8.05565e-03 4.79064e+04
1.28387e-02 3.51172e+04
1.77584e-02 3.66918e+04
2.26862e-02 3.62120e+04
2.76450e-02 3.18932e+04
3.26261e-02 2.69937e+04
3.76152e-02 2.61264e+04
4.26121e-02 2.33672e+04
4.75881e-02 2.08841e+04
5.25764e-02 1.66761e+04
5.75766e-02 1.42792e+04
6.25706e-02 1.35284e+04
6.75643e-02 1.47251e+04
7.25546e-02 1.30601e+04
7.75520e-02 1.14575e+04
8.25499e-02 1.13534e+04
8.75466e-02 9.13123e+03
9.25461e-02 8.58636e+03
9.75410e-02 7.65488e+03
1.02539e-01 6.68117e+03
1.07538e-01 6.14220e+03
1.12539e-01 6.22310e+03
1.17539e-01 5.34628e+03
1.22534e-01 5.97300e+03
1.27532e-01 6.66335e+03
1.32531e-01 5.60712e+03
1.37529e-01 5.32713e+03
1.42529e-01 4.30612e+03
1.47527e-01 3.71511e+03
1.52526e-01 3.28430e+03
1.57526e-01 3.51085e+03
1.62527e-01 3.16979e+03
1.67528e-01 2.51734e+03
1.72524e-01 1.99229e+03
1.77522e-01 2.01641e+03
1.82524e-01 1.79866e+03
1.87522e-01 2.69925e+03
1.92522e-01 2.42757e+03
1.97523e-01 2.14056e+03
2.02522e-01 1.63270e+03
2.07520e-01 1.73607e+03
2.12520e-01 1.52086e+03
2.17519e-01 1.00433e+03
2.22517e-01 1.46212e+03
2.27517e-01 1.57585e+03
2.32517e-01 1.47545e+03
2.37517e-01 1.46804e+03
2.42517e-01 1.43946e+03
2.47517e-01 8.17023e+02
2.52517e-01 9.91117e+02
2.57516e-01 1.18356e+03
2.62515e-01 1.04886e+03
2.67515e-01 8.46812e+02
2.72514e-01 5.61523e+02
2.77515e-01 6.45656e+02
2.82515e-01 3.03203e+02
2.87514e-01 3.48430e+02
2.92514e-01 5.11141e+02
2.97513e-01 7.29922e+02
3.78596e-03 7.07868e+04
8.05565e-03 4.73615e+04
1.28387e-02 2.82155e+04
1.77584e-02 2.23680e+04
2.26862e-02 2.92578e+04
2.76450e-02 1.81648e+04
3.26261e-02 8.92276e+03
3.76152e-02 1.13369e+04
4.26121e-02 6.93314e+03
4.75881e-02 1.24269e+04
5.25764e-02 1.26832e+04
5.75766e-02 3.27314e+03
6.25706e-02 5.32848e+03
6.75643e-02 7.19157e+03
7.25546e-02 -2.29649e+02
7.75520e-02 2.65086e+03
8.25499e-02 2.72054e+03
8.75466e-02 1.75014e+03
9.25461e-02 2.46647e+03
9.75410e-02 9.27689e+02
1.02539e-01 3.03093e+03
1.07538e-01 -3.39233e+01
1.12539e-01 5.87580e+02
1.17539e-01 1.99488e+03
1.22534e-01 4.79929e+02
1.27532e-01 8.79383e+02
1.32531e-01 2.20038e+03
1.37529e-01 2.32311e+03
1.42529e-01 2.37114e+02
1.47527e-01 3.76862e+02
1.52526e-01 1.86062e+03
1.57526e-01 6.34666e+02
1.62527e-01 -1.53487e+02
1.67528e-01 7.29143e+02
1.72524e-01 1.06044e+03
1.77522e-01 3.12220e+02
1.82524e-01 -5.96967e+02
1.87522e-01 5.04576e+01
1.92522e-01 7.98159e+02
1.97523e-01 -1.16324e+03
2.02522e-01 -9.16376e+02
2.07520e-01 -4.28491e+02
2.12520e-01 2.82068e+02
2.17519e-01 1.22721e+03
2.22517e-01 5.10071e+02
2.27517e-01 4.15247e+02
2.32517e-01 9.57653e+02
2.37517e-01 1.12366e+03
2.42517e-01 -3.27093e+02
2.47517e-01 -6.35116e+02
2.52517e-01 -1.94411e+01
2.57516e-01 -1.22266e+02
2.62515e-01 -2.04259e+02
2.67515e-01 -7.76593e+01
2.72514e-01 4.67728e+01
2.77515e-01 -3.47257e+02
2.82515e-01 -4.33258e+02
2.87514e-01 2.44615e+02
2.92514e-01 -4.90479e+02
2.97513e-01 -6.44707e+01
