80 2
k power
3.75378e-03 -1.04812e+03
8.05040e-03 3.88599e+04
1.28486e-02 3.25869e+04
1.77516e-02 3.05892e+04
2.26918e-02 3.41653e+04
2.76480e-02 3.32185e+04
3.26126e-02 3.27323e+04
3.76111e-02 2.48250e+04
4.26130e-02 2.11794e+04
4.76051e-02 2.06146e+04
5.25913e-02 1.54094e+04
5.75684e-02 1.41789e+04
6.25625e-02 1.43706e+04
6.75666e-02 1.32564e+04
7.25730e-02 1.17339e+04
7.75647e-02 1.07757e+04
8.25476e-02 9.22895e+03
8.75441e-02 9.58308e+03
9.25437e-02 7.45977e+03
9.75415e-02 8.38327e+03
1.02541e-01 7.30134e+03
1.07542e-01 6.46501e+03
1.12541e-01 6.82912e+03
1.17533e-01 5.40584e+03
1.22524e-01 5.02048e+03
1.27531e-01 5.58387e+03
1.32537e-01 4.17178e+03
1.37532e-01 4.30212e+03
1.42526e-01 4.64501e+03
1.47525e-01 3.84349e+03
1.52527e-01 3.84940e+03
1.57525e-01 3.78069e+03
1.62524e-01 3.22166e+03
1.67524e-01 2.04288e+03
1.72523e-01 3.08776e+03
1.77521e-01 3.04112e+03
1.82521e-01 1.66876e+03
1.87522e-01 1.78506e+03
1.92522e-01 1.95870e+03
1.97522e-01 1.83502e+03
2.02520e-01 1.49495e+03
2.07516e-01 1.71295e+03
2.12515e-01 1.96307e+03
2.17519e-01 1.99150e+03
2.22521e-01 1.48061e+03
2.27520e-01 7.77719e+02
2.32521e-01 1.59738e+03
2.37519e-01 7.68953e+02
2.42517e-01 8.46227e+02
2.47516e-01 6.46820e+02
2.52517e-01 4.75305e+02
2.57519e-01 2.69664e+02
2.62519e-01 2.92438e+02
2.67517e-01 8.22039e+02
2.72515e-01 3.54328e+02
2.77516e-01 5.77648e+02
2.82516e-01 3.98305e+02
2.87515e-01 3.15141e+02
2.92513e-01 7.44453e+02
2.97512e-01 4.34992e+02
3.02513e-01 5.26477e+02
3.07511e-01 2.71586e+02
3.12511e-01 6.60391e+02
3.17513e-01 9.82797e+02
3.22513e-01 5.97023e+02
3.27512e-01 3.49805e+02
3.32509e-01 3.54977e+02
3.37510e-01 2.01328e+02
3.42513e-01 -1.66164e+02
3.47514e-01 -1.68672e+01
3.52514e-01 -5.95469e+01
3.57512e-01 -6.57969e+01
3.62512e-01 3.66562e+01
3.67512e-01 -8.29453e+01
3.72510e-01 -6.64062e+01
3.77511e-01 -9.50781e+00
3.82512e-01 -8.84375e+01
3.87512e-01 -1.49898e+02
3.92510e-01 1.46953e+02
3.97510e-01 -1.88438e+01
3.75378e-03 -5.60487e+03
8.05040e-03 -1.61537e+04
1.28486e-02 2.42506e+04
1.77516e-02 9.61859e+03
2.26918e-02 2.22844e+04
2.76480e-02 1.95353e+04
3.26126e-02 9.88741e+03
3.76111e-02 7.38988e+03
4.26130e-02 5.24633e+03
4.76051e-02 1.30501e+04
5.25913e-02 3.45795e+03
5.75684e-02 2.60973e+03
6.25625e-02 2.59620e+03
6.75666e-02 3.13884e+03
7.25730e-02 9.00376e+03
7.75647e-02 7.61142e+03
8.25476e-02 2.73395e+03
8.75441e-02 8.66029e+03
9.25437e-02 4.41101e+03
9.75415e-02 4.33588e+03
1.02541e-01 2.07055e+03
1.07542e-01 3.66913e+03
1.12541e-01 6.26682e+03
1.17533e-01 4.23800e+03
1.22524e-01 1.20017e+03
1.27531e-01 2.19543e+03
1.32537e-01 2.07271e+03
1.37532e-01 8.49936e+02
1.42526e-01 4.21035e+02
1.47525e-01 1.80567e+03
1.52527e-01 1.69175e+03
1.57525e-01 -7.20662e+02
1.62524e-01 -7.06420e+01
1.67524e-01 -4.73756e+02
1.72523e-01 1.39850e+02
1.77521e-01 -1.95634e+03
1.82521e-01 5.62884e+02
1.87522e-01 1.11324e+03
1.92522e-01 -8.64530e+01
1.97522e-01 6.57672e+01
2.02520e-01 1.13011e+03
2.07516e-01 1.06809e+03
2.12515e-01 1.63982e+03
2.17519e-01 1.90355e+03
2.22521e-01 2.34172e+03
2.27520e-01 -2.78010e+02
2.32521e-01 1.16612e+03
2.37519e-01 -5.14141e+02
2.42517e-01 4.37451e+02
2.47516e-01 2.75468e+02
2.52517e-01 -3.50955e+02
2.57519e-01 -1.85843e+02
2.62519e-01 -1.83411e+02
2.67517e-01 -7.72690e+02
2.72515e-01 -1.52554e+01
2.77516e-01 -8.37651e+02
2.82516e-01 -6.66804e+02
2.87515e-01 -7.54907e+02
2.92513e-01 -4.71011e+02
2.97512e-01 7.79610e+02
3.02513e-01 8.39862e+01
3.07511e-01 3.71524e+02
3.12511e-01 1.00829e+02
3.17513e-01 -1.04628e+03
3.22513e-01 -4.36201e+02
3.27512e-01 -4.79643e+01
3.32509e-01 -3.83785e+02
3.37510e-01 -6.46970e+02
3.42513e-01 1.52929e+02
3.47514e-01 6.67265e+02
3.52514e-01 6.90687e+02
3.57512e-01 9.27881e+02
3.62512e-01 6.37062e+01
3.67512e-01 -5.52539e+02
3.72510e-01 1.87672e+02
3.77511e-01 1.57518e+02
3.82512e-01 2.21775e+02
3.87512e-01 4.57520e+01
3.92510e-01 4.41186e+02
3.97510e-01 -7.15051e+02
