60 2
k power
3.75378e-03 4.73638e+03
8.05040e-03 1.14731e+04
1.28486e-02 2.39393e+04
1.77516e-02 3.04385e+04
2.26918e-02 3.55374e+04
2.76480e-02 3.84417e+04
3.26126e-02 2.65761e+04
3.76111e-02 3.13054e+04
4.26130e-02 2.60566e+04
4.76051e-02 2.09440e+04
5.25913e-02 1.72951e+04
5.75684e-02 1.51103e+04
6.25625e-02 1.84602e+04
6.75666e-02 1.60428e+04
7.25730e-02 1.35996e+04
7.75647e-02 1.23301e+04
8.25476e-02 1.19075e+04
8.75441e-02 9.03158e+03
9.25437e-02 8.13457e+03
9.75415e-02 7.86043e+03
1.02541e-01 7.81885e+03
1.07542e-01 6.39005e+03
1.12541e-01 6.30995e+03
1.17533e-01 5.82336e+03
1.22524e-01 6.15101e+03
1.27531e-01 4.75143e+03
1.32537e-01 4.12313e+03
1.37532e-01 4.59510e+03
1.42526e-01 4.02453e+03
1.47525e-01 4.29407e+03
1.52527e-01 4.10841e+03
1.57525e-01 2.61707e+03
1.62524e-01 2.81518e+03
1.67524e-01 3.70861e+03
1.72523e-01 3.94857e+03
1.77521e-01 3.47352e+03
1.82521e-01 3.34390e+03
1.87522e-01 2.34062e+03
1.92522e-01 2.68273e+03
1.97522e-01 2.24970e+03
2.02520e-01 1.73103e+03
2.07516e-01 1.95371e+03
2.12515e-01 1.96797e+03
2.17519e-01 1.22603e+03
2.22521e-01 1.36101e+03
2.27520e-01 1.14752e+03
2.32521e-01 8.67672e+02
2.37519e-01 5.57594e+02
2.42517e-01 6.88758e+02
2.47516e-01 1.20000e+03
2.52517e-01 1.03338e+03
2.57519e-01 9.10055e+02
2.62519e-01 7.74578e+02
2.67517e-01 1.00250e+03
2.72515e-01 5.13281e+02
2.77516e-01 5.87156e+02
2.82516e-01 9.90461e+02
2.87515e-01 6.19148e+02
2.92513e-01 3.45016e+02
2.97512e-01 5.35031e+02
3.75378e-03 -7.60915e+03
8.05040e-03 4.03332e+04
1.28486e-02 1.50899e+04
1.77516e-02 -5.05968e+02
2.26918e-02 7.92186e+03
2.76480e-02 1.92681e+04
3.26126e-02 1.87099e+03
3.76111e-02 1.25447e+04
4.26130e-02 5.89788e+03
4.76051e-02 7.15112e+03
5.25913e-02 8.39976e+03
5.75684e-02 3.16134e+03
6.25625e-02 1.39973e+02
6.75666e-02 3.81468e+03
7.25730e-02 7.12552e+03
7.75647e-02 5.19991e+03
8.25476e-02 4.61422e+03
8.75441e-02 1.22338e+03
9.25437e-02 6.70953e+03
9.75415e-02 4.47070e+02
1.02541e-01 2.68818e+03
1.07542e-01 -1.19795e+03
1.12541e-01 -6.38518e+02
1.17533e-01 -2.47311e+02
1.22524e-01 1.21597e+03
1.27531e-01 5.33815e+03
1.32537e-01 -8.66566e+02
1.37532e-01 2.30476e+03
1.42526e-01 3.55852e+03
1.47525e-01 2.51971e+02
1.52527e-01 2.07974e+02
1.57525e-01 1.03658e+03
1.62524e-01 2.91002e+03
1.67524e-01 1.00391e+03
1.72523e-01 2.52794e+03
1.77521e-01 2.87723e+03
1.82521e-01 1.20750e+02
1.87522e-01 -2.79083e+02
1.92522e-01 9.49893e+02
1.97522e-01 -2.45905e+02
2.02520e-01 2.11187e+01
2.07516e-01 1.57947e+03
2.12515e-01 5.70395e+01
2.17519e-01 -4.33648e+02
2.22521e-01 7.97203e+02
2.27520e-01 2.85156e+03
2.32521e-01 -5.43396e+02
2.37519e-01 1.81934e+02
2.42517e-01 -1.98777e+02
2.47516e-01 -1.36056e+03
2.52517e-01 1.73644e+02
2.57519e-01 4.25619e+02
2.62519e-01 1.33335e+03
2.67517e-01 4.97707e+02
2.72515e-01 6.67053e+02
2.77516e-01 2.32826e+02
2.82516e-01 1.28485e+03
2.87515e-01 8.18194e+02
2.92513e-01 1.61534e+02
2.97512e-01 -4.48570e+02
