60 2
k power
3.78596e-03 3.20330e+04
8.05565e-03 4.93528e+04
1.28387e-02 4.07452e+04
1.77584e-02 2.36518e+04
2.26862e-02 3.49070e+04
2.76450e-02 2.90731e+04
3.26261e-02 2.55011e+04
3.76152e-02 2.25649e+04
4.26121e-02 2.24810e+04
4.75881e-02 2.05686e+04
5.25764e-02 1.94063e+04
5.75766e-02 1.84356e+04
6.25706e-02 1.52429e+04
6.75643e-02 1.37681e+04
7.25546e-02 1.30568e+04
7.75520e-02 1.22940e+04
8.25499e-02 1.10682e+04
8.75466e-02 9.92047e+03
9.25461e-02 8.23443e+03
9.75410e-02 7.13736e+03
1.02539e-01 6.52718e+03
1.07538e-01 6.81344e+03
1.12539e-01 6.50621e+03
1.17539e-01 6.32685e+03
1.22534e-01 5.42473e+03
1.27532e-01 5.59030e+03
1.32531e-01 5.24975e+03
1.37529e-01 4.50548e+03
1.42529e-01 4.06454e+03
1.47527e-01 3.10957e+03
1.52526e-01 2.61077e+03
1.57526e-01 3.05545e+03
1.62527e-01 2.87745e+03
1.67528e-01 2.16722e+03
1.72524e-01 2.23977e+03
1.77522e-01 2.55819e+03
1.82524e-01 2.47155e+03
1.87522e-01 2.31715e+03
1.92522e-01 2.09184e+03
1.97523e-01 1.76223e+03
2.02522e-01 1.43788e+03
2.07520e-01 1.14780e+03
2.12520e-01 1.35580e+03
2.17519e-01 1.10258e+03
2.22517e-01 1.53020e+03
2.27517e-01 1.54327e+03
2.32517e-01 9.73617e+02
2.37517e-01 5.38156e+02
2.42517e-01 1.33231e+03
2.47517e-01 8.19938e+02
2.52517e-01 6.41203e+02
2.57516e-01 5.84094e+02
2.62515e-01 5.89594e+02
2.67515e-01 6.60859e+02
2.72514e-01 3.60289e+02
2.77515e-01 6.64977e+02
2.82515e-01 4.73195e+02
2.87514e-01 1.51930e+02
2.92514e-01 3.45398e+02
2.97513e-01 4.56328e+02
3.78596e-03 7.29548e+04
8.05565e-03 1.20384e+04
1.28387e-02 1.10084e+04
1.77584e-02 5.76489e+03
2.26862e-02 1.05959e+04
2.76450e-02 9.12843e+03
3.26261e-02 6.00808e+03
3.76152e-02 3.38653e+03
4.26121e-02 1.42999e+04
4.75881e-02 9.70999e+03
5.25764e-02 9.76348e+03
5.75766e-02 1.05813e+04
6.25706e-02 4.83729e+03
6.75643e-02 4.17273e+03
7.25546e-02 2.13904e+03
7.75520e-02 -3.08296e+02
8.25499e-02 7.98493e+02
8.75466e-02 -8.01350e+02
9.25461e-02 3.86176e+03
9.75410e-02 2.87527e+03
1.02539e-01 1.22020e+03
1.07538e-01 1.11089e+03
1.12539e-01 3.24944e+03
1.17539e-01 2.87604e+03
1.22534e-01 6.56213e+02
1.27532e-01 2.68843e+03
1.32531e-01 2.01099e+03
1.37529e-01 1.16529e+03
1.42529e-01 2.35817e+03
1.47527e-01 2.35003e+03
1.52526e-01 1.07942e+03
1.57526e-01 2.23493e+03
1.62527e-01 -7.93036e+02
1.67528e-01 -1.74453e+03
1.72524e-01 -2.73302e+02
1.77522e-01 -6.89795e+01
1.82524e-01 -5.11700e+02
1.87522e-01 4.60813e+01
1.92522e-01 1.36780e+03
1.97523e-01 4.09637e+02
2.02522e-01 -4.40820e+02
2.07520e-01 -2.22623e+01
2.12520e-01 -7.54610e+02
2.17519e-01 4.18169e+02
2.22517e-01 1.85442e+02
2.27517e-01 7.20098e+02
2.32517e-01 -6.33643e+01
2.37517e-01 -3.64954e+02
2.42517e-01 -4.83614e+02
2.47517e-01 -5.26828e+02
2.52517e-01 -7.91684e+02
2.57516e-01 -1.23696e+03
2.62515e-01 -4.99113e+02
2.67515e-01 -5.84964e+02
2.72514e-01 -1.07733e+03
2.77515e-01 7.99267e+01
2.82515e-01 -5.11645e+01
2.87514e-01 -5.57769e+02
2.92514e-01 -5.09144e+02
2.97513e-01 -9.88961e+01
