60 2
k power
3.78596e-03 1.50860e+04
8.05565e-03 3.11204e+04
1.28387e-02 3.50922e+04
1.77584e-02 3.75086e+04
2.26862e-02 2.87913e+04
2.76450e-02 3.15650e+04
3.26261e-02 3.04334e+04
3.76152e-02 2.45830e+04
4.26121e-02 2.04698e+04
4.75881e-02 1.73931e+04
5.25764e-02 1.86093e+04
5.75766e-02 1.69031e+04
6.25706e-02 1.48839e+04
6.75643e-02 1.39401e+04
7.25546e-02 1.10592e+04
7.75520e-02 9.97080e+03
8.25499e-02 9.96470e+03
8.75466e-02 1.07698e+04
9.25461e-02 8.85947e+03
9.75410e-02 7.46669e+03
1.02539e-01 7.53727e+03
1.07538e-01 6.85852e+03
1.12539e-01 6.21058e+03
1.17539e-01 5.82954e+03
1.22534e-01 4.77903e+03
1.27532e-01 5.11260e+03
1.32531e-01 4.47532e+03
1.37529e-01 4.68127e+03
1.42529e-01 3.83991e+03
1.47527e-01 3.74648e+03
1.52526e-01 2.95541e+03
1.57526e-01 2.69219e+03
1.62527e-01 2.35507e+03
1.67528e-01 2.58439e+03
1.72524e-01 2.52579e+03
1.77522e-01 2.10776e+03
1.82524e-01 2.95241e+03
1.87522e-01 1.94383e+03
1.92522e-01 2.13934e+03
1.97523e-01 2.25831e+03
2.02522e-01 2.41789e+03
2.07520e-01 2.19765e+03
2.12520e-01 1.74110e+03
2.17519e-01 1.69451e+03
2.22517e-01 1.31123e+03
2.27517e-01 1.59437e+03
2.32517e-01 1.34717e+03
2.37517e-01 1.07480e+03
2.42517e-01 1.15733e+03
2.47517e-01 9.60039e+02
2.52517e-01 5.09836e+02
2.57516e-01 1.25196e+03
2.62515e-01 9.38250e+02
2.67515e-01 6.39133e+02
2.72514e-01 5.55828e+02
2.77515e-01 5.95719e+02
2.82515e-01 8.05703e+02
2.87514e-01 7.71227e+02
2.92514e-01 7.59789e+02
2.97513e-01 7.88109e+02
3.78596e-03 -3.81752e+04
8.05565e-03 2.35497e+04
1.28387e-02 2.11522e+04
1.77584e-02 1.87064e+03
2.26862e-02 -1.45505e+04
2.76450e-02 1.88820e+04
3.26261e-02 1.25169e+04
3.76152e-02 1.42463e+04
4.26121e-02 9.86821e+03
4.75881e-02 1.02966e+04
5.25764e-02 5.19434e+03
5.75766e-02 5.25507e+03
6.25706e-02 8.26368e+03
6.75643e-02 5.17420e+03
7.25546e-02 4.59824e+03
7.75520e-02 3.42643e+03
8.25499e-02 1.34766e+03
8.75466e-02 9.85246e+02
9.25461e-02 2.89672e+03
9.75410e-02 -3.17735e+02
1.02539e-01 2.64971e+03
1.07538e-01 3.17199e+03
1.12539e-01 3.42314e+03
1.17539e-01 2.94785e+03
1.22534e-01 2.17951e+03
1.27532e-01 2.19709e+03
1.32531e-01 2.20707e+03
1.37529e-01 1.93631e+03
1.42529e-01 7.85317e+02
1.47527e-01 -1.44956e+02
1.52526e-01 4.69056e+02
1.57526e-01 4.23960e+02
1.62527e-01 -4.33925e+02
1.67528e-01 8.83455e+02
1.72524e-01 8.24927e+02
1.77522e-01 3.30199e+02
1.82524e-01 -5.73789e+02
1.87522e-01 6.98836e+02
1.92522e-01 1.94676e+03
1.97523e-01 7.41995e+01
2.02522e-01 1.01723e+03
2.07520e-01 1.08321e+03
2.12520e-01 4.67594e+02
2.17519e-01 7.40369e+02
2.22517e-01 6.44831e+02
2.27517e-01 -4.36451e+01
2.32517e-01 1.69486e+03
2.37517e-01 8.36724e+02
2.42517e-01 5.71281e+02
2.47517e-01 -2.90124e+02
2.52517e-01 -5.18192e+02
2.57516e-01 6.96862e+02
2.62515e-01 2.64357e+02
2.67515e-01 -7.24100e+02
2.72514e-01 -8.33717e+01
2.77515e-01 3.00523e+02
2.82515e-01 -2.58992e+02
2.87514e-01 -1.26413e+02
2.92514e-01 -1.45328e+02
2.97513e-01 -7.84490e+02
