80 2
k power
3.70544e-03 5.54866e+04
8.00271e-03 2.20322e+04
1.28497e-02 3.39898e+04
1.77641e-02 3.10093e+04
2.26842e-02 3.77203e+04
2.76464e-02 3.45420e+04
3.26361e-02 2.89934e+04
3.76229e-02 2.60872e+04
4.26066e-02 2.32342e+04
4.75842e-02 1.96900e+04
5.25722e-02 1.86354e+04
5.75659e-02 1.61262e+04
6.25589e-02 1.63997e+04
6.75629e-02 1.44252e+04
7.25605e-02 1.39058e+04
7.75516e-02 1.32183e+04
8.25500e-02 1.02604e+04
8.75455e-02 9.77638e+03
9.25437e-02 8.88239e+03
9.75415e-02 7.82551e+03
1.02534e-01 6.19122e+03
1.07536e-01 7.83205e+03
1.12540e-01 7.71881e+03
1.17537e-01 6.07062e+03
1.22533e-01 5.69061e+03
1.27534e-01 5.48913e+03
1.32530e-01 4.40161e+03
1.37531e-01 5.03750e+03
1.42530e-01 4.47933e+03
1.47526e-01 4.23909e+03
1.52527e-01 3.40550e+03
1.57528e-01 3.22138e+03
1.62527e-01 3.26221e+03
1.67526e-01 2.93479e+03
1.72526e-01 2.39288e+03
1.77526e-01 2.71070e+03
1.82527e-01 2.32272e+03
1.87525e-01 2.17873e+03
1.92520e-01 2.28295e+03
1.97516e-01 1.93277e+03
2.02513e-01 2.06887e+03
2.07516e-01 2.26979e+03
2.12517e-01 1.73802e+03
2.17519e-01 1.49195e+03
2.22521e-01 1.08265e+03
2.27519e-01 1.31862e+03
2.32521e-01 9.87891e+02
2.37520e-01 7.23055e+02
2.42520e-01 1.10462e+03
2.47519e-01 9.77109e+02
2.52516e-01 6.38398e+02
2.57514e-01 1.22977e+03
2.62513e-01 5.34656e+02
2.67513e-01 7.46406e+02
2.72514e-01 4.90750e+02
2.77515e-01 7.35281e+02
2.82516e-01 6.78469e+02
2.87514e-01 1.06399e+03
2.92512e-01 5.54461e+02
2.97514e-01 5.20836e+02
3.02516e-01 6.75609e+02
3.07515e-01 1.31195e+02
3.12512e-01 4.00922e+02
3.17510e-01 4.45547e+02
3.22511e-01 6.12461e+02
3.27512e-01 5.20883e+02
3.32512e-01 -2.81094e+01
3.37512e-01 2.89602e+02
3.42513e-01 -7.85312e+01
3.47513e-01 3.77945e+02
3.52513e-01 5.32781e+02
3.57513e-01 7.78359e+01
3.62512e-01 1.02984e+02
3.67512e-01 1.00391e+01
3.72512e-01 1.85281e+02
3.77511e-01 3.28125e+01
3.82510e-01 2.84320e+02
3.87510e-01 4.77445e+02
3.92510e-01 -9.96094e+01
3.97510e-01 1.75383e+02
3.70544e-03 -6.50879e+04
8.00271e-03 -1.49508e+04
1.28497e-02 6.69587e+03
1.77641e-02 1.86724e+04
2.26842e-02 1.12999e+04
2.76464e-02 2.32211e+04
3.26361e-02 1.86482e+04
3.76229e-02 9.02845e+03
4.26066e-02 1.14748e+04
4.75842e-02 4.49874e+03
5.25722e-02 9.67571e+03
5.75659e-02 1.19341e+04
6.25589e-02 7.15367e+03
6.75629e-02 5.52450e+03
7.25605e-02 6.17799e+03
7.75516e-02 1.25047e+03
8.25500e-02 4.43054e+03
8.75455e-02 4.88076e+03
9.25437e-02 3.67294e+03
9.75415e-02 2.71112e+03
1.02534e-01 2.83907e+03
1.07536e-01 2.78954e+03
1.12540e-01 2.62025e+03
1.17537e-01 -1.47760e+02
1.22533e-01 -1.62585e+02
1.27534e-01 3.82664e+03
1.32530e-01 6.87140e+02
1.37531e-01 2.54982e+03
1.42530e-01 1.11447e+03
1.47526e-01 1.84177e+03
1.52527e-01 1.30510e+03
1.57528e-01 -1.76747e+03
1.62527e-01 -1.65733e+03
1.67526e-01 -2.01306e+03
1.72526e-01 -2.81352e+02
1.77526e-01 -1.44803e+03
1.82527e-01 3.86331e+02
1.87525e-01 -5.48288e+02
1.92520e-01 3.41768e+02
1.97516e-01 -8.85966e+02
2.02513e-01 -8.42269e+02
2.07516e-01 2.37339e+02
2.12517e-01 -2.00641e+02
2.17519e-01 -1.43807e+03
2.22521e-01 -7.75052e+02
2.27519e-01 -1.05290e+03
2.32521e-01 -5.09875e+02
2.37520e-01 2.15527e+02
2.42520e-01 7.20141e+02
2.47519e-01 -2.48382e+01
2.52516e-01 -5.99670e+01
2.57514e-01 3.51648e+01
2.62513e-01 1.32182e+02
2.67513e-01 5.24692e+02
2.72514e-01 -7.79170e+02
2.77515e-01 5.80677e+02
2.82516e-01 9.56360e+02
2.87514e-01 7.26837e+02
2.92512e-01 2.90760e+02
2.97514e-01 -6.19424e+02
3.02516e-01 -6.18391e+00
3.07515e-01 4.90221e+02
3.12512e-01 -5.45382e+02
3.17510e-01 -2.53093e+02
3.22511e-01 -1.10239e+03
3.27512e-01 -1.05548e+03
3.32512e-01 8.55826e+01
3.37512e-01 3.90597e+01
3.42513e-01 -1.11661e+02
3.47513e-01 -9.33933e+02
3.52513e-01 -2.01706e+02
3.57513e-01 -1.27585e+02
3.62512e-01 -1.39380e+01
3.67512e-01 9.46067e+01
3.72512e-01 -5.60460e+02
3.77511e-01 -3.36586e+01
3.82510e-01 3.25181e+02
3.87510e-01 7.48211e+02
3.92510e-01 -4.99833e+02
3.97510e-01 -1.09276e+02
