80 2
k power
3.75378e-03 -7.45957e+03
8.05040e-03 4.48996e+04
1.28486e-02 2.79657e+04
1.77516e-02 3.42448e+04
2.26918e-02 3.07489e+04
2.76480e-02 2.58387e+04
3.26126e-02 2.52840e+04
3.76111e-02 2.55323e+04
4.26130e-02 2.35286e+04
4.76051e-02 1.63766e+04
5.25913e-02 1.58668e+04
5.75684e-02 1.47945e+04
6.25625e-02 1.72768e+04
6.75666e-02 1.62193e+04
7.25730e-02 1.57612e+04
7.75647e-02 1.26300e+04
8.25476e-02 1.23807e+04
8.75441e-02 9.27978e+03
9.25437e-02 9.60709e+03
9.75415e-02 8.22228e+03
1.02541e-01 6.91938e+03
1.07542e-01 6.29991e+03
1.12541e-01 7.15949e+03
1.17533e-01 5.13762e+03
1.22524e-01 5.17793e+03
1.27531e-01 5.57440e+03
1.32537e-01 5.18332e+03
1.37532e-01 5.25940e+03
1.42526e-01 4.99330e+03
1.47525e-01 4.05756e+03
1.52527e-01 3.34408e+03
1.57525e-01 2.62886e+03
1.62524e-01 3.42561e+03
1.67524e-01 3.37144e+03
1.72523e-01 2.59808e+03
1.77521e-01 3.05834e+03
1.82521e-01 3.31749e+03
1.87522e-01 3.37753e+03
1.92522e-01 2.51004e+03
1.97522e-01 2.42128e+03
2.02520e-01 2.35971e+03
2.07516e-01 1.90009e+03
2.12515e-01 2.04531e+03
2.17519e-01 2.21041e+03
2.22521e-01 1.34104e+03
2.27520e-01 1.58993e+03
2.32521e-01 1.53884e+03
2.37519e-01 1.46709e+03
2.42517e-01 1.14782e+03
2.47516e-01 1.49321e+03
2.52517e-01 1.34268e+03
2.57519e-01 1.54298e+03
2.62519e-01 1.04241e+03
2.67517e-01 8.96164e+02
2.72515e-01 1.21314e+03
2.77516e-01 9.49305e+02
2.82516e-01 6.89195e+02
2.87515e-01 5.26367e+02
2.92513e-01 5.25031e+02
2.97512e-01 8.97148e+02
3.02513e-01 5.08328e+02
3.07511e-01 6.79969e+02
3.12511e-01 4.98914e+02
3.17513e-01 7.42578e+02
3.22513e-01 1.04194e+03
3.27512e-01 8.10539e+02
3.32509e-01 7.05359e+02
3.37510e-01 2.59164e+02
3.42513e-01 3.52062e+02
3.47514e-01 3.84852e+02
3.52514e-01 1.56336e+02
3.57512e-01 5.26992e+02
3.62512e-01 4.44227e+02
3.67512e-01 1.98125e+02
3.72510e-01 2.17352e+02
3.77511e-01 4.24969e+02
3.82512e-01 3.53812e+02
3.87512e-01 4.05812e+02
3.92510e-01 9.36719e+01
3.97510e-01 2.04180e+02
3.75378e-03 3.24288e+04
8.05040e-03 -1.14519e+03
1.28486e-02 1.90960e+03
1.77516e-02 1.56930e+04
2.26918e-02 1.00799e+04
2.76480e-02 2.65424e+04
3.26126e-02 1.47655e+04
3.76111e-02 -2.08740e+03
4.26130e-02 6.36787e+03
4.76051e-02 8.99661e+03
5.25913e-02 7.09041e+03
5.75684e-02 1.03271e+04
6.25625e-02 6.16020e+03
6.75666e-02 7.01166e+03
7.25730e-02 6.17440e+03
7.75647e-02 3.80637e+03
8.25476e-02 5.95297e+03
8.75441e-02 6.61173e+03
9.25437e-02 5.20129e+03
9.75415e-02 1.75842e+03
1.02541e-01 4.72372e+02
1.07542e-01 1.34713e+03
1.12541e-01 5.49321e+03
1.17533e-01 1.44728e+03
1.22524e-01 5.31839e+02
1.27531e-01 3.82871e+03
1.32537e-01 2.17971e+03
1.37532e-01 -6.83884e+02
1.42526e-01 -7.29114e+02
1.47525e-01 3.13168e+02
1.52527e-01 -3.88697e+02
1.57525e-01 4.85818e+02
1.62524e-01 2.78613e+02
1.67524e-01 -1.51260e+02
1.72523e-01 7.94456e+02
1.77521e-01 1.52791e+03
1.82521e-01 3.79567e+02
1.87522e-01 1.76363e+03
1.92522e-01 -2.45816e+02
1.97522e-01 7.92789e+02
2.02520e-01 8.85612e+02
2.07516e-01 7.32149e+02
2.12515e-01 7.10766e+02
2.17519e-01 1.05351e+03
2.22521e-01 -1.06991e+03
2.27520e-01 2.44354e+02
2.32521e-01 6.12312e+02
2.37519e-01 3.05459e+02
2.42517e-01 3.42775e+02
2.47516e-01 2.51835e+02
2.52517e-01 -5.13506e+02
2.57519e-01 -2.71031e+02
2.62519e-01 2.39277e+02
2.67517e-01 -5.16140e+02
2.72515e-01 -7.85816e+02
2.77516e-01 -3.45317e+02
2.82516e-01 -2.95361e+02
2.87515e-01 -1.51695e+02
2.92513e-01 -3.28755e+02
2.97512e-01 -2.20843e+02
3.02513e-01 5.87969e+02
3.07511e-01 -2.75035e+00
3.12511e-01 2.86049e+02
3.17513e-01 -1.58650e+02
3.22513e-01 6.97051e+02
3.27512e-01 3.89088e+02
3.32509e-01 1.59333e+02
3.37510e-01 -3.27387e+02
3.42513e-01 4.60787e+02
3.47514e-01 -5.36962e+02
3.52514e-01 -9.82785e+01
3.57512e-01 -3.17888e+01
3.62512e-01 -2.73783e+00
3.67512e-01 -4.59505e+01
3.72510e-01 4.29962e+02
3.77511e-01 5.35096e+02
3.82512e-01 -8.07926e+02
3.87512e-01 -5.23203e+02
3.92510e-01 -1.21079e+02
3.97510e-01 3.43566e+01
