60 2
k power
3.75378e-03 6.33371e+04
8.05040e-03 2.94589e+04
1.28486e-02 3.25746e+04
1.77516e-02 3.50175e+04
2.26918e-02 3.03894e+04
2.76480e-02 3.59111e+04
3.26126e-02 3.28030e+04
3.76111e-02 2.40134e+04
4.26130e-02 2.59787e+04
4.76051e-02 1.96099e+04
5.25913e-02 1.45016e+04
5.75684e-02 1.57196e+04
6.25625e-02 1.88229e+04
6.75666e-02 1.59531e+04
7.25730e-02 1.27717e+04
7.75647e-02 1.31471e+04
8.25476e-02 1.12744e+04
8.75441e-02 9.32932e+03
9.25437e-02 8.48969e+03
9.75415e-02 8.18379e+03
1.02541e-01 6.63380e+03
1.07542e-01 6.37651e+03
1.12541e-01 6.02795e+03
1.17533e-01 5.31388e+03
1.22524e-01 5.27011e+03
1.27531e-01 5.80990e+03
1.32537e-01 5.87677e+03
1.37532e-01 4.44132e+03
1.42526e-01 3.95833e+03
1.47525e-01 4.34397e+03
1.52527e-01 4.30248e+03
1.57525e-01 4.07305e+03
1.62524e-01 3.13005e+03
1.67524e-01 1.98691e+03
1.72523e-01 3.26292e+03
1.77521e-01 2.97366e+03
1.82521e-01 2.48832e+03
1.87522e-01 2.24423e+03
1.92522e-01 2.64660e+03
1.97522e-01 2.61770e+03
2.02520e-01 2.55898e+03
2.07516e-01 2.55400e+03
2.12515e-01 1.69777e+03
2.17519e-01 1.17107e+03
2.22521e-01 1.25779e+03
2.27520e-01 8.24008e+02
2.32521e-01 1.53005e+03
2.37519e-01 1.43862e+03
2.42517e-01 1.55487e+03
2.47516e-01 8.86703e+02
2.52517e-01 7.01805e+02
2.57519e-01 1.00444e+03
2.62519e-01 1.21841e+03
2.67517e-01 9.88961e+02
2.72515e-01 7.12648e+02
2.77516e-01 5.76477e+02
2.82516e-01 6.52875e+02
2.87515e-01 6.94680e+02
2.92513e-01 5.55562e+02
2.97512e-01 7.18906e+02
3.75378e-03 -7.38371e+04
8.05040e-03 6.55076e+04
1.28486e-02 2.26107e+04
1.77516e-02 -1.68228e+04
2.26918e-02 2.74213e+03
2.76480e-02 -2.62231e+03
3.26126e-02 1.60486e+04
3.76111e-02 6.45582e+03
4.26130e-02 3.71862e+03
4.76051e-02 1.52394e+03
5.25913e-02 7.39511e+03
5.75684e-02 7.35719e+03
6.25625e-02 9.75070e+03
6.75666e-02 5.17873e+03
7.25730e-02 4.20059e+03
7.75647e-02 9.90198e+03
8.25476e-02 3.72619e+03
8.75441e-02 2.84548e+03
9.25437e-02 -5.12840e+02
9.75415e-02 1.98970e+03
1.02541e-01 3.01467e+02
1.07542e-01 3.23987e+03
1.12541e-01 4.03780e+03
1.17533e-01 4.26028e+03
1.22524e-01 3.51045e+02
1.27531e-01 3.20651e+02
1.32537e-01 3.85315e+03
1.37532e-01 4.35547e+03
1.42526e-01 1.79365e+03
1.47525e-01 7.48353e+02
1.52527e-01 3.45064e+03
1.57525e-01 1.98861e+03
1.62524e-01 1.00495e+03
1.67524e-01 1.47424e+03
1.72523e-01 1.43877e+03
1.77521e-01 7.71432e+02
1.82521e-01 9.28261e+02
1.87522e-01 9.71120e+02
1.92522e-01 4.62957e+01
1.97522e-01 8.26832e+02
2.02520e-01 7.59010e+02
2.07516e-01 -5.08964e+01
2.12515e-01 1.42280e+03
2.17519e-01 9.35365e+02
2.22521e-01 1.78462e+03
2.27520e-01 -4.34368e+02
2.32521e-01 1.00567e+03
2.37519e-01 -5.95112e+02
2.42517e-01 -6.06841e+02
2.47516e-01 -5.78280e+02
2.52517e-01 -5.60064e+02
2.57519e-01 -8.18859e+02
2.62519e-01 -1.05063e+03
2.67517e-01 1.19188e+02
2.72515e-01 -9.14920e+02
2.77516e-01 -8.45618e+02
2.82516e-01 -1.15836e+03
2.87515e-01 -3.12868e+02
2.92513e-01 7.76421e+02
2.97512e-01 7.32312e+02
