80 2
k power
3.70544e-03 7.89888e+04
8.00271e-03 2.42355e+04
1.28497e-02 3.74182e+04
1.77641e-02 4.08966e+04
2.26842e-02 3.31710e+04
2.76464e-02 3.08442e+04
3.26361e-02 2.64342e+04
3.76229e-02 2.24092e+04
4.26066e-02 2.18905e+04
4.75842e-02 1.84226e+04
5.25722e-02 1.56385e+04
5.75659e-02 1.71965e+04
6.25589e-02 1.57243e+04
6.75629e-02 1.48354e+04
7.25605e-02 1.34430e+04
7.75516e-02 1.24863e+04
8.25500e-02 1.08274e+04
8.75455e-02 9.44265e+03
9.25437e-02 8.55233e+03
9.75415e-02 8.02291e+03
1.02534e-01 8.08898e+03
1.07536e-01 6.65794e+03
1.12540e-01 6.86093e+03
1.17537e-01 5.86910e+03
1.22533e-01 6.43754e+03
1.27534e-01 5.44534e+03
1.32530e-01 4.21730e+03
1.37531e-01 4.89365e+03
1.42530e-01 4.16851e+03
1.47526e-01 4.16185e+03
1.52527e-01 3.67028e+03
1.57528e-01 4.06526e+03
1.62527e-01 3.38583e+03
1.67526e-01 3.36884e+03
1.72526e-01 3.05093e+03
1.77526e-01 3.06738e+03
1.82527e-01 2.22382e+03
1.87525e-01 2.20373e+03
1.92520e-01 2.09920e+03
1.97516e-01 1.77535e+03
2.02513e-01 1.76279e+03
2.07516e-01 1.97291e+03
2.12517e-01 1.34185e+03
2.17519e-01 1.61051e+03
2.22521e-01 1.26614e+03
2.27519e-01 1.75562e+03
2.32521e-01 1.36802e+03
2.37520e-01 1.20995e+03
2.42520e-01 7.64328e+02
2.47519e-01 1.08809e+03
2.52516e-01 7.21438e+02
2.57514e-01 9.32430e+02
2.62513e-01 1.05661e+03
2.67513e-01 8.92617e+02
2.72514e-01 1.15833e+03
2.77515e-01 8.82969e+02
2.82516e-01 6.01062e+02
2.87514e-01 8.33922e+02
2.92512e-01 5.60805e+02
2.97514e-01 7.46734e+02
3.02516e-01 2.93945e+02
3.07515e-01 4.68344e+02
3.12512e-01 7.69734e+02
3.17510e-01 5.88898e+02
3.22511e-01 4.74031e+02
3.27512e-01 2.10578e+02
3.32512e-01 3.96195e+02
3.37512e-01 2.52367e+02
3.42513e-01 3.79656e+02
3.47513e-01 3.18672e+02
3.52513e-01 1.83633e+02
3.57513e-01 2.93312e+02
3.62512e-01 1.44078e+02
3.67512e-01 3.07203e+02
3.72512e-01 3.79023e+02
3.77511e-01 9.51484e+01
3.82510e-01 2.67469e+02
3.87510e-01 2.91453e+02
3.92510e-01 1.60430e+02
3.97510e-01 1.11805e+02
3.70544e-03 -7.24536e+04
8.00271e-03 -2.28355e+04
1.28497e-02 3.05153e+03
1.77641e-02 1.44942e+04
2.26842e-02 2.16117e+04
2.76464e-02 2.93975e+04
3.26361e-02 7.84750e+03
3.76229e-02 2.84804e+03
4.26066e-02 6.65315e+03
4.75842e-02 5.24114e+03
5.25722e-02 3.28070e+03
5.75659e-02 6.31344e+03
6.25589e-02 1.03033e+04
6.75629e-02 8.40182e+03
7.25605e-02 -5.53718e+02
7.75516e-02 7.55088e+02
8.25500e-02 4.32858e+03
8.75455e-02 4.15202e+03
9.25437e-02 3.03154e+03
9.75415e-02 2.41139e+03
1.02534e-01 1.75622e+03
1.07536e-01 1.32420e+03
1.12540e-01 1.55587e+03
1.17537e-01 3.19479e+03
1.22533e-01 2.89394e+03
1.27534e-01 -1.78797e+01
1.32530e-01 1.19924e+03
1.37531e-01 1.75108e+03
1.42530e-01 6.29208e+02
1.47526e-01 1.89347e+03
1.52527e-01 3.34375e+02
1.57528e-01 1.56646e+03
1.62527e-01 1.48216e+03
1.67526e-01 2.94477e+03
1.72526e-01 1.22808e+03
1.77526e-01 -6.61324e+02
1.82527e-01 8.71767e+02
1.87525e-01 -6.55080e+01
1.92520e-01 -1.68299e+02
1.97516e-01 -5.02417e+01
2.02513e-01 2.49206e+02
2.07516e-01 -5.41578e+01
2.12517e-01 9.20158e+02
2.17519e-01 1.66183e+02
2.22521e-01 1.56171e+02
2.27519e-01 -1.55197e+03
2.32521e-01 -3.55935e+02
2.37520e-01 -1.10970e+03
2.42520e-01 -9.10406e+02
2.47519e-01 -2.13458e+01
2.52516e-01 -1.43722e+02
2.57514e-01 -2.64538e+02
2.62513e-01 -1.24949e+00
2.67513e-01 1.21358e+02
2.72514e-01 -1.91588e+02
2.77515e-01 1.45757e+02
2.82516e-01 -4.32810e+02
2.87514e-01 -7.31422e+02
2.92512e-01 2.61497e+02
2.97514e-01 -1.27860e+02
3.02516e-01 -1.53076e+02
3.07515e-01 -8.69084e+01
3.12512e-01 3.10876e+02
3.17510e-01 -5.02534e+02
3.22511e-01 -1.97007e+02
3.27512e-01 -1.85907e+02
3.32512e-01 -2.00661e+01
3.37512e-01 -4.98727e+02
3.42513e-01 -4.49846e+02
3.47513e-01 -5.38090e+02
3.52513e-01 -6.75189e+02
3.57513e-01 3.52177e+02
3.62512e-01 -6.85177e+02
3.67512e-01 -8.09012e+02
3.72512e-01 -3.73131e+02
3.77511e-01 -9.84608e+01
3.82510e-01 -3.78536e+02
3.87510e-01 2.33858e+02
3.92510e-01 5.02770e+02
3.97510e-01 -1.26099e+02
