60 2
k power
3.78596e-03 1.53238e+04
8.05565e-03 3.83088e+04
1.28387e-02 4.00499e+04
1.77584e-02 3.87877e+04
2.26862e-02 3.72632e+04
2.76450e-02 3.42068e+04
3.26261e-02 2.93694e+04
3.76152e-02 2.70772e+04
4.26121e-02 2.41509e+04
4.75881e-02 2.24511e+04
5.25764e-02 1.94395e+04
5.75766e-02 1.68872e+04
6.25706e-02 1.58255e+04
6.75643e-02 1.75856e+04
7.25546e-02 1.48195e+04
7.75520e-02 1.34235e+04
8.25499e-02 1.06570e+04
8.75466e-02 9.71943e+03
9.25461e-02 7.21123e+03
9.75410e-02 7.77667e+03
1.02539e-01 8.23372e+03
1.07538e-01 6.94616e+03
1.12539e-01 6.28902e+03
1.17539e-01 6.20762e+03
1.22534e-01 5.68752e+03
1.27532e-01 5.53881e+03
1.32531e-01 4.20976e+03
1.37529e-01 5.07723e+03
1.42529e-01 4.23933e+03
1.47527e-01 3.20402e+03
1.52526e-01 3.31674e+03
1.57526e-01 2.61767e+03
1.62527e-01 3.33114e+03
1.67528e-01 3.08270e+03
1.72524e-01 2.50002e+03
1.77522e-01 2.29017e+03
1.82524e-01 2.57693e+03
1.87522e-01 2.14848e+03
1.92522e-01 2.21189e+03
1.97523e-01 2.17422e+03
2.02522e-01 1.35586e+03
2.07520e-01 1.63742e+03
2.12520e-01 1.80203e+03
2.17519e-01 1.31559e+03
2.22517e-01 1.64762e+03
2.27517e-01 7.31609e+02
2.32517e-01 1.06753e+03
2.37517e-01 1.16552e+03
2.42517e-01 7.80359e+02
2.47517e-01 1.06074e+03
2.52517e-01 5.53438e+02
2.57516e-01 7.13344e+02
2.62515e-01 9.76477e+02
2.67515e-01 1.09514e+03
2.72514e-01 6.94602e+02
2.77515e-01 7.32375e+02
2.82515e-01 6.67992e+02
2.87514e-01 8.50453e+02
2.92514e-01 4.06688e+02
2.97513e-01 3.35570e+02
3.78596e-03 3.16792e+04
8.05565e-03 -2.62331e+04
1.28387e-02 -2.46694e+03
1.77584e-02 2.84006e+03
2.26862e-02 2.48822e+04
2.76450e-02 1.55141e+04
3.26261e-02 1.16104e+04
3.76152e-02 7.42627e+03
4.26121e-02 1.86046e+04
4.75881e-02 1.14900e+04
5.25764e-02 6.14036e+03
5.75766e-02 4.71345e+03
6.25706e-02 8.81509e+03
6.75643e-02 1.00440e+04
7.25546e-02 5.48573e+03
7.75520e-02 3.49776e+03
8.25499e-02 2.13744e+03
8.75466e-02 4.74422e+03
9.25461e-02 4.15851e+03
9.75410e-02 -2.59345e+01
1.02539e-01 5.01566e+02
1.07538e-01 1.52581e+03
1.12539e-01 3.44699e+03
1.17539e-01 2.11431e+01
1.22534e-01 2.40179e+03
1.27532e-01 2.09177e+03
1.32531e-01 4.91258e+01
1.37529e-01 -7.85814e+01
1.42529e-01 1.64055e+03
1.47527e-01 1.16993e+03
1.52526e-01 8.02838e+02
1.57526e-01 6.85151e+02
1.62527e-01 3.32636e+03
1.67528e-01 1.35101e+03
1.72524e-01 1.18022e+03
1.77522e-01 -2.21717e+02
1.82524e-01 -9.89050e+01
1.87522e-01 -9.09330e+02
1.92522e-01 -5.57301e+02
1.97523e-01 3.60470e+02
2.02522e-01 6.94345e+02
2.07520e-01 -4.79372e+02
2.12520e-01 -5.95081e+02
2.17519e-01 -3.84930e+02
2.22517e-01 5.45885e+02
2.27517e-01 4.58245e+02
2.32517e-01 -8.19577e+02
2.37517e-01 -3.31130e+01
2.42517e-01 6.34160e+02
2.47517e-01 1.96827e+03
2.52517e-01 7.39364e+02
2.57516e-01 1.39279e+02
2.62515e-01 1.22194e+02
2.67515e-01 8.00803e+02
2.72514e-01 -1.74105e+02
2.77515e-01 -9.76849e+02
2.82515e-01 -2.67853e+02
2.87514e-01 2.12663e+02
2.92514e-01 5.69323e+02
2.97513e-01 -6.94350e+02
