80 2
k power
3.75378e-03 1.05177e+04
8.05040e-03 3.93771e+04
1.28486e-02 3.39876e+04
1.77516e-02 3.62957e+04
2.26918e-02 2.87102e+04
2.76480e-02 2.59683e+04
3.26126e-02 2.60135e+04
3.76111e-02 2.30094e+04
4.26130e-02 1.82052e+04
4.76051e-02 1.87601e+04
5.25913e-02 1.75240e+04
5.75684e-02 1.76659e+04
6.25625e-02 1.43844e+04
6.75666e-02 1.37348e+04
7.25730e-02 1.20148e+04
7.75647e-02 1.19536e+04
8.25476e-02 1.05376e+04
8.75441e-02 8.96279e+03
9.25437e-02 7.75473e+03
9.75415e-02 7.58137e+03
1.02541e-01 6.78389e+03
1.07542e-01 7.06520e+03
1.12541e-01 6.60052e+03
1.17533e-01 6.07055e+03
1.22524e-01 5.52473e+03
1.27531e-01 5.51822e+03
1.32537e-01 5.49892e+03
1.37532e-01 4.15725e+03
1.42526e-01 4.29958e+03
1.47525e-01 4.48644e+03
1.52527e-01 3.96598e+03
1.57525e-01 3.65760e+03
1.62524e-01 2.63893e+03
1.67524e-01 2.93999e+03
1.72523e-01 2.65297e+03
1.77521e-01 2.37913e+03
1.82521e-01 2.14999e+03
1.87522e-01 2.04227e+03
1.92522e-01 1.67105e+03
1.97522e-01 1.91780e+03
2.02520e-01 1.69697e+03
2.07516e-01 1.43395e+03
2.12515e-01 9.87289e+02
2.17519e-01 1.49830e+03
2.22521e-01 1.30405e+03
2.27520e-01 1.61342e+03
2.32521e-01 1.08092e+03
2.37519e-01 1.40795e+03
2.42517e-01 1.34402e+03
2.47516e-01 9.59773e+02
2.52517e-01 1.22986e+03
2.57519e-01 5.97703e+02
2.62519e-01 7.88688e+02
2.67517e-01 1.14829e+03
2.72515e-01 1.14124e+03
2.77516e-01 8.48461e+02
2.82516e-01 5.67625e+02
2.87515e-01 4.91242e+02
2.92513e-01 6.18867e+02
2.97512e-01 6.75781e+02
3.02513e-01 6.60086e+02
3.07511e-01 7.90234e+02
3.12511e-01 4.00812e+02
3.17513e-01 3.07305e+02
3.22513e-01 3.97625e+02
3.27512e-01 4.07422e+02
3.32509e-01 8.67492e+02
3.37510e-01 9.16188e+02
3.42513e-01 9.89930e+02
3.47514e-01 6.33297e+02
3.52514e-01 2.69586e+02
3.57512e-01 7.26953e+02
3.62512e-01 6.31617e+02
3.67512e-01 3.87625e+02
3.72510e-01 3.24797e+02
3.77511e-01 2.62297e+02
3.82512e-01 1.56523e+02
3.87512e-01 3.32789e+02
3.92510e-01 3.02938e+02
3.97510e-01 2.95031e+02
3.75378e-03 1.00628e+04
8.05040e-03 -7.09364e+03
1.28486e-02 1.59877e+04
1.77516e-02 1.65890e+04
2.26918e-02 2.42187e+04
2.76480e-02 8.52005e+03
3.26126e-02 5.23163e+03
3.76111e-02 7.68790e+03
4.26130e-02 1.49617e+04
4.76051e-02 1.87411e+04
5.25913e-02 2.65380e+03
5.75684e-02 7.93095e+03
6.25625e-02 3.90994e+03
6.75666e-02 8.66420e+03
7.25730e-02 6.88155e+03
7.75647e-02 3.36998e+03
8.25476e-02 6.65314e+03
8.75441e-02 3.82607e+03
9.25437e-02 4.06202e+03
9.75415e-02 3.07392e+03
1.02541e-01 5.21587e+02
1.07542e-01 5.55024e+02
1.12541e-01 -6.28826e+02
1.17533e-01 4.52613e+03
1.22524e-01 2.13010e+03
1.27531e-01 -4.37557e+02
1.32537e-01 1.12341e+03
1.37532e-01 1.77161e+03
1.42526e-01 1.64902e+03
1.47525e-01 1.47495e+03
1.52527e-01 1.45306e+03
1.57525e-01 2.03540e+03
1.62524e-01 7.66628e+02
1.67524e-01 3.28631e+02
1.72523e-01 3.04389e+02
1.77521e-01 2.80642e+02
1.82521e-01 1.07570e+03
1.87522e-01 8.93953e+02
1.92522e-01 7.31631e+02
1.97522e-01 6.46801e+02
2.02520e-01 1.94888e+03
2.07516e-01 1.65237e+03
2.12515e-01 4.88428e+02
2.17519e-01 5.75801e+02
2.22521e-01 1.35763e+03
2.27520e-01 9.26339e+02
2.32521e-01 1.86049e+02
2.37519e-01 6.95124e+02
2.42517e-01 -1.73598e+02
2.47516e-01 -3.99061e+02
2.52517e-01 5.37483e+02
2.57519e-01 -1.05677e+02
2.62519e-01 1.89855e+02
2.67517e-01 4.12889e+02
2.72515e-01 1.21035e+02
2.77516e-01 -2.05896e+01
2.82516e-01 5.69506e+02
2.87515e-01 2.71433e+02
2.92513e-01 5.30673e+02
2.97512e-01 4.42853e+02
3.02513e-01 -4.40717e+02
3.07511e-01 -3.78926e+02
3.12511e-01 -6.01289e+02
3.17513e-01 6.26087e+02
3.22513e-01 1.72006e+02
3.27512e-01 2.82651e+02
3.32509e-01 -2.64720e+00
3.37510e-01 -1.33894e+02
3.42513e-01 1.07712e+02
3.47514e-01 -1.57658e+02
3.52514e-01 -1.61541e+02
3.57512e-01 -5.39405e+02
3.62512e-01 6.97208e+02
3.67512e-01 2.41184e+02
3.72510e-01 -4.15718e+02
3.77511e-01 -7.38077e+02
3.82512e-01 -1.15495e+02
3.87512e-01 -4.27498e+02
3.92510e-01 1.55154e+02
3.97510e-01 5.22288e+02
