60 2
k power
3.78596e-03 2.17188e+01
8.05565e-03 3.11924e+04
1.28387e-02 3.89975e+04
1.77584e-02 3.68531e+04
2.26862e-02 4.09093e+04
2.76450e-02 3.89684e+04
3.26261e-02 3.27472e+04
3.76152e-02 2.05538e+04
4.26121e-02 2.07579e+04
4.75881e-02 1.81083e+04
5.25764e-02 1.97258e+04
5.75766e-02 1.71276e+04
6.25706e-02 1.58174e+04
6.75643e-02 1.61049e+04
7.25546e-02 1.36448e+04
7.75520e-02 1.25055e+04
8.25499e-02 1.19144e+04
8.75466e-02 1.11766e+04
9.25461e-02 8.67379e+03
9.75410e-02 7.96672e+03
1.02539e-01 7.00554e+03
1.07538e-01 6.14534e+03
1.12539e-01 6.21806e+03
1.17539e-01 5.72682e+03
1.22534e-01 6.16598e+03
1.27532e-01 4.60727e+03
1.32531e-01 5.46566e+03
1.37529e-01 4.14538e+03
1.42529e-01 3.61262e+03
1.47527e-01 4.01777e+03
1.52526e-01 4.25911e+03
1.57526e-01 2.88916e+03
1.62527e-01 3.31427e+03
1.67528e-01 3.19726e+03
1.72524e-01 2.64495e+03
1.77522e-01 2.83030e+03
1.82524e-01 2.67237e+03
1.87522e-01 2.25585e+03
1.92522e-01 2.53404e+03
1.97523e-01 1.72789e+03
2.02522e-01 1.87251e+03
2.07520e-01 1.86588e+03
2.12520e-01 2.04402e+03
2.17519e-01 1.16898e+03
2.22517e-01 8.86906e+02
2.27517e-01 1.32441e+03
2.32517e-01 1.23470e+03
2.37517e-01 8.83477e+02
2.42517e-01 7.26852e+02
2.47517e-01 7.02352e+02
2.52517e-01 1.05845e+03
2.57516e-01 6.18484e+02
2.62515e-01 4.97188e+02
2.67515e-01 5.15484e+02
2.72514e-01 5.07023e+02
2.77515e-01 7.11094e+02
2.82515e-01 5.05148e+02
2.87514e-01 5.48469e+02
2.92514e-01 3.84867e+02
2.97513e-01 5.59703e+02
3.78596e-03 -1.79467e+04
8.05565e-03 3.29683e+04
1.28387e-02 2.25683e+04
1.77584e-02 5.36750e+03
2.26862e-02 -4.73794e+03
2.76450e-02 2.05542e+04
3.26261e-02 1.06570e+04
3.76152e-02 7.17420e+03
4.26121e-02 9.24751e+03
4.75881e-02 2.94713e+03
5.25764e-02 9.50623e+03
5.75766e-02 1.28522e+04
6.25706e-02 4.85644e+03
6.75643e-02 6.11199e+03
7.25546e-02 4.37541e+03
7.75520e-02 2.56172e+03
8.25499e-02 7.28635e+03
8.75466e-02 2.19777e+03
9.25461e-02 9.44510e+02
9.75410e-02 2.51509e+03
1.02539e-01 7.59818e+02
1.07538e-01 1.36523e+03
1.12539e-01 1.93794e+03
1.17539e-01 -2.62985e+03
1.22534e-01 -1.15584e+03
1.27532e-01 3.90261e+02
1.32531e-01 3.06714e+02
1.37529e-01 -2.82319e+02
1.42529e-01 2.28941e+03
1.47527e-01 1.42636e+03
1.52526e-01 1.83680e+03
1.57526e-01 -9.10744e+02
1.62527e-01 9.73411e+02
1.67528e-01 3.60896e+02
1.72524e-01 -5.39947e+02
1.77522e-01 -8.78609e+02
1.82524e-01 -1.37824e+03
1.87522e-01 -1.78577e+03
1.92522e-01 -4.21584e+02
1.97523e-01 -3.36788e+02
2.02522e-01 -5.54265e+02
2.07520e-01 -4.41033e+02
2.12520e-01 2.21736e+02
2.17519e-01 -3.07651e+02
2.22517e-01 -1.90343e+02
2.27517e-01 -7.00355e+02
2.32517e-01 -9.47141e+02
2.37517e-01 -8.29988e+02
2.42517e-01 -3.68891e+02
2.47517e-01 -6.49130e+02
2.52517e-01 -5.26434e+02
2.57516e-01 -9.80649e+02
2.62515e-01 5.24738e+02
2.67515e-01 -7.61437e+01
2.72514e-01 -4.51833e+02
2.77515e-01 -9.30119e+02
2.82515e-01 -1.06040e+03
2.87514e-01 -6.24820e+02
2.92514e-01 -2.85618e+02
2.97513e-01 -1.12045e+03
