59 2
k power
8.05040e-03 6.64565e+04
1.28486e-02 4.67174e+04
1.77516e-02 3.41323e+04
2.26918e-02 4.38464e+04
2.76480e-02 3.59340e+04
3.26126e-02 2.97988e+04
3.76111e-02 2.96944e+04
4.26130e-02 2.20936e+04
4.76051e-02 2.04712e+04
5.25913e-02 2.09914e+04
5.75684e-02 1.55324e+04
6.25625e-02 1.80471e+04
6.75666e-02 1.48076e+04
7.25730e-02 1.61997e+04
7.75647e-02 1.50931e+04
8.25476e-02 1.33149e+04
8.75441e-02 8.82341e+03
9.25437e-02 7.66047e+03
9.75415e-02 8.95432e+03
1.02541e-01 8.35573e+03
1.07542e-01 6.85859e+03
1.12541e-01 5.67039e+03
1.17533e-01 5.03949e+03
1.22524e-01 5.99598e+03
1.27531e-01 6.14747e+03
1.32537e-01 6.03620e+03
1.37532e-01 4.16845e+03
1.42526e-01 5.08104e+03
1.47525e-01 4.59969e+03
1.52527e-01 3.51959e+03
1.57525e-01 3.32292e+03
1.62524e-01 3.49457e+03
1.67524e-01 2.87114e+03
1.72523e-01 2.82845e+03
1.77521e-01 2.60972e+03
1.82521e-01 2.43339e+03
1.87522e-01 2.56439e+03
1.92522e-01 2.66549e+03
1.97522e-01 2.73886e+03
2.02520e-01 1.61565e+03
2.07516e-01 1.31586e+03
2.12515e-01 2.10950e+03
2.17519e-01 1.83616e+03
2.22521e-01 1.89312e+03
2.27520e-01 1.71223e+03
2.32521e-01 1.04695e+03
2.37519e-01 1.10277e+03
2.42517e-01 1.45307e+03
2.47516e-01 1.31409e+03
2.52517e-01 9.08570e+02
2.57519e-01 1.06375e+03
2.62519e-01 1.09254e+03
2.67517e-01 9.80297e+02
2.72515e-01 7.79703e+02
2.77516e-01 3.84906e+02
2.82516e-01 6.06125e+02
2.87515e-01 9.24289e+02
2.92513e-01 8.57211e+02
2.97512e-01 1.07216e+03
8.05040e-03 3.96259e+04
1.28486e-02 -1.31897e+04
1.77516e-02 -8.90233e+03
2.26918e-02 2.04883e+04
2.76480e-02 8.45246e+03
3.26126e-02 1.31550e+04
3.76111e-02 1.95315e+04
4.26130e-02 1.51868e+04
4.76051e-02 8.26095e+03
5.25913e-02 4.50875e+03
5.75684e-02 5.25758e+03
6.25625e-02 5.97747e+03
6.75666e-02 1.03105e+04
7.25730e-02 3.18984e+03
7.75647e-02 4.57746e+03
8.25476e-02 5.26703e+03
8.75441e-02 3.88712e+03
9.25437e-02 -2.14894e+03
9.75415e-02 2.55961e+03
1.02541e-01 2.41575e+03
1.07542e-01 2.98362e+03
1.12541e-01 1.54191e+03
1.17533e-01 2.59925e+03
1.22524e-01 1.23263e+03
1.27531e-01 4.95287e+02
1.32537e-01 1.34863e+03
1.37532e-01 1.09457e+03
1.42526e-01 1.47264e+03
1.47525e-01 -4.02263e+02
1.52527e-01 5.98888e+02
1.57525e-01 -1.13795e+02
1.62524e-01 -2.44474e+03
1.67524e-01 2.60720e+03
1.72523e-01 1.75736e+03
1.77521e-01 -2.19964e+01
1.82521e-01 3.52567e+02
1.87522e-01 1.84985e+03
1.92522e-01 5.29143e+02
1.97522e-01 6.55855e+02
2.02520e-01 5.02960e+02
2.07516e-01 -8.38604e+02
2.12515e-01 -9.99506e+02
2.17519e-01 -8.39425e+02
2.22521e-01 -5.07768e+02
2.27520e-01 1.12500e+03
2.32521e-01 -7.73542e+02
2.37519e-01 -1.30868e+03
2.42517e-01 -6.92060e+02
2.47516e-01 3.17803e+02
2.52517e-01 -4.45637e+02
2.57519e-01 -3.45670e+00
2.62519e-01 -2.60525e+01
2.67517e-01 -4.18034e+02
2.72515e-01 3.18902e+02
2.77516e-01 -4.90292e+02
2.82516e-01 4.29405e+02
2.87515e-01 3.09856e+02
2.92513e-01 -3.23766e+02
2.97512e-01 -1.13537e+03
