59 2
k power
8.05040e-03 5.93510e+04
1.28486e-02 4.00737e+04
1.77516e-02 3.79777e+04
2.26918e-02 3.36152e+04
2.76480e-02 3.33697e+04
3.26126e-02 3.23239e+04
3.76111e-02 2.27301e+04
4.26130e-02 2.88321e+04
4.76051e-02 2.63011e+04
5.25913e-02 1.98887e+04
5.75684e-02 1.96387e+04
6.25625e-02 1.66937e+04
6.75666e-02 1.45290e+04
7.25730e-02 1.13923e+04
7.75647e-02 1.04333e+04
8.25476e-02 1.02899e+04
8.75441e-02 1.06379e+04
9.25437e-02 9.65618e+03
9.75415e-02 9.21623e+03
1.02541e-01 7.22256e+03
1.07542e-01 6.01418e+03
1.12541e-01 6.92534e+03
1.17533e-01 5.31645e+03
1.22524e-01 5.25113e+03
1.27531e-01 4.25823e+03
1.32537e-01 4.62656e+03
1.37532e-01 4.34127e+03
1.42526e-01 4.13843e+03
1.47525e-01 4.05060e+03
1.52527e-01 4.18243e+03
1.57525e-01 3.86941e+03
1.62524e-01 3.64389e+03
1.67524e-01 3.46524e+03
1.72523e-01 2.83380e+03
1.77521e-01 2.51809e+03
1.82521e-01 2.62045e+03
1.87522e-01 2.35783e+03
1.92522e-01 2.20998e+03
1.97522e-01 1.72380e+03
2.02520e-01 1.87342e+03
2.07516e-01 1.28781e+03
2.12515e-01 1.49591e+03
2.17519e-01 1.76771e+03
2.22521e-01 1.17762e+03
2.27520e-01 1.08585e+03
2.32521e-01 1.32905e+03
2.37519e-01 1.28291e+03
2.42517e-01 1.23914e+03
2.47516e-01 1.16477e+03
2.52517e-01 1.06928e+03
2.57519e-01 1.07606e+03
2.62519e-01 8.68109e+02
2.67517e-01 5.00812e+02
2.72515e-01 9.27547e+02
2.77516e-01 7.96414e+02
2.82516e-01 9.95555e+02
2.87515e-01 3.50789e+02
2.92513e-01 -1.14359e+02
2.97512e-01 2.96141e+02
8.05040e-03 -1.00718e+04
1.28486e-02 -2.91769e+03
1.77516e-02 1.08011e+04
2.26918e-02 1.27070e+04
2.76480e-02 1.71322e+04
3.26126e-02 2.46425e+04
3.76111e-02 2.08470e+03
4.26130e-02 9.14230e+03
4.76051e-02 1.21251e+04
5.25913e-02 7.96786e+03
5.75684e-02 7.67824e+03
6.25625e-02 2.82919e+03
6.75666e-02 4.63719e+03
7.25730e-02 5.30489e+03
7.75647e-02 2.44107e+03
8.25476e-02 4.68097e+03
8.75441e-02 6.99135e+01
9.25437e-02 2.38894e+03
9.75415e-02 5.98223e+02
1.02541e-01 2.84245e+01
1.07542e-01 3.35694e+03
1.12541e-01 2.87143e+03
1.17533e-01 3.52308e+02
1.22524e-01 5.44608e+02
1.27531e-01 6.00493e+02
1.32537e-01 3.15083e+03
1.37532e-01 2.29609e+03
1.42526e-01 1.10598e+03
1.47525e-01 -6.00606e+02
1.52527e-01 5.58831e+02
1.57525e-01 1.01416e+03
1.62524e-01 9.16335e+02
1.67524e-01 -1.16925e+02
1.72523e-01 1.06419e+03
1.77521e-01 -4.34968e+01
1.82521e-01 7.21995e+02
1.87522e-01 1.63780e+03
1.92522e-01 1.56488e+03
1.97522e-01 -1.57493e+02
2.02520e-01 -1.03509e+03
2.07516e-01 7.47933e+02
2.12515e-01 6.34123e+02
2.17519e-01 -7.66133e+02
2.22521e-01 6.27917e+02
2.27520e-01 6.46424e+01
2.32521e-01 2.38123e+02
2.37519e-01 8.51992e+01
2.42517e-01 -5.82234e+02
2.47516e-01 -1.16805e+03
2.52517e-01 -1.36151e+03
2.57519e-01 7.48818e+02
2.62519e-01 3.94427e+02
2.67517e-01 4.61571e+02
2.72515e-01 5.87784e+02
2.77516e-01 2.42336e+02
2.82516e-01 -5.62883e+02
2.87515e-01 -1.06807e+03
2.92513e-01 -1.48280e+03
2.97512e-01 3.64328e+02
