60 2
k power
3.70814e-03 3.66891e+03
8.01858e-03 2.56905e+04
1.28441e-02 3.13551e+04
1.77514e-02 3.40303e+04
2.26910e-02 3.02765e+04
2.76613e-02 2.87601e+04
3.26316e-02 2.58015e+04
3.76089e-02 2.04892e+04
4.25899e-02 2.01739e+04
4.75838e-02 1.96696e+04
5.25894e-02 1.73039e+04
5.75770e-02 1.71012e+04
6.25679e-02 1.54573e+04
6.75637e-02 1.48067e+04
7.25587e-02 1.37927e+04
7.75534e-02 1.22634e+04
8.25494e-02 1.08097e+04
8.75470e-02 9.22647e+03
9.25421e-02 8.51854e+03
9.75420e-02 7.00525e+03
1.02542e-01 6.89664e+03
1.07541e-01 6.29559e+03
1.12539e-01 7.25994e+03
1.17536e-01 6.78550e+03
1.22536e-01 5.07997e+03
1.27533e-01 5.76530e+03
1.32529e-01 4.71100e+03
1.37528e-01 3.96424e+03
1.42529e-01 3.95277e+03
1.47530e-01 4.46944e+03
1.52529e-01 4.17178e+03
1.57528e-01 3.44979e+03
1.62527e-01 2.91366e+03
1.67527e-01 2.91025e+03
1.72526e-01 2.70514e+03
1.77523e-01 2.06530e+03
1.82522e-01 1.51343e+03
1.87521e-01 1.95855e+03
1.92521e-01 2.35116e+03
1.97520e-01 1.83690e+03
2.02519e-01 1.92934e+03
2.07520e-01 1.91400e+03
2.12519e-01 1.86360e+03
2.17519e-01 1.57753e+03
2.22518e-01 6.29211e+02
2.27517e-01 9.51891e+02
2.32518e-01 1.51072e+03
2.37519e-01 1.56145e+03
2.42519e-01 1.53800e+03
2.47519e-01 1.03984e+03
2.52518e-01 1.23402e+03
2.57516e-01 9.64609e+02
2.62515e-01 6.25852e+02
2.67514e-01 7.78359e+02
2.72514e-01 9.58117e+02
2.77515e-01 4.87328e+02
2.82515e-01 6.77898e+02
2.87515e-01 3.62031e+02
2.92514e-01 9.11906e+02
2.97513e-01 8.78984e+02
3.70814e-03 8.02848e+03
8.01858e-03 9.86094e+03
1.28441e-02 -7.14728e+03
1.77514e-02 -3.10992e+03
2.26910e-02 -2.92604e+03
2.76613e-02 4.56174e+03
3.26316e-02 3.92300e+03
3.76089e-02 8.65270e+03
4.25899e-02 1.15463e+04
4.75838e-02 6.81147e+03
5.25894e-02 9.22906e+03
5.75770e-02 9.97368e+03
6.25679e-02 1.36484e+02
6.75637e-02 3.94784e+03
7.25587e-02 1.50612e+03
7.75534e-02 6.07236e+03
8.25494e-02 5.01252e+03
8.75470e-02 4.71950e+02
9.25421e-02 3.75912e+01
9.75420e-02 7.55262e+02
1.02542e-01 8.72581e+02
1.07541e-01 3.02886e+03
1.12539e-01 3.18427e+03
1.17536e-01 3.31408e+03
1.22536e-01 2.05225e+03
1.27533e-01 1.60114e+03
1.32529e-01 2.43255e+03
1.37528e-01 1.39727e+03
1.42529e-01 7.49636e+02
1.47530e-01 2.52564e+02
1.52529e-01 -5.36474e+02
1.57528e-01 1.20704e+02
1.62527e-01 3.32306e+02
1.67527e-01 -2.33044e+02
1.72526e-01 -1.03436e+03
1.77523e-01 1.78266e+03
1.82522e-01 7.65580e+02
1.87521e-01 -5.31189e+01
1.92521e-01 -5.76953e+02
1.97520e-01 -1.65029e+02
2.02519e-01 -5.68974e+01
2.07520e-01 7.97139e+02
2.12519e-01 6.38772e+02
2.17519e-01 1.36126e+03
2.22518e-01 -5.73829e+02
2.27517e-01 -1.00800e+03
2.32518e-01 5.66713e+02
2.37519e-01 5.10196e+02
2.42519e-01 6.87694e+02
2.47519e-01 1.68609e+01
2.52518e-01 -4.39147e+02
2.57516e-01 1.19178e+03
2.62515e-01 7.25256e+02
2.67514e-01 -8.83803e+02
2.72514e-01 -5.85049e+02
2.77515e-01 -1.15444e+02
2.82515e-01 1.19387e+02
2.87515e-01 -2.75298e+02
2.92514e-01 8.79825e+01
2.97513e-01 1.88183e+02
