80 2
k power
3.70544e-03 2.01882e+03
8.00271e-03 2.53475e+04
1.28497e-02 3.17331e+04
1.77641e-02 4.04438e+04
2.26842e-02 3.17169e+04
2.76464e-02 2.35354e+04
3.26361e-02 2.39052e+04
3.76229e-02 2.40058e+04
4.26066e-02 2.68716e+04
4.75842e-02 2.16947e+04
5.25722e-02 1.88638e+04
5.75659e-02 1.52933e+04
6.25589e-02 1.51226e+04
6.75629e-02 1.37992e+04
7.25605e-02 1.28282e+04
7.75516e-02 1.27305e+04
8.25500e-02 1.14125e+04
8.75455e-02 1.06091e+04
9.25437e-02 7.80087e+03
9.75415e-02 7.50018e+03
1.02534e-01 6.66328e+03
1.07536e-01 6.27370e+03
1.12540e-01 5.58832e+03
1.17537e-01 5.48680e+03
1.22533e-01 4.87877e+03
1.27534e-01 5.04041e+03
1.32530e-01 4.41312e+03
1.37531e-01 4.22326e+03
1.42530e-01 4.67100e+03
1.47526e-01 4.15246e+03
1.52527e-01 3.92709e+03
1.57528e-01 2.34099e+03
1.62527e-01 2.21277e+03
1.67526e-01 2.79130e+03
1.72526e-01 2.70269e+03
1.77526e-01 2.91077e+03
1.82527e-01 2.00248e+03
1.87525e-01 2.54785e+03
1.92520e-01 2.29249e+03
1.97516e-01 1.90704e+03
2.02513e-01 1.79251e+03
2.07516e-01 2.10263e+03
2.12517e-01 1.31302e+03
2.17519e-01 1.51170e+03
2.22521e-01 1.33893e+03
2.27519e-01 1.41145e+03
2.32521e-01 9.94148e+02
2.37520e-01 1.60933e+03
2.42520e-01 8.41492e+02
2.47519e-01 6.78414e+02
2.52516e-01 8.01172e+02
2.57514e-01 1.32795e+03
2.62513e-01 1.32141e+03
2.67513e-01 1.03630e+03
2.72514e-01 1.19265e+03
2.77515e-01 1.14680e+03
2.82516e-01 4.49758e+02
2.87514e-01 7.52812e+02
2.92512e-01 8.25836e+02
2.97514e-01 4.04406e+02
3.02516e-01 5.20227e+02
3.07515e-01 6.67219e+02
3.12512e-01 3.67203e+02
3.17510e-01 1.18648e+02
3.22511e-01 5.00141e+02
3.27512e-01 2.89617e+02
3.32512e-01 5.07898e+02
3.37512e-01 2.50812e+02
3.42513e-01 4.74742e+02
3.47513e-01 5.21000e+02
3.52513e-01 2.73438e+02
3.57513e-01 3.08703e+02
3.62512e-01 3.02961e+02
3.67512e-01 1.13859e+02
3.72512e-01 3.43711e+02
3.77511e-01 2.14016e+02
3.82510e-01 2.51617e+02
3.87510e-01 3.08117e+02
3.92510e-01 3.09820e+02
3.97510e-01 4.34203e+02
3.70544e-03 5.34192e+02
8.00271e-03 2.24254e+04
1.28497e-02 1.19006e+04
1.77641e-02 3.96109e+04
2.26842e-02 2.89109e+04
2.76464e-02 3.03879e+04
3.26361e-02 1.50730e+04
3.76229e-02 8.40939e+03
4.26066e-02 9.64650e+03
4.75842e-02 6.70831e+03
5.25722e-02 4.38615e+03
5.75659e-02 6.56981e+03
6.25589e-02 7.47042e+03
6.75629e-02 5.22690e+03
7.25605e-02 3.99894e+03
7.75516e-02 -1.60576e+03
8.25500e-02 8.95095e+03
8.75455e-02 3.61461e+03
9.25437e-02 2.91555e+03
9.75415e-02 -1.19663e+03
1.02534e-01 5.34841e+02
1.07536e-01 3.05952e+03
1.12540e-01 3.19384e+03
1.17537e-01 6.09244e+02
1.22533e-01 5.87619e+02
1.27534e-01 -1.00134e+02
1.32530e-01 4.75117e+01
1.37531e-01 -4.68862e+02
1.42530e-01 -8.08419e+02
1.47526e-01 4.24728e+02
1.52527e-01 4.40920e+02
1.57528e-01 -2.00586e+03
1.62527e-01 -8.27930e+02
1.67526e-01 -1.40489e+03
1.72526e-01 -1.15868e+03
1.77526e-01 -5.92688e+02
1.82527e-01 -5.15300e+02
1.87525e-01 7.96169e+01
1.92520e-01 -5.77476e+02
1.97516e-01 -5.20392e+02
2.02513e-01 -7.76931e+02
2.07516e-01 3.98834e+01
2.12517e-01 1.37378e+03
2.17519e-01 -9.97477e+01
2.22521e-01 -9.50939e+02
2.27519e-01 -2.94484e+01
2.32521e-01 -6.39364e+02
2.37520e-01 6.62711e+02
2.42520e-01 -6.48902e+02
2.47519e-01 -6.40891e+02
2.52516e-01 -7.62232e+02
2.57514e-01 -4.25593e+02
2.62513e-01 -2.60969e+02
2.67513e-01 -1.24840e+03
2.72514e-01 -6.43610e+02
2.77515e-01 -4.18049e+02
2.82516e-01 -2.44786e+02
2.87514e-01 6.49193e+02
2.92512e-01 -1.30789e+02
2.97514e-01 3.14636e+02
3.02516e-01 -1.21476e+02
3.07515e-01 -1.30283e+03
3.12512e-01 -6.62310e+02
3.17510e-01 -8.79203e+02
3.22511e-01 -4.96919e+02
3.27512e-01 3.15993e+02
3.32512e-01 1.26217e+02
3.37512e-01 -1.76116e+02
3.42513e-01 -6.72064e+02
3.47513e-01 -8.99132e+02
3.52513e-01 -4.12159e+01
3.57513e-01 -5.00783e+02
3.62512e-01 -6.30256e+01
3.67512e-01 -8.52422e+02
3.72512e-01 -1.08974e+03
3.77511e-01 2.49600e+02
3.82510e-01 -3.77500e+02
3.87510e-01 -4.46249e+02
3.92510e-01 5.30149e+02
3.97510e-01 4.13812e+02
