59 2
k power
8.05565e-03 3.55735e+04
1.28387e-02 4.18672e+04
1.77584e-02 3.80196e+04
2.26862e-02 3.87170e+04
2.76450e-02 3.22846e+04
3.26261e-02 2.86712e+04
3.76152e-02 2.63868e+04
4.26121e-02 2.15560e+04
4.75881e-02 1.92525e+04
5.25764e-02 1.79459e+04
5.75766e-02 1.84818e+04
6.25706e-02 1.67496e+04
6.75643e-02 1.55985e+04
7.25546e-02 1.29786e+04
7.75520e-02 1.30684e+04
8.25499e-02 1.10088e+04
8.75466e-02 1.07336e+04
9.25461e-02 8.23052e+03
9.75410e-02 9.03830e+03
1.02539e-01 7.44298e+03
1.07538e-01 9.15338e+03
1.12539e-01 6.85414e+03
1.17539e-01 6.11990e+03
1.22534e-01 5.99168e+03
1.27532e-01 6.08287e+03
1.32531e-01 5.08620e+03
1.37529e-01 5.22252e+03
1.42529e-01 3.94416e+03
1.47527e-01 3.65362e+03
1.52526e-01 3.82085e+03
1.57526e-01 3.60802e+03
1.62527e-01 2.93400e+03
1.67528e-01 2.26848e+03
1.72524e-01 2.46226e+03
1.77522e-01 2.56188e+03
1.82524e-01 1.75228e+03
1.87522e-01 2.03364e+03
1.92522e-01 2.07497e+03
1.97523e-01 1.72571e+03
2.02522e-01 1.74544e+03
2.07520e-01 1.37245e+03
2.12520e-01 1.74044e+03
2.17519e-01 1.57420e+03
2.22517e-01 1.44231e+03
2.27517e-01 1.27030e+03
2.32517e-01 1.03302e+03
2.37517e-01 1.02318e+03
2.42517e-01 5.40852e+02
2.47517e-01 7.71922e+02
2.52517e-01 5.67453e+02
2.57516e-01 9.44703e+02
2.62515e-01 1.42394e+03
2.67515e-01 1.22202e+03
2.72514e-01 5.45938e+02
2.77515e-01 1.14805e+03
2.82515e-01 8.08945e+02
2.87514e-01 5.38477e+02
2.92514e-01 6.27242e+02
2.97513e-01 7.04125e+02
8.05565e-03 -4.90752e+03
1.28387e-02 7.24921e+03
1.77584e-02 1.00658e+04
2.26862e-02 8.10466e+03
2.76450e-02 1.11405e+04
3.26261e-02 3.89980e+03
3.76152e-02 4.31662e+03
4.26121e-02 1.25363e+02
4.75881e-02 3.00870e+03
5.25764e-02 7.20382e+03
5.75766e-02 8.96340e+03
6.25706e-02 8.06799e+03
6.75643e-02 7.43090e+03
7.25546e-02 7.96563e+03
7.75520e-02 5.51983e+03
8.25499e-02 -8.26681e+02
8.75466e-02 2.08859e+03
9.25461e-02 1.74113e+03
9.75410e-02 2.40068e+03
1.02539e-01 2.08754e+03
1.07538e-01 1.33549e+03
1.12539e-01 8.18850e+01
1.17539e-01 1.53299e+03
1.22534e-01 1.45387e+03
1.27532e-01 -1.90820e+02
1.32531e-01 5.37385e+02
1.37529e-01 3.84640e+03
1.42529e-01 7.18420e+02
1.47527e-01 -4.34141e+02
1.52526e-01 -1.09748e+03
1.57526e-01 -1.66975e+03
1.62527e-01 3.50186e+02
1.67528e-01 1.76626e+03
1.72524e-01 1.91912e+02
1.77522e-01 -8.38492e+01
1.82524e-01 -2.97486e+02
1.87522e-01 2.53552e+02
1.92522e-01 -1.66043e+03
1.97523e-01 -4.39169e+02
2.02522e-01 -6.70702e+02
2.07520e-01 -5.73014e+02
2.12520e-01 1.32368e+03
2.17519e-01 1.60193e+02
2.22517e-01 5.38187e+02
2.27517e-01 3.30284e+02
2.32517e-01 -1.08857e+02
2.37517e-01 -2.11222e+02
2.42517e-01 -2.77625e+02
2.47517e-01 -5.26000e+02
2.52517e-01 -2.74971e+02
2.57516e-01 -1.40335e+02
2.62515e-01 1.78081e+02
2.67515e-01 -1.21063e+03
2.72514e-01 -4.50526e+02
2.77515e-01 -1.36825e+01
2.82515e-01 -4.42596e+02
2.87514e-01 8.29352e+02
2.92514e-01 -4.85644e+01
2.97513e-01 -3.19313e+02
