80 2
k power
3.70544e-03 3.36192e+04
8.00271e-03 4.01120e+04
1.28497e-02 5.09493e+04
1.77641e-02 3.89728e+04
2.26842e-02 3.59370e+04
2.76464e-02 3.63899e+04
3.26361e-02 2.98766e+04
3.76229e-02 2.62768e+04
4.26066e-02 2.18520e+04
4.75842e-02 1.95051e+04
5.25722e-02 1.82177e+04
5.75659e-02 1.67979e+04
6.25589e-02 1.75804e+04
6.75629e-02 1.53786e+04
7.25605e-02 1.36454e+04
7.75516e-02 1.34639e+04
8.25500e-02 1.26507e+04
8.75455e-02 8.23711e+03
9.25437e-02 7.70189e+03
9.75415e-02 7.12828e+03
1.02534e-01 5.90188e+03
1.07536e-01 6.15777e+03
1.12540e-01 5.77264e+03
1.17537e-01 5.16410e+03
1.22533e-01 4.30308e+03
1.27534e-01 4.67987e+03
1.32530e-01 4.62039e+03
1.37531e-01 4.84666e+03
1.42530e-01 3.54246e+03
1.47526e-01 4.16009e+03
1.52527e-01 3.89146e+03
1.57528e-01 3.59100e+03
1.62527e-01 2.06697e+03
1.67526e-01 1.77497e+03
1.72526e-01 2.13162e+03
1.77526e-01 2.53326e+03
1.82527e-01 1.55461e+03
1.87525e-01 2.14338e+03
1.92520e-01 1.55184e+03
1.97516e-01 1.86489e+03
2.02513e-01 1.95800e+03
2.07516e-01 2.06419e+03
2.12517e-01 1.09548e+03
2.17519e-01 1.39402e+03
2.22521e-01 1.20554e+03
2.27519e-01 1.61048e+03
2.32521e-01 1.45753e+03
2.37520e-01 1.21929e+03
2.42520e-01 1.13331e+03
2.47519e-01 7.71898e+02
2.52516e-01 8.23664e+02
2.57514e-01 1.00692e+03
2.62513e-01 1.15198e+03
2.67513e-01 1.23668e+03
2.72514e-01 7.44945e+02
2.77515e-01 6.70539e+02
2.82516e-01 7.93109e+02
2.87514e-01 4.93227e+02
2.92512e-01 8.67195e+02
2.97514e-01 4.80875e+02
3.02516e-01 2.94164e+02
3.07515e-01 5.24977e+02
3.12512e-01 8.42633e+02
3.17510e-01 7.71398e+02
3.22511e-01 9.68398e+02
3.27512e-01 3.20305e+02
3.32512e-01 5.95891e+02
3.37512e-01 6.45023e+02
3.42513e-01 3.57398e+02
3.47513e-01 2.74805e+02
3.52513e-01 4.92141e+02
3.57513e-01 4.34953e+02
3.62512e-01 -2.06484e+01
3.67512e-01 4.77727e+02
3.72512e-01 5.82797e+02
3.77511e-01 3.43789e+02
3.82510e-01 5.58352e+02
3.87510e-01 4.31609e+02
3.92510e-01 2.11227e+02
3.97510e-01 3.18828e+01
3.70544e-03 -1.26944e+04
8.00271e-03 2.09303e+04
1.28497e-02 4.94185e+04
1.77641e-02 4.47085e+04
2.26842e-02 2.54513e+04
2.76464e-02 2.72231e+03
3.26361e-02 1.20828e+04
3.76229e-02 9.95885e+03
4.26066e-02 4.31006e+03
4.75842e-02 6.29764e+03
5.25722e-02 7.60771e+03
5.75659e-02 3.21052e+03
6.25589e-02 1.09189e+04
6.75629e-02 5.59403e+03
7.25605e-02 5.12382e+03
7.75516e-02 4.17693e+03
8.25500e-02 7.77344e+03
8.75455e-02 6.30970e+02
9.25437e-02 -1.31312e+03
9.75415e-02 4.36636e+03
1.02534e-01 9.03307e+02
1.07536e-01 7.62589e+02
1.12540e-01 1.48941e+03
1.17537e-01 1.13031e+03
1.22533e-01 1.39792e+02
1.27534e-01 -1.57669e+02
1.32530e-01 -1.54102e+03
1.37531e-01 -4.85805e+01
1.42530e-01 6.95842e+02
1.47526e-01 -4.25572e+02
1.52527e-01 1.28559e+03
1.57528e-01 1.11776e+03
1.62527e-01 1.52186e+03
1.67526e-01 -4.29727e+02
1.72526e-01 4.76513e+02
1.77526e-01 5.68644e+01
1.82527e-01 -1.82349e+00
1.87525e-01 -1.98263e+02
1.92520e-01 -1.40651e+03
1.97516e-01 -3.09688e+02
2.02513e-01 -9.52781e+02
2.07516e-01 -2.17124e+03
2.12517e-01 -6.44579e+02
2.17519e-01 -3.59135e+02
2.22521e-01 -1.38566e+03
2.27519e-01 -1.39510e+03
2.32521e-01 -8.23064e+02
2.37520e-01 -8.63234e+01
2.42520e-01 -1.28209e+03
2.47519e-01 -6.57193e+02
2.52516e-01 -8.00638e+02
2.57514e-01 -8.65108e+02
2.62513e-01 1.25814e+02
2.67513e-01 8.92438e+01
2.72514e-01 7.60836e+02
2.77515e-01 1.05768e+01
2.82516e-01 -2.17910e+02
2.87514e-01 -5.02836e+02
2.92512e-01 -1.20574e+02
2.97514e-01 -6.29593e+02
3.02516e-01 -1.89922e+02
3.07515e-01 -7.12986e+02
3.12512e-01 -7.01542e+02
3.17510e-01 -3.75102e+02
3.22511e-01 -4.27660e+02
3.27512e-01 1.57790e+02
3.32512e-01 4.93250e+02
3.37512e-01 8.29147e+02
3.42513e-01 5.56169e+01
3.47513e-01 -7.05453e+02
3.52513e-01 -2.96224e+02
3.57513e-01 1.15738e+02
3.62512e-01 -2.71670e+02
3.67512e-01 -4.01560e+02
3.72512e-01 3.71067e+02
3.77511e-01 1.31767e+00
3.82510e-01 -7.95878e+02
3.87510e-01 -3.11708e+02
3.92510e-01 -3.31648e+02
3.97510e-01 -2.77289e+02
