60 2
k power
3.78596e-03 1.24610e+04
8.05565e-03 4.45355e+04
1.28387e-02 3.33558e+04
1.77584e-02 3.40756e+04
2.26862e-02 3.66900e+04
2.76450e-02 3.36454e+04
3.26261e-02 2.79465e+04
3.76152e-02 2.47770e+04
4.26121e-02 2.25858e+04
4.75881e-02 1.76728e+04
5.25764e-02 1.69310e+04
5.75766e-02 1.62718e+04
6.25706e-02 1.58274e+04
6.75643e-02 1.45567e+04
7.25546e-02 1.26749e+04
7.75520e-02 1.22324e+04
8.25499e-02 1.00783e+04
8.75466e-02 8.87113e+03
9.25461e-02 8.25765e+03
9.75410e-02 8.99159e+03
1.02539e-01 6.10382e+03
1.07538e-01 7.42306e+03
1.12539e-01 6.10182e+03
1.17539e-01 5.26706e+03
1.22534e-01 5.48201e+03
1.27532e-01 5.43648e+03
1.32531e-01 5.53015e+03
1.37529e-01 3.98585e+03
1.42529e-01 4.26152e+03
1.47527e-01 3.25338e+03
1.52526e-01 3.56119e+03
1.57526e-01 3.42614e+03
1.62527e-01 2.87234e+03
1.67528e-01 2.74762e+03
1.72524e-01 3.02633e+03
1.77522e-01 2.89671e+03
1.82524e-01 2.52963e+03
1.87522e-01 2.59264e+03
1.92522e-01 2.00171e+03
1.97523e-01 1.94574e+03
2.02522e-01 1.70653e+03
2.07520e-01 1.88127e+03
2.12520e-01 1.57720e+03
2.17519e-01 1.50873e+03
2.22517e-01 1.40902e+03
2.27517e-01 1.78441e+03
2.32517e-01 1.44777e+03
2.37517e-01 5.21633e+02
2.42517e-01 1.35105e+03
2.47517e-01 7.10250e+02
2.52517e-01 1.16853e+03
2.57516e-01 8.70688e+02
2.62515e-01 1.00180e+03
2.67515e-01 9.19109e+02
2.72514e-01 7.67453e+02
2.77515e-01 5.41742e+02
2.82515e-01 8.58234e+02
2.87514e-01 7.53312e+02
2.92514e-01 6.50211e+02
2.97513e-01 3.38695e+02
3.78596e-03 2.56273e+04
8.05565e-03 1.32658e+04
1.28387e-02 1.57291e+04
1.77584e-02 2.06619e+04
2.26862e-02 2.40828e+04
2.76450e-02 2.20510e+04
3.26261e-02 1.13738e+04
3.76152e-02 1.04058e+04
4.26121e-02 4.45226e+03
4.75881e-02 2.21672e+03
5.25764e-02 1.01094e+04
5.75766e-02 9.88886e+03
6.25706e-02 1.07444e+04
6.75643e-02 4.82767e+03
7.25546e-02 6.47747e+03
7.75520e-02 4.96080e+03
8.25499e-02 2.28192e+03
8.75466e-02 2.09399e+03
9.25461e-02 2.34589e+03
9.75410e-02 1.22832e+03
1.02539e-01 2.65669e+03
1.07538e-01 1.53779e+03
1.12539e-01 7.08453e+02
1.17539e-01 1.53856e+03
1.22534e-01 1.45350e+03
1.27532e-01 1.72075e+02
1.32531e-01 2.49778e+03
1.37529e-01 1.42740e+03
1.42529e-01 1.35101e+03
1.47527e-01 -7.37117e+01
1.52526e-01 2.06370e+03
1.57526e-01 9.31121e+02
1.62527e-01 1.30981e+03
1.67528e-01 -5.14384e+02
1.72524e-01 -1.12311e+02
1.77522e-01 -1.85047e+02
1.82524e-01 1.03711e+03
1.87522e-01 6.12234e+02
1.92522e-01 7.12234e+02
1.97523e-01 -4.97125e+02
2.02522e-01 -1.36096e+02
2.07520e-01 9.59139e+01
2.12520e-01 -1.15463e+02
2.17519e-01 4.90534e+02
2.22517e-01 -3.76773e+02
2.27517e-01 6.66597e+02
2.32517e-01 9.28912e+02
2.37517e-01 2.47211e+02
2.42517e-01 -2.17449e+02
2.47517e-01 2.31334e+02
2.52517e-01 1.50036e+02
2.57516e-01 -1.44126e+02
2.62515e-01 -6.97218e+00
2.67515e-01 3.64736e+02
2.72514e-01 3.71595e+01
2.77515e-01 -7.14323e+01
2.82515e-01 -2.48590e+02
2.87514e-01 7.86157e+02
2.92514e-01 -4.41936e+02
2.97513e-01 -7.05990e+02
