60 2
k power
3.75378e-03 3.34874e+04
8.05040e-03 4.72562e+04
1.28486e-02 4.47832e+04
1.77516e-02 3.87681e+04
2.26918e-02 4.46730e+04
2.76480e-02 3.19491e+04
3.26126e-02 2.85001e+04
3.76111e-02 2.36067e+04
4.26130e-02 2.16609e+04
4.76051e-02 2.20658e+04
5.25913e-02 1.86110e+04
5.75684e-02 1.72679e+04
6.25625e-02 1.56016e+04
6.75666e-02 1.31315e+04
7.25730e-02 1.34712e+04
7.75647e-02 1.15991e+04
8.25476e-02 1.20263e+04
8.75441e-02 9.89423e+03
9.25437e-02 9.09189e+03
9.75415e-02 7.77914e+03
1.02541e-01 7.40130e+03
1.07542e-01 7.34080e+03
1.12541e-01 7.13058e+03
1.17533e-01 6.87139e+03
1.22524e-01 5.14839e+03
1.27531e-01 4.61721e+03
1.32537e-01 4.98540e+03
1.37532e-01 4.90409e+03
1.42526e-01 5.03833e+03
1.47525e-01 3.53651e+03
1.52527e-01 4.15071e+03
1.57525e-01 3.80589e+03
1.62524e-01 2.79168e+03
1.67524e-01 2.24075e+03
1.72523e-01 3.28641e+03
1.77521e-01 2.18259e+03
1.82521e-01 1.86691e+03
1.87522e-01 1.56370e+03
1.92522e-01 2.47888e+03
1.97522e-01 2.33520e+03
2.02520e-01 2.06142e+03
2.07516e-01 2.23292e+03
2.12515e-01 1.64307e+03
2.17519e-01 1.61900e+03
2.22521e-01 1.83140e+03
2.27520e-01 1.26795e+03
2.32521e-01 1.28822e+03
2.37519e-01 1.13665e+03
2.42517e-01 1.51353e+03
2.47516e-01 1.15566e+03
2.52517e-01 6.79945e+02
2.57519e-01 1.36712e+03
2.62519e-01 1.02138e+03
2.67517e-01 9.22445e+02
2.72515e-01 1.03066e+03
2.77516e-01 7.86219e+02
2.82516e-01 5.47359e+02
2.87515e-01 1.08070e+03
2.92513e-01 6.03398e+02
2.97512e-01 8.57430e+02
3.75378e-03 -6.14533e+04
8.05040e-03 1.04919e+04
1.28486e-02 1.86495e+04
1.77516e-02 9.28039e+02
2.26918e-02 9.84929e+03
2.76480e-02 1.19270e+04
3.26126e-02 8.25745e+03
3.76111e-02 7.96353e+03
4.26130e-02 1.29360e+04
4.76051e-02 1.59119e+04
5.25913e-02 1.43188e+04
5.75684e-02 2.84580e+03
6.25625e-02 2.58525e+02
6.75666e-02 2.09885e+03
7.25730e-02 6.24462e+03
7.75647e-02 7.19056e+03
8.25476e-02 3.09910e+03
8.75441e-02 3.35773e+03
9.25437e-02 6.23096e+03
9.75415e-02 1.19830e+03
1.02541e-01 1.43191e+03
1.07542e-01 4.03844e+03
1.12541e-01 5.49492e+03
1.17533e-01 2.22745e+03
1.22524e-01 1.16971e+03
1.27531e-01 8.38683e+02
1.32537e-01 1.02204e+03
1.37532e-01 5.27586e+02
1.42526e-01 3.84177e+03
1.47525e-01 3.71463e+03
1.52527e-01 3.41626e+03
1.57525e-01 2.26973e+03
1.62524e-01 1.54179e+03
1.67524e-01 1.49261e+03
1.72523e-01 1.79532e+03
1.77521e-01 6.78783e+02
1.82521e-01 4.23740e+02
1.87522e-01 1.18124e+03
1.92522e-01 4.96057e+02
1.97522e-01 -1.49876e+03
2.02520e-01 2.32722e+02
2.07516e-01 -4.65420e+02
2.12515e-01 4.05498e+02
2.17519e-01 3.43645e+02
2.22521e-01 4.83082e+02
2.27520e-01 -8.79455e+02
2.32521e-01 -1.38222e+03
2.37519e-01 -7.93386e+02
2.42517e-01 -1.86262e+03
2.47516e-01 -3.07956e+02
2.52517e-01 -4.77523e+01
2.57519e-01 -6.39424e+02
2.62519e-01 -7.45125e+02
2.67517e-01 -2.46022e+02
2.72515e-01 -1.98115e+02
2.77516e-01 -6.49658e+02
2.82516e-01 -2.53143e+02
2.87515e-01 2.51670e+02
2.92513e-01 2.85460e+02
2.97512e-01 -3.97147e+02
