59 2
k power
8.00271e-03 7.00403e+04
1.28497e-02 3.76978e+04
1.77641e-02 3.84846e+04
2.26842e-02 3.26974e+04
2.76464e-02 3.50951e+04
3.26361e-02 2.89907e+04
3.76229e-02 2.70359e+04
4.26066e-02 2.31034e+04
4.75842e-02 2.11457e+04
5.25722e-02 1.75720e+04
5.75659e-02 1.59347e+04
6.25589e-02 1.43671e+04
6.75629e-02 1.63310e+04
7.25605e-02 1.42358e+04
7.75516e-02 1.33362e+04
8.25500e-02 1.21185e+04
8.75455e-02 1.13579e+04
9.25437e-02 9.03162e+03
9.75415e-02 8.47903e+03
1.02534e-01 6.61774e+03
1.07536e-01 6.19103e+03
1.12540e-01 6.30895e+03
1.17537e-01 6.30664e+03
1.22533e-01 4.91293e+03
1.27534e-01 5.31065e+03
1.32530e-01 5.16999e+03
1.37531e-01 4.33366e+03
1.42530e-01 5.02362e+03
1.47526e-01 3.78318e+03
1.52527e-01 3.38264e+03
1.57528e-01 3.49751e+03
1.62527e-01 3.81448e+03
1.67526e-01 3.35881e+03
1.72526e-01 2.59899e+03
1.77526e-01 2.64970e+03
1.82527e-01 2.24596e+03
1.87525e-01 1.88150e+03
1.92520e-01 1.82013e+03
1.97516e-01 1.85966e+03
2.02513e-01 1.80697e+03
2.07516e-01 1.88153e+03
2.12517e-01 1.62464e+03
2.17519e-01 1.51227e+03
2.22521e-01 1.27985e+03
2.27519e-01 1.28453e+03
2.32521e-01 1.27565e+03
2.37520e-01 1.29495e+03
2.42520e-01 1.01545e+03
2.47519e-01 9.09781e+02
2.52516e-01 7.78695e+02
2.57514e-01 8.24070e+02
2.62513e-01 9.67391e+02
2.67513e-01 7.20758e+02
2.72514e-01 1.80438e+02
2.77515e-01 9.58281e+02
2.82516e-01 7.52484e+02
2.87514e-01 7.80641e+02
2.92512e-01 7.09844e+02
2.97514e-01 8.66109e+02
8.00271e-03 1.46622e+04
1.28497e-02 1.49901e+04
1.77641e-02 7.25883e+03
2.26842e-02 1.82119e+04
2.76464e-02 4.78132e+03
3.26361e-02 3.65899e+03
3.76229e-02 9.24429e+03
4.26066e-02 4.04377e+03
4.75842e-02 7.03041e+03
5.25722e-02 9.25910e+03
5.75659e-02 7.64189e+03
6.25589e-02 7.27672e+03
6.75629e-02 3.06762e+03
7.25605e-02 5.26462e+03
7.75516e-02 3.20698e+03
8.25500e-02 4.25767e+03
8.75455e-02 2.08572e+03
9.25437e-02 -6.86285e+02
9.75415e-02 7.35414e+02
1.02534e-01 6.49508e+03
1.07536e-01 1.65328e+03
1.12540e-01 2.27759e+03
1.17537e-01 1.30266e+03
1.22533e-01 8.74851e+02
1.27534e-01 1.00862e+03
1.32530e-01 1.92513e+03
1.37531e-01 1.85693e+03
1.42530e-01 2.37626e+03
1.47526e-01 1.40811e+03
1.52527e-01 2.73651e+01
1.57528e-01 1.18900e+03
1.62527e-01 1.18467e+03
1.67526e-01 -2.05666e+02
1.72526e-01 1.45769e+02
1.77526e-01 2.88080e+02
1.82527e-01 2.27746e+02
1.87525e-01 -1.85979e+02
1.92520e-01 2.09933e+02
1.97516e-01 1.27065e+02
2.02513e-01 -2.75574e+02
2.07516e-01 -1.53482e+03
2.12517e-01 2.24630e+02
2.17519e-01 -2.37066e+02
2.22521e-01 4.99678e+02
2.27519e-01 1.13992e+02
2.32521e-01 -3.92927e+02
2.37520e-01 3.88858e+02
2.42520e-01 6.99085e+01
2.47519e-01 2.51644e+02
2.52516e-01 3.03905e+02
2.57514e-01 4.98682e+01
2.62513e-01 -2.94026e+02
2.67513e-01 6.25044e+01
2.72514e-01 -3.35964e+02
2.77515e-01 4.43935e+02
2.82516e-01 -1.53389e+02
2.87514e-01 1.29991e+02
2.92512e-01 4.60972e+01
2.97514e-01 8.51883e+01
