80 2
k power
3.70544e-03 2.63137e+04
8.00271e-03 4.02196e+04
1.28497e-02 3.95661e+04
1.77641e-02 4.12865e+04
2.26842e-02 3.86603e+04
2.76464e-02 3.20285e+04
3.26361e-02 3.55282e+04
3.76229e-02 2.66053e+04
4.26066e-02 2.14154e+04
4.75842e-02 2.02881e+04
5.25722e-02 1.71380e+04
5.75659e-02 1.56084e+04
6.25589e-02 1.39464e+04
6.75629e-02 1.43259e+04
7.25605e-02 1.39198e+04
7.75516e-02 1.28072e+04
8.25500e-02 1.17099e+04
8.75455e-02 8.92225e+03
9.25437e-02 9.04710e+03
9.75415e-02 8.04344e+03
1.02534e-01 8.43818e+03
1.07536e-01 6.44336e+03
1.12540e-01 6.47612e+03
1.17537e-01 6.09261e+03
1.22533e-01 5.17063e+03
1.27534e-01 4.67773e+03
1.32530e-01 5.14298e+03
1.37531e-01 4.03955e+03
1.42530e-01 5.01510e+03
1.47526e-01 4.64566e+03
1.52527e-01 3.67550e+03
1.57528e-01 3.46408e+03
1.62527e-01 3.34403e+03
1.67526e-01 3.57491e+03
1.72526e-01 2.35588e+03
1.77526e-01 2.57446e+03
1.82527e-01 2.41923e+03
1.87525e-01 2.25630e+03
1.92520e-01 2.48381e+03
1.97516e-01 1.59949e+03
2.02513e-01 1.60138e+03
2.07516e-01 1.55654e+03
2.12517e-01 1.52940e+03
2.17519e-01 1.30980e+03
2.22521e-01 1.41638e+03
2.27519e-01 1.36630e+03
2.32521e-01 7.88539e+02
2.37520e-01 1.08315e+03
2.42520e-01 1.05076e+03
2.47519e-01 1.08776e+03
2.52516e-01 1.18684e+03
2.57514e-01 9.79273e+02
2.62513e-01 1.09186e+03
2.67513e-01 7.82234e+02
2.72514e-01 3.60219e+02
2.77515e-01 9.88977e+02
2.82516e-01 6.86695e+02
2.87514e-01 7.52500e+02
2.92512e-01 7.12195e+02
2.97514e-01 5.17211e+02
3.02516e-01 6.27445e+02
3.07515e-01 2.55977e+02
3.12512e-01 6.30055e+02
3.17510e-01 3.19609e+02
3.22511e-01 1.79977e+02
3.27512e-01 1.72844e+02
3.32512e-01 4.17195e+02
3.37512e-01 5.08352e+02
3.42513e-01 3.11930e+02
3.47513e-01 4.14102e+02
3.52513e-01 4.55531e+02
3.57513e-01 4.75461e+02
3.62512e-01 2.29883e+02
3.67512e-01 3.26977e+02
3.72512e-01 5.60523e+02
3.77511e-01 1.73531e+02
3.82510e-01 1.41070e+02
3.87510e-01 -6.11719e+00
3.92510e-01 6.29844e+01
3.97510e-01 -9.24922e+01
3.70544e-03 5.44590e+04
8.00271e-03 1.16996e+04
1.28497e-02 1.34547e+04
1.77641e-02 2.84787e+04
2.26842e-02 9.79524e+03
2.76464e-02 2.26804e+04
3.26361e-02 2.13619e+04
3.76229e-02 7.20254e+03
4.26066e-02 1.32008e+04
4.75842e-02 4.43793e+03
5.25722e-02 1.32471e+04
5.75659e-02 1.05453e+04
6.25589e-02 4.25926e+03
6.75629e-02 5.19674e+03
7.25605e-02 4.48067e+03
7.75516e-02 1.20198e+04
8.25500e-02 8.37708e+03
8.75455e-02 6.50329e+02
9.25437e-02 3.88410e+03
9.75415e-02 6.64465e+02
1.02534e-01 2.73099e+03
1.07536e-01 3.51610e+03
1.12540e-01 4.62033e+03
1.17537e-01 2.71517e+03
1.22533e-01 2.52326e+03
1.27534e-01 1.68646e+03
1.32530e-01 1.04177e+03
1.37531e-01 1.03847e+03
1.42530e-01 1.05517e+03
1.47526e-01 5.09159e+02
1.52527e-01 1.04751e+03
1.57528e-01 1.08035e+03
1.62527e-01 -1.60671e+02
1.67526e-01 1.27834e+03
1.72526e-01 1.49137e+03
1.77526e-01 5.78652e+02
1.82527e-01 -8.89801e+01
1.87525e-01 4.69284e+02
1.92520e-01 -3.79857e+02
1.97516e-01 -1.29968e+03
2.02513e-01 -1.94283e+02
2.07516e-01 2.04436e+02
2.12517e-01 5.04748e+02
2.17519e-01 -4.93899e+02
2.22521e-01 -4.84755e+02
2.27519e-01 8.97121e+02
2.32521e-01 2.89527e+02
2.37520e-01 -6.90026e+01
2.42520e-01 -6.06892e+02
2.47519e-01 3.72022e+02
2.52516e-01 1.48592e+02
2.57514e-01 -6.63770e+02
2.62513e-01 -1.37100e+02
2.67513e-01 -1.74718e+02
2.72514e-01 -8.99316e+02
2.77515e-01 -5.64501e+02
2.82516e-01 -7.01348e+02
2.87514e-01 -1.33479e+02
2.92512e-01 -1.59586e+02
2.97514e-01 -8.19115e+02
3.02516e-01 -5.85283e+02
3.07515e-01 5.05680e+01
3.12512e-01 2.96007e+02
3.17510e-01 4.27967e+02
3.22511e-01 1.95257e+02
3.27512e-01 4.33528e+02
3.32512e-01 4.70049e+02
3.37512e-01 -7.34752e+01
3.42513e-01 1.83652e+02
3.47513e-01 5.41710e+02
3.52513e-01 3.69707e+02
3.57513e-01 5.78714e+01
3.62512e-01 1.34474e+02
3.67512e-01 -4.15700e+02
3.72512e-01 2.15135e+02
3.77511e-01 8.72287e+00
3.82510e-01 -6.76301e+00
3.87510e-01 4.57686e+02
3.92510e-01 4.22657e+02
3.97510e-01 5.51480e+02
