80 2
k power
3.75378e-03 1.04345e+05
8.05040e-03 3.52869e+04
1.28486e-02 2.78797e+04
1.77516e-02 1.88300e+04
2.26918e-02 3.05335e+04
2.76480e-02 3.04229e+04
3.26126e-02 2.30868e+04
3.76111e-02 2.45305e+04
4.26130e-02 2.29897e+04
4.76051e-02 2.09111e+04
5.25913e-02 2.04533e+04
5.75684e-02 1.88211e+04
6.25625e-02 1.46813e+04
6.75666e-02 1.38653e+04
7.25730e-02 1.37512e+04
7.75647e-02 1.19551e+04
8.25476e-02 1.05894e+04
8.75441e-02 8.50682e+03
9.25437e-02 8.61723e+03
9.75415e-02 7.65068e+03
1.02541e-01 6.48866e+03
1.07542e-01 6.22202e+03
1.12541e-01 6.81841e+03
1.17533e-01 5.40309e+03
1.22524e-01 6.84815e+03
1.27531e-01 5.45575e+03
1.32537e-01 4.48069e+03
1.37532e-01 5.07250e+03
1.42526e-01 4.16530e+03
1.47525e-01 3.93730e+03
1.52527e-01 3.53673e+03
1.57525e-01 3.02990e+03
1.62524e-01 3.16680e+03
1.67524e-01 1.92912e+03
1.72523e-01 2.59960e+03
1.77521e-01 2.05902e+03
1.82521e-01 2.20867e+03
1.87522e-01 2.90955e+03
1.92522e-01 2.50428e+03
1.97522e-01 2.59970e+03
2.02520e-01 1.85065e+03
2.07516e-01 1.47818e+03
2.12515e-01 1.26321e+03
2.17519e-01 1.35776e+03
2.22521e-01 1.54835e+03
2.27520e-01 1.72172e+03
2.32521e-01 1.38411e+03
2.37519e-01 1.32299e+03
2.42517e-01 1.19770e+03
2.47516e-01 1.28266e+03
2.52517e-01 1.44334e+03
2.57519e-01 1.12360e+03
2.62519e-01 9.48945e+02
2.67517e-01 1.22617e+03
2.72515e-01 1.02931e+03
2.77516e-01 8.76695e+02
2.82516e-01 7.69609e+02
2.87515e-01 5.33258e+02
2.92513e-01 1.54039e+02
2.97512e-01 6.36328e+02
3.02513e-01 3.71008e+02
3.07511e-01 2.24156e+02
3.12511e-01 5.09320e+02
3.17513e-01 5.10609e+02
3.22513e-01 4.77898e+02
3.27512e-01 4.46297e+02
3.32509e-01 1.33250e+02
3.37510e-01 3.17914e+02
3.42513e-01 3.47320e+02
3.47514e-01 4.00070e+02
3.52514e-01 2.99438e+02
3.57512e-01 3.78258e+02
3.62512e-01 6.99844e+01
3.67512e-01 6.38281e+01
3.72510e-01 2.32469e+02
3.77511e-01 5.06719e+01
3.82512e-01 8.59297e+01
3.87512e-01 -5.81562e+01
3.92510e-01 1.50047e+02
3.97510e-01 1.10938e+02
3.75378e-03 -1.56308e+05
8.05040e-03 -1.60703e+04
1.28486e-02 2.55800e+04
1.77516e-02 4.46001e+03
2.26918e-02 2.65004e+04
2.76480e-02 2.38408e+03
3.26126e-02 6.27864e+03
3.76111e-02 1.50405e+04
4.26130e-02 1.44402e+04
4.76051e-02 6.94437e+03
5.25913e-02 9.24137e+03
5.75684e-02 9.60103e+03
6.25625e-02 6.91359e+03
6.75666e-02 7.60202e+03
7.25730e-02 7.86415e+03
7.75647e-02 2.54175e+03
8.25476e-02 4.16983e+03
8.75441e-02 1.84541e+03
9.25437e-02 1.73198e+03
9.75415e-02 2.79710e+03
1.02541e-01 2.16997e+03
1.07542e-01 4.55579e+03
1.12541e-01 2.83837e+02
1.17533e-01 4.42457e+02
1.22524e-01 1.87575e+03
1.27531e-01 2.20661e+03
1.32537e-01 1.11140e+03
1.37532e-01 2.18184e+03
1.42526e-01 6.21660e+02
1.47525e-01 -4.47740e+02
1.52527e-01 1.68516e+03
1.57525e-01 -6.14432e+02
1.62524e-01 6.78165e+02
1.67524e-01 2.15632e+03
1.72523e-01 2.37493e+03
1.77521e-01 6.72873e+02
1.82521e-01 1.03203e+03
1.87522e-01 1.55094e+03
1.92522e-01 -4.42178e+02
1.97522e-01 -9.55054e+02
2.02520e-01 -9.32044e+02
2.07516e-01 1.42917e+02
2.12515e-01 6.91146e+02
2.17519e-01 9.95210e+02
2.22521e-01 3.62132e+02
2.27520e-01 -1.74886e+02
2.32521e-01 -3.28563e+02
2.37519e-01 4.55411e+02
2.42517e-01 -4.07561e+02
2.47516e-01 -5.93656e+02
2.52517e-01 4.32301e+02
2.57519e-01 -8.63018e+02
2.62519e-01 -7.24674e+02
2.67517e-01 -4.88113e+01
2.72515e-01 7.63384e+01
2.77516e-01 -4.70963e+02
2.82516e-01 -1.39033e+02
2.87515e-01 -2.29566e+02
2.92513e-01 4.01318e+02
2.97512e-01 2.50756e+01
3.02513e-01 3.30843e+02
3.07511e-01 -4.24577e+02
3.12511e-01 -3.62931e+02
3.17513e-01 -8.79966e+02
3.22513e-01 -2.77347e+02
3.27512e-01 -2.72480e+02
3.32509e-01 -2.66346e+01
3.37510e-01 2.29533e+02
3.42513e-01 -1.16622e+02
3.47514e-01 -4.10981e+02
3.52514e-01 -4.56519e+02
3.57512e-01 1.87585e+02
3.62512e-01 -7.18910e+02
3.67512e-01 -1.73521e+02
3.72510e-01 -2.28689e+02
3.77511e-01 3.32272e+02
3.82512e-01 4.88402e+02
3.87512e-01 -2.95035e+02
3.92510e-01 -2.68274e+02
3.97510e-01 -4.72199e+01
