60 2
k power
3.75378e-03 2.35353e+04
8.05040e-03 1.17223e+04
1.28486e-02 4.61846e+04
1.77516e-02 4.27333e+04
2.26918e-02 4.44028e+04
2.76480e-02 3.72868e+04
3.26126e-02 2.75701e+04
3.76111e-02 2.19842e+04
4.26130e-02 2.15167e+04
4.76051e-02 1.93649e+04
5.25913e-02 2.18976e+04
5.75684e-02 1.69773e+04
6.25625e-02 1.39252e+04
6.75666e-02 1.50153e+04
7.25730e-02 1.54609e+04
7.75647e-02 1.36406e+04
8.25476e-02 1.10891e+04
8.75441e-02 9.99804e+03
9.25437e-02 9.54988e+03
9.75415e-02 7.26031e+03
1.02541e-01 7.22728e+03
1.07542e-01 8.27747e+03
1.12541e-01 6.27488e+03
1.17533e-01 6.74038e+03
1.22524e-01 5.84773e+03
1.27531e-01 6.10736e+03
1.32537e-01 5.23402e+03
1.37532e-01 3.93505e+03
1.42526e-01 3.05205e+03
1.47525e-01 3.32080e+03
1.52527e-01 4.23385e+03
1.57525e-01 3.25710e+03
1.62524e-01 2.98355e+03
1.67524e-01 3.58011e+03
1.72523e-01 2.72697e+03
1.77521e-01 2.63454e+03
1.82521e-01 1.82775e+03
1.87522e-01 1.98470e+03
1.92522e-01 2.35000e+03
1.97522e-01 2.37612e+03
2.02520e-01 2.07938e+03
2.07516e-01 1.70548e+03
2.12515e-01 2.28197e+03
2.17519e-01 1.93108e+03
2.22521e-01 1.59255e+03
2.27520e-01 1.36688e+03
2.32521e-01 1.43840e+03
2.37519e-01 1.48530e+03
2.42517e-01 1.72796e+03
2.47516e-01 1.81445e+03
2.52517e-01 7.71047e+02
2.57519e-01 9.17148e+02
2.62519e-01 1.38616e+03
2.67517e-01 1.42766e+03
2.72515e-01 1.03062e+03
2.77516e-01 1.29288e+03
2.82516e-01 1.42062e+03
2.87515e-01 1.04338e+03
2.92513e-01 6.45734e+02
2.97512e-01 7.07648e+02
3.75378e-03 -8.50478e+03
8.05040e-03 2.57552e+04
1.28486e-02 1.99235e+04
1.77516e-02 2.44523e+04
2.26918e-02 2.05985e+02
2.76480e-02 9.15853e+03
3.26126e-02 1.03907e+04
3.76111e-02 1.83596e+03
4.26130e-02 4.81308e+03
4.76051e-02 1.15081e+04
5.25913e-02 7.83397e+03
5.75684e-02 1.84878e+03
6.25625e-02 6.79075e+03
6.75666e-02 6.28953e+03
7.25730e-02 4.95682e+03
7.75647e-02 3.97079e+03
8.25476e-02 5.76260e+03
8.75441e-02 4.77997e+03
9.25437e-02 2.90628e+02
9.75415e-02 6.51056e+01
1.02541e-01 2.33383e+03
1.07542e-01 2.91814e+03
1.12541e-01 4.67852e+03
1.17533e-01 2.82273e+03
1.22524e-01 6.19805e+02
1.27531e-01 1.72604e+03
1.32537e-01 -5.63453e+02
1.37532e-01 -4.80489e+02
1.42526e-01 1.50467e+03
1.47525e-01 1.47097e+03
1.52527e-01 -3.29363e+02
1.57525e-01 8.99909e+02
1.62524e-01 -4.62997e+02
1.67524e-01 4.54412e+02
1.72523e-01 9.54638e+02
1.77521e-01 1.56635e+03
1.82521e-01 -5.72724e+01
1.87522e-01 6.75018e+02
1.92522e-01 -4.69843e+02
1.97522e-01 -3.93107e+02
2.02520e-01 5.66953e+02
2.07516e-01 1.95074e+02
2.12515e-01 -5.70083e+02
2.17519e-01 2.49836e+02
2.22521e-01 2.51256e+03
2.27520e-01 5.66178e+02
2.32521e-01 -4.12305e+02
2.37519e-01 2.61193e+02
2.42517e-01 -3.76888e+02
2.47516e-01 1.40380e+01
2.52517e-01 -1.15470e+03
2.57519e-01 1.20510e+03
2.62519e-01 -1.34682e+02
2.67517e-01 1.21730e+02
2.72515e-01 -4.82253e+02
2.77516e-01 -7.05315e+02
2.82516e-01 -2.26509e+02
2.87515e-01 1.85418e+02
2.92513e-01 3.89838e+02
2.97512e-01 7.25449e+01
