80 2
k power
3.75378e-03 3.37428e+04
8.05040e-03 3.03844e+04
1.28486e-02 4.58711e+04
1.77516e-02 4.48130e+04
2.26918e-02 2.33908e+04
2.76480e-02 2.89120e+04
3.26126e-02 2.77130e+04
3.76111e-02 2.48723e+04
4.26130e-02 2.01630e+04
4.76051e-02 2.14671e+04
5.25913e-02 2.09688e+04
5.75684e-02 1.70821e+04
6.25625e-02 1.74039e+04
6.75666e-02 1.66352e+04
7.25730e-02 1.44232e+04
7.75647e-02 9.67280e+03
8.25476e-02 9.33677e+03
8.75441e-02 1.04799e+04
9.25437e-02 7.27853e+03
9.75415e-02 7.92251e+03
1.02541e-01 8.37020e+03
1.07542e-01 8.30435e+03
1.12541e-01 5.99301e+03
1.17533e-01 6.49289e+03
1.22524e-01 6.79980e+03
1.27531e-01 5.37031e+03
1.32537e-01 4.19873e+03
1.37532e-01 4.72062e+03
1.42526e-01 4.36659e+03
1.47525e-01 3.08204e+03
1.52527e-01 4.17634e+03
1.57525e-01 3.67603e+03
1.62524e-01 4.21264e+03
1.67524e-01 2.82177e+03
1.72523e-01 2.21938e+03
1.77521e-01 1.87394e+03
1.82521e-01 2.54778e+03
1.87522e-01 2.77307e+03
1.92522e-01 2.53600e+03
1.97522e-01 1.90777e+03
2.02520e-01 2.01078e+03
2.07516e-01 1.48024e+03
2.12515e-01 1.04580e+03
2.17519e-01 9.72516e+02
2.22521e-01 1.04766e+03
2.27520e-01 1.54021e+03
2.32521e-01 1.23301e+03
2.37519e-01 1.06516e+03
2.42517e-01 9.89086e+02
2.47516e-01 8.40766e+02
2.52517e-01 5.82352e+02
2.57519e-01 8.29977e+02
2.62519e-01 9.45172e+02
2.67517e-01 3.35266e+02
2.72515e-01 3.28992e+02
2.77516e-01 5.14414e+02
2.82516e-01 6.46742e+02
2.87515e-01 5.88102e+02
2.92513e-01 7.78023e+02
2.97512e-01 3.32836e+02
3.02513e-01 5.72039e+02
3.07511e-01 9.42133e+02
3.12511e-01 7.74492e+02
3.17513e-01 5.10234e+02
3.22513e-01 7.26578e+02
3.27512e-01 5.06789e+02
3.32509e-01 4.13188e+02
3.37510e-01 3.43398e+02
3.42513e-01 2.45109e+02
3.47514e-01 2.01562e+02
3.52514e-01 1.41062e+02
3.57512e-01 3.58008e+02
3.62512e-01 3.36328e+01
3.67512e-01 5.08336e+02
3.72510e-01 1.90367e+02
3.77511e-01 -8.17344e+01
3.82512e-01 1.69922e+01
3.87512e-01 4.04312e+02
3.92510e-01 5.37156e+02
3.97510e-01 -2.32180e+02
3.75378e-03 -2.73655e+04
8.05040e-03 -2.11770e+04
1.28486e-02 1.51702e+04
1.77516e-02 2.64185e+04
2.26918e-02 1.77174e+04
2.76480e-02 1.61184e+04
3.26126e-02 8.03943e+03
3.76111e-02 1.27853e+03
4.26130e-02 -1.07897e+03
4.76051e-02 3.46344e+03
5.25913e-02 3.44233e+03
5.75684e-02 1.23850e+04
6.25625e-02 1.24131e+04
6.75666e-02 7.62726e+03
7.25730e-02 6.65284e+03
7.75647e-02 6.77816e+03
8.25476e-02 4.55584e+03
8.75441e-02 4.39306e+03
9.25437e-02 4.46800e+03
9.75415e-02 2.52538e+03
1.02541e-01 2.68608e+03
1.07542e-01 3.72348e+03
1.12541e-01 -8.67050e+01
1.17533e-01 3.75253e+03
1.22524e-01 5.67221e+03
1.27531e-01 3.72070e+03
1.32537e-01 3.46694e+03
1.37532e-01 1.53878e+03
1.42526e-01 -1.17320e+03
1.47525e-01 -1.29960e+03
1.52527e-01 2.05399e+03
1.57525e-01 -9.20317e+00
1.62524e-01 2.46100e+03
1.67524e-01 -1.06681e+03
1.72523e-01 6.65649e+02
1.77521e-01 -5.20622e+02
1.82521e-01 1.50374e+02
1.87522e-01 -3.39346e+01
1.92522e-01 2.70929e+02
1.97522e-01 -3.32877e+02
2.02520e-01 2.03520e+01
2.07516e-01 -1.07502e+03
2.12515e-01 4.97465e+02
2.17519e-01 -2.93130e+02
2.22521e-01 -6.81748e+02
2.27520e-01 2.87489e+02
2.32521e-01 6.37989e+02
2.37519e-01 4.89171e+02
2.42517e-01 -4.85854e+01
2.47516e-01 3.35854e+02
2.52517e-01 -1.17427e+03
2.57519e-01 -4.97407e+02
2.62519e-01 -1.11315e+03
2.67517e-01 -7.75184e+02
2.72515e-01 5.88141e+02
2.77516e-01 1.98312e+02
2.82516e-01 6.45871e+02
2.87515e-01 6.10932e+00
2.92513e-01 -8.32157e+02
2.97512e-01 4.70776e+02
3.02513e-01 -4.88202e+02
3.07511e-01 4.35013e+02
3.12511e-01 8.03187e+02
3.17513e-01 -2.54276e+02
3.22513e-01 2.91640e+02
3.27512e-01 5.08433e+02
3.32509e-01 -2.32179e+02
3.37510e-01 -4.59577e+02
3.42513e-01 -2.31868e+02
3.47514e-01 -1.57520e+03
3.52514e-01 -1.33193e+03
3.57512e-01 -2.45308e+01
3.62512e-01 2.19188e+00
3.67512e-01 -3.44449e+02
3.72510e-01 -8.80639e+02
3.77511e-01 -4.61839e+02
3.82512e-01 -2.80358e+02
3.87512e-01 -5.80268e+02
3.92510e-01 -1.61385e+02
3.97510e-01 8.04500e+02
