59 2
k power
8.05040e-03 4.08602e+04
1.28486e-02 4.16307e+04
1.77516e-02 3.77636e+04
2.26918e-02 3.30412e+04
2.76480e-02 3.01674e+04
3.26126e-02 2.56681e+04
3.76111e-02 2.60182e+04
4.26130e-02 2.21911e+04
4.76051e-02 2.13191e+04
5.25913e-02 1.45452e+04
5.75684e-02 1.54093e+04
6.25625e-02 1.61871e+04
6.75666e-02 1.45091e+04
7.25730e-02 1.37495e+04
7.75647e-02 1.19542e+04
8.25476e-02 1.04636e+04
8.75441e-02 9.66698e+03
9.25437e-02 7.68594e+03
9.75415e-02 8.89652e+03
1.02541e-01 6.49682e+03
1.07542e-01 6.14105e+03
1.12541e-01 6.27081e+03
1.17533e-01 7.59733e+03
1.22524e-01 5.61430e+03
1.27531e-01 5.75173e+03
1.32537e-01 4.82122e+03
1.37532e-01 3.82616e+03
1.42526e-01 4.87027e+03
1.47525e-01 4.24077e+03
1.52527e-01 2.81247e+03
1.57525e-01 3.61328e+03
1.62524e-01 4.13791e+03
1.67524e-01 2.09770e+03
1.72523e-01 3.06784e+03
1.77521e-01 3.28492e+03
1.82521e-01 1.23640e+03
1.87522e-01 1.66215e+03
1.92522e-01 2.51137e+03
1.97522e-01 2.01391e+03
2.02520e-01 1.63452e+03
2.07516e-01 1.37708e+03
2.12515e-01 1.97455e+03
2.17519e-01 2.04698e+03
2.22521e-01 1.63436e+03
2.27520e-01 1.30448e+03
2.32521e-01 1.02642e+03
2.37519e-01 1.00955e+03
2.42517e-01 1.03140e+03
2.47516e-01 1.41222e+03
2.52517e-01 1.22360e+03
2.57519e-01 1.12822e+03
2.62519e-01 1.41227e+03
2.67517e-01 1.12753e+03
2.72515e-01 1.23761e+03
2.77516e-01 1.01053e+03
2.82516e-01 4.61055e+02
2.87515e-01 7.47445e+02
2.92513e-01 7.95672e+02
2.97512e-01 6.64617e+02
8.05040e-03 3.44749e+03
1.28486e-02 8.98515e+03
1.77516e-02 1.15772e+04
2.26918e-02 1.69937e+04
2.76480e-02 2.29681e+04
3.26126e-02 1.21008e+04
3.76111e-02 4.54992e+03
4.26130e-02 6.47063e+03
4.76051e-02 5.00200e+03
5.25913e-02 5.08706e+03
5.75684e-02 6.81469e+03
6.25625e-02 6.01539e+03
6.75666e-02 4.64689e+03
7.25730e-02 2.41706e+02
7.75647e-02 7.18583e+03
8.25476e-02 4.43589e+03
8.75441e-02 3.72871e+03
9.25437e-02 2.18772e+03
9.75415e-02 3.05293e+03
1.02541e-01 -1.70084e+03
1.07542e-01 2.89780e+03
1.12541e-01 2.06662e+03
1.17533e-01 2.16772e+03
1.22524e-01 9.96212e+02
1.27531e-01 1.63052e+03
1.32537e-01 6.84823e+02
1.37532e-01 -1.01763e+03
1.42526e-01 5.52116e+02
1.47525e-01 -4.30109e+02
1.52527e-01 -1.14171e+02
1.57525e-01 -1.50961e+03
1.62524e-01 1.59912e+03
1.67524e-01 1.44793e+03
1.72523e-01 1.72723e+03
1.77521e-01 1.72154e+03
1.82521e-01 1.16125e+03
1.87522e-01 1.01684e+03
1.92522e-01 9.00466e+02
1.97522e-01 -3.91995e+02
2.02520e-01 -7.14961e+02
2.07516e-01 -1.93646e+03
2.12515e-01 -4.86185e+02
2.17519e-01 2.94180e+02
2.22521e-01 1.31202e+03
2.27520e-01 -1.37709e+02
2.32521e-01 -2.90504e+02
2.37519e-01 -1.42580e+02
2.42517e-01 3.25262e+02
2.47516e-01 3.57794e+02
2.52517e-01 -6.10090e+02
2.57519e-01 -5.58545e+02
2.62519e-01 9.26286e+02
2.67517e-01 4.35461e+02
2.72515e-01 -2.82665e+02
2.77516e-01 6.49183e+02
2.82516e-01 9.39062e+02
2.87515e-01 1.32161e+03
2.92513e-01 3.68449e+02
2.97512e-01 -8.25730e+02
