59 2
k power
8.01858e-03 1.86892e+04
1.28441e-02 3.23813e+04
1.77514e-02 3.90017e+04
2.26910e-02 3.23655e+04
2.76613e-02 3.11596e+04
3.26316e-02 2.49286e+04
3.76089e-02 2.27050e+04
4.25899e-02 1.97479e+04
4.75838e-02 1.91571e+04
5.25894e-02 1.57008e+04
5.75770e-02 1.53798e+04
6.25679e-02 1.62271e+04
6.75637e-02 1.42283e+04
7.25587e-02 1.19739e+04
7.75534e-02 1.15529e+04
8.25494e-02 1.23961e+04
8.75470e-02 1.08160e+04
9.25421e-02 9.53677e+03
9.75420e-02 9.10322e+03
1.02542e-01 9.35873e+03
1.07541e-01 8.90689e+03
1.12539e-01 7.23955e+03
1.17536e-01 5.85398e+03
1.22536e-01 6.65055e+03
1.27533e-01 5.77900e+03
1.32529e-01 5.39317e+03
1.37528e-01 5.06671e+03
1.42529e-01 4.58398e+03
1.47530e-01 3.98711e+03
1.52529e-01 3.57521e+03
1.57528e-01 3.46063e+03
1.62527e-01 3.30939e+03
1.67527e-01 2.76496e+03
1.72526e-01 2.24191e+03
1.77523e-01 2.21143e+03
1.82522e-01 2.23773e+03
1.87521e-01 2.35105e+03
1.92521e-01 2.14180e+03
1.97520e-01 1.96877e+03
2.02519e-01 1.68761e+03
2.07520e-01 1.80780e+03
2.12519e-01 1.99880e+03
2.17519e-01 2.00947e+03
2.22518e-01 1.43918e+03
2.27517e-01 1.56396e+03
2.32518e-01 1.38471e+03
2.37519e-01 1.41634e+03
2.42519e-01 1.25334e+03
2.47519e-01 1.83968e+03
2.52518e-01 1.05745e+03
2.57516e-01 5.27898e+02
2.62515e-01 6.00430e+02
2.67514e-01 8.87875e+02
2.72514e-01 1.17055e+03
2.77515e-01 1.04677e+03
2.82515e-01 8.05195e+02
2.87515e-01 9.55719e+02
2.92514e-01 9.05969e+02
2.97513e-01 3.91641e+02
8.01858e-03 1.89101e+04
1.28441e-02 1.26068e+04
1.77514e-02 2.57100e+04
2.26910e-02 1.05276e+04
2.76613e-02 9.27021e+03
3.26316e-02 6.78910e+03
3.76089e-02 1.13436e+04
4.25899e-02 1.60259e+04
4.75838e-02 1.00642e+04
5.25894e-02 3.29048e+03
5.75770e-02 9.06381e+03
6.25679e-02 1.10732e+04
6.75637e-02 4.78937e+03
7.25587e-02 5.99632e+03
7.75534e-02 3.16465e+03
8.25494e-02 2.22748e+03
8.75470e-02 2.89931e+03
9.25421e-02 2.03822e+03
9.75420e-02 3.06438e+03
1.02542e-01 1.18851e+03
1.07541e-01 2.42228e+03
1.12539e-01 1.82294e+03
1.17536e-01 1.66284e+01
1.22536e-01 -1.52480e+03
1.27533e-01 -1.95982e+01
1.32529e-01 1.25420e+03
1.37528e-01 -6.45865e+02
1.42529e-01 -8.41903e+02
1.47530e-01 9.08231e+02
1.52529e-01 3.95126e+02
1.57528e-01 2.13237e+03
1.62527e-01 2.17933e+03
1.67527e-01 1.55727e+03
1.72526e-01 -1.39677e+03
1.77523e-01 -6.92756e+02
1.82522e-01 -1.06449e+03
1.87521e-01 -1.27941e+03
1.92521e-01 -6.92219e+02
1.97520e-01 6.77760e+02
2.02519e-01 8.91595e+02
2.07520e-01 -6.57799e+02
2.12519e-01 -8.48332e+02
2.17519e-01 -5.30006e+02
2.22518e-01 1.04800e+02
2.27517e-01 1.07760e+03
2.32518e-01 1.02668e+03
2.37519e-01 4.80737e+02
2.42519e-01 7.49659e+02
2.47519e-01 7.07414e+02
2.52518e-01 4.90217e+02
2.57516e-01 9.93891e+02
2.62515e-01 6.46471e+02
2.67514e-01 7.30146e+02
2.72514e-01 4.48196e+02
2.77515e-01 6.77644e+02
2.82515e-01 8.78216e+01
2.87515e-01 -5.07725e+02
2.92514e-01 -2.57941e+02
2.97513e-01 4.23309e+02
