60 2
k power
3.78596e-03 1.35218e+04
8.05565e-03 2.15155e+04
1.28387e-02 3.64536e+04
1.77584e-02 3.43913e+04
2.26862e-02 3.30587e+04
2.76450e-02 2.86522e+04
3.26261e-02 3.32591e+04
3.76152e-02 2.67843e+04
4.26121e-02 2.07300e+04
4.75881e-02 1.97880e+04
5.25764e-02 1.74844e+04
5.75766e-02 1.91426e+04
6.25706e-02 1.41055e+04
6.75643e-02 1.46763e+04
7.25546e-02 1.21344e+04
7.75520e-02 1.10613e+04
8.25499e-02 1.13268e+04
8.75466e-02 9.08959e+03
9.25461e-02 7.67932e+03
9.75410e-02 7.58103e+03
1.02539e-01 6.74734e+03
1.07538e-01 6.32632e+03
1.12539e-01 6.21882e+03
1.17539e-01 6.31998e+03
1.22534e-01 5.69667e+03
1.27532e-01 4.42880e+03
1.32531e-01 5.67157e+03
1.37529e-01 3.96558e+03
1.42529e-01 4.19141e+03
1.47527e-01 4.22792e+03
1.52526e-01 2.40901e+03
1.57526e-01 2.92086e+03
1.62527e-01 1.89453e+03
1.67528e-01 2.79436e+03
1.72524e-01 1.89297e+03
1.77522e-01 1.42275e+03
1.82524e-01 2.14712e+03
1.87522e-01 2.61733e+03
1.92522e-01 1.80860e+03
1.97523e-01 2.11789e+03
2.02522e-01 2.25456e+03
2.07520e-01 1.95822e+03
2.12520e-01 1.89152e+03
2.17519e-01 1.48139e+03
2.22517e-01 1.49617e+03
2.27517e-01 1.11178e+03
2.32517e-01 1.64625e+03
2.37517e-01 1.08934e+03
2.42517e-01 1.23702e+03
2.47517e-01 1.10663e+03
2.52517e-01 1.01843e+03
2.57516e-01 8.57102e+02
2.62515e-01 8.84641e+02
2.67515e-01 1.01412e+03
2.72514e-01 1.11045e+03
2.77515e-01 1.43869e+03
2.82515e-01 1.26202e+03
2.87514e-01 9.77406e+02
2.92514e-01 6.63469e+02
2.97513e-01 4.00609e+02
3.78596e-03 9.86504e+04
8.05565e-03 4.62573e+03
1.28387e-02 2.57947e+04
1.77584e-02 2.21745e+04
2.26862e-02 9.60943e+03
2.76450e-02 4.15883e+03
3.26261e-02 1.35823e+04
3.76152e-02 1.32279e+04
4.26121e-02 3.94619e+03
4.75881e-02 6.24188e+03
5.25764e-02 2.32982e+03
5.75766e-02 6.87370e+03
6.25706e-02 4.10581e+03
6.75643e-02 5.96881e+03
7.25546e-02 7.53286e+03
7.75520e-02 5.68302e+03
8.25499e-02 4.00885e+03
8.75466e-02 2.77248e+03
9.25461e-02 1.92950e+03
9.75410e-02 5.59083e+02
1.02539e-01 -3.65264e+02
1.07538e-01 -1.39218e+03
1.12539e-01 2.33333e+03
1.17539e-01 1.82774e+03
1.22534e-01 1.20792e+03
1.27532e-01 1.56476e+03
1.32531e-01 6.33718e+01
1.37529e-01 1.44587e+02
1.42529e-01 2.74249e+02
1.47527e-01 3.06695e+02
1.52526e-01 2.34267e+03
1.57526e-01 -2.36413e+02
1.62527e-01 6.81774e+01
1.67528e-01 1.75070e+03
1.72524e-01 1.43158e+02
1.77522e-01 -8.68921e+02
1.82524e-01 1.24597e+02
1.87522e-01 1.47877e+02
1.92522e-01 2.97047e+02
1.97523e-01 -3.54549e+02
2.02522e-01 1.56940e+03
2.07520e-01 1.47919e+02
2.12520e-01 -6.46508e+02
2.17519e-01 -5.28125e+02
2.22517e-01 9.71772e+01
2.27517e-01 -2.21764e+02
2.32517e-01 -1.01579e+03
2.37517e-01 -1.79618e+02
2.42517e-01 2.25563e+01
2.47517e-01 6.54739e+01
2.52517e-01 -2.02723e+02
2.57516e-01 -1.85881e+02
2.62515e-01 -9.44202e+02
2.67515e-01 -3.62101e+02
2.72514e-01 2.06925e+01
2.77515e-01 3.01440e+02
2.82515e-01 -2.50739e+01
2.87514e-01 -4.23713e+02
2.92514e-01 -2.43954e+02
2.97513e-01 -1.12143e+02
