60 2
k power
3.75378e-03 2.09661e+04
8.05040e-03 2.40986e+04
1.28486e-02 4.17428e+04
1.77516e-02 4.20304e+04
2.26918e-02 3.36079e+04
2.76480e-02 2.97377e+04
3.26126e-02 2.58590e+04
3.76111e-02 2.62548e+04
4.26130e-02 2.05402e+04
4.76051e-02 1.74661e+04
5.25913e-02 1.44623e+04
5.75684e-02 1.42347e+04
6.25625e-02 1.46002e+04
6.75666e-02 1.30375e+04
7.25730e-02 1.29522e+04
7.75647e-02 1.00991e+04
8.25476e-02 9.34912e+03
8.75441e-02 9.00106e+03
9.25437e-02 9.54837e+03
9.75415e-02 8.46477e+03
1.02541e-01 6.30075e+03
1.07542e-01 6.95982e+03
1.12541e-01 5.77256e+03
1.17533e-01 6.30382e+03
1.22524e-01 5.73902e+03
1.27531e-01 3.91125e+03
1.32537e-01 4.33080e+03
1.37532e-01 4.64290e+03
1.42526e-01 5.19956e+03
1.47525e-01 4.80332e+03
1.52527e-01 3.78657e+03
1.57525e-01 2.89967e+03
1.62524e-01 3.16981e+03
1.67524e-01 3.03713e+03
1.72523e-01 2.03353e+03
1.77521e-01 2.03022e+03
1.82521e-01 2.28266e+03
1.87522e-01 1.98370e+03
1.92522e-01 2.47641e+03
1.97522e-01 2.03196e+03
2.02520e-01 2.17737e+03
2.07516e-01 1.66718e+03
2.12515e-01 1.56755e+03
2.17519e-01 1.83738e+03
2.22521e-01 1.32407e+03
2.27520e-01 1.98888e+03
2.32521e-01 1.97541e+03
2.37519e-01 1.61384e+03
2.42517e-01 1.11495e+03
2.47516e-01 1.34639e+03
2.52517e-01 9.45836e+02
2.57519e-01 7.49617e+02
2.62519e-01 7.59352e+02
2.67517e-01 9.43031e+02
2.72515e-01 1.00316e+03
2.77516e-01 1.12761e+03
2.82516e-01 6.12305e+02
2.87515e-01 9.41703e+02
2.92513e-01 5.63109e+02
2.97512e-01 7.15312e+02
3.75378e-03 -2.96085e+04
8.05040e-03 -2.57181e+04
1.28486e-02 2.93346e+04
1.77516e-02 9.44505e+03
2.26918e-02 1.84824e+04
2.76480e-02 2.90597e+04
3.26126e-02 1.99435e+04
3.76111e-02 6.28739e+03
4.26130e-02 9.93343e+03
4.76051e-02 1.11034e+04
5.25913e-02 4.90806e+03
5.75684e-02 4.93673e+03
6.25625e-02 6.76051e+03
6.75666e-02 4.64172e+03
7.25730e-02 5.94951e+03
7.75647e-02 5.92803e+03
8.25476e-02 3.29933e+03
8.75441e-02 4.96342e+03
9.25437e-02 7.50214e+03
9.75415e-02 4.62968e+03
1.02541e-01 2.56551e+03
1.07542e-01 -6.69597e+02
1.12541e-01 -4.14801e+02
1.17533e-01 6.53303e+02
1.22524e-01 -6.60221e+02
1.27531e-01 1.43960e+03
1.32537e-01 1.52461e+03
1.37532e-01 1.35992e+03
1.42526e-01 -4.60100e+02
1.47525e-01 -5.66235e+02
1.52527e-01 -5.67492e+02
1.57525e-01 3.83689e+02
1.62524e-01 -9.76976e+02
1.67524e-01 5.81052e+01
1.72523e-01 -2.83268e+02
1.77521e-01 -2.94229e+02
1.82521e-01 9.15762e+02
1.87522e-01 3.03566e+02
1.92522e-01 -1.00930e+02
1.97522e-01 -4.86487e+02
2.02520e-01 -1.73918e+02
2.07516e-01 2.41048e+03
2.12515e-01 2.14280e+03
2.17519e-01 1.38814e+03
2.22521e-01 5.81612e+02
2.27520e-01 9.69989e+02
2.32521e-01 6.06765e+02
2.37519e-01 3.09572e+02
2.42517e-01 8.56811e+02
2.47516e-01 -1.13832e+02
2.52517e-01 2.96783e+02
2.57519e-01 4.79917e+02
2.62519e-01 -4.10615e+02
2.67517e-01 7.79719e+02
2.72515e-01 -1.13825e+03
2.77516e-01 -1.66938e+02
2.82516e-01 -7.53980e+01
2.87515e-01 -5.13759e+02
2.92513e-01 9.13046e+02
2.97512e-01 2.99852e+02
