59 2
k power
8.05565e-03 2.01846e+04
1.28387e-02 2.54162e+04
1.77584e-02 3.91949e+04
2.26862e-02 3.08757e+04
2.76450e-02 3.49599e+04
3.26261e-02 2.73675e+04
3.76152e-02 2.34393e+04
4.26121e-02 2.26128e+04
4.75881e-02 2.09861e+04
5.25764e-02 2.00332e+04
5.75766e-02 1.71668e+04
6.25706e-02 1.84087e+04
6.75643e-02 1.48405e+04
7.25546e-02 1.12601e+04
7.75520e-02 1.30296e+04
8.25499e-02 1.21024e+04
8.75466e-02 1.12951e+04
9.25461e-02 9.16338e+03
9.75410e-02 8.79896e+03
1.02539e-01 7.24798e+03
1.07538e-01 7.39396e+03
1.12539e-01 6.81362e+03
1.17539e-01 4.61621e+03
1.22534e-01 4.93790e+03
1.27532e-01 5.61159e+03
1.32531e-01 4.70455e+03
1.37529e-01 3.87099e+03
1.42529e-01 4.15538e+03
1.47527e-01 3.34036e+03
1.52526e-01 2.72658e+03
1.57526e-01 3.89780e+03
1.62527e-01 3.71947e+03
1.67528e-01 3.34692e+03
1.72524e-01 2.85283e+03
1.77522e-01 1.98004e+03
1.82524e-01 2.53040e+03
1.87522e-01 2.51620e+03
1.92522e-01 2.17272e+03
1.97523e-01 1.57040e+03
2.02522e-01 1.45558e+03
2.07520e-01 1.29855e+03
2.12520e-01 9.49203e+02
2.17519e-01 1.37045e+03
2.22517e-01 1.00973e+03
2.27517e-01 8.42859e+02
2.32517e-01 1.09570e+03
2.37517e-01 1.13509e+03
2.42517e-01 8.16312e+02
2.47517e-01 9.64102e+02
2.52517e-01 9.86164e+02
2.57516e-01 7.98445e+02
2.62515e-01 8.99102e+02
2.67515e-01 7.38844e+02
2.72514e-01 7.65695e+02
2.77515e-01 7.82766e+02
2.82515e-01 3.48875e+02
2.87514e-01 1.03025e+03
2.92514e-01 8.00164e+02
2.97513e-01 6.32305e+02
8.05565e-03 -5.81291e+03
1.28387e-02 -2.81227e+03
1.77584e-02 3.10135e+04
2.26862e-02 1.32751e+04
2.76450e-02 9.84989e+03
3.26261e-02 4.72349e+03
3.76152e-02 -1.96006e+03
4.26121e-02 2.53563e+03
4.75881e-02 7.56189e+03
5.25764e-02 4.36942e+03
5.75766e-02 9.19742e+03
6.25706e-02 1.10357e+04
6.75643e-02 9.81547e+03
7.25546e-02 1.13383e+04
7.75520e-02 4.75952e+03
8.25499e-02 5.66705e+03
8.75466e-02 4.46695e+03
9.25461e-02 3.11381e+03
9.75410e-02 2.68506e+03
1.02539e-01 3.19622e+02
1.07538e-01 1.02819e+02
1.12539e-01 5.18037e+02
1.17539e-01 1.06941e+03
1.22534e-01 2.24414e+02
1.27532e-01 1.13917e+02
1.32531e-01 1.07753e+03
1.37529e-01 2.08133e+03
1.42529e-01 1.77403e+03
1.47527e-01 -4.36930e+00
1.52526e-01 -1.44657e+03
1.57526e-01 -2.87049e+02
1.62527e-01 -1.61070e+03
1.67528e-01 -1.22705e+03
1.72524e-01 6.39621e+02
1.77522e-01 -3.24550e+02
1.82524e-01 -8.81783e+02
1.87522e-01 -1.43212e+02
1.92522e-01 -1.25902e+02
1.97523e-01 -1.69286e+03
2.02522e-01 -3.13742e+02
2.07520e-01 3.64739e+02
2.12520e-01 -2.49757e+02
2.17519e-01 -4.18565e+02
2.22517e-01 -3.82965e+01
2.27517e-01 -3.63513e+02
2.32517e-01 9.36139e+01
2.37517e-01 9.66600e+01
2.42517e-01 -9.19527e+02
2.47517e-01 -3.70784e+02
2.52517e-01 4.17865e+02
2.57516e-01 -5.95852e+02
2.62515e-01 -1.32037e+03
2.67515e-01 -1.04736e+02
2.72514e-01 -2.34190e+02
2.77515e-01 -3.31227e+02
2.82515e-01 -2.85550e+02
2.87514e-01 -3.60049e+02
2.92514e-01 -1.03953e+03
2.97513e-01 -9.32391e+01
