80 2
k power
3.70544e-03 5.03659e+04
8.00271e-03 4.44998e+04
1.28497e-02 3.77952e+04
1.77641e-02 2.77188e+04
2.26842e-02 3.23934e+04
2.76464e-02 2.58653e+04
3.26361e-02 3.20502e+04
3.76229e-02 2.35901e+04
4.26066e-02 2.34566e+04
4.75842e-02 2.06041e+04
5.25722e-02 1.80088e+04
5.75659e-02 1.73097e+04
6.25589e-02 1.52848e+04
6.75629e-02 1.47878e+04
7.25605e-02 1.47081e+04
7.75516e-02 1.18877e+04
8.25500e-02 1.11841e+04
8.75455e-02 1.05593e+04
9.25437e-02 9.69116e+03
9.75415e-02 9.59125e+03
1.02534e-01 8.22136e+03
1.07536e-01 5.78434e+03
1.12540e-01 5.86702e+03
1.17537e-01 5.42015e+03
1.22533e-01 4.86702e+03
1.27534e-01 4.33944e+03
1.32530e-01 4.99391e+03
1.37531e-01 4.88682e+03
1.42530e-01 4.08129e+03
1.47526e-01 3.29560e+03
1.52527e-01 3.64757e+03
1.57528e-01 3.25929e+03
1.62527e-01 3.31823e+03
1.67526e-01 3.02745e+03
1.72526e-01 2.50638e+03
1.77526e-01 2.43813e+03
1.82527e-01 2.69648e+03
1.87525e-01 2.81461e+03
1.92520e-01 2.65929e+03
1.97516e-01 2.31290e+03
2.02513e-01 1.30782e+03
2.07516e-01 1.67499e+03
2.12517e-01 1.26725e+03
2.17519e-01 1.39387e+03
2.22521e-01 1.69934e+03
2.27519e-01 1.12273e+03
2.32521e-01 8.92469e+02
2.37520e-01 8.24680e+02
2.42520e-01 1.13667e+03
2.47519e-01 1.35065e+03
2.52516e-01 1.50743e+03
2.57514e-01 1.07219e+03
2.62513e-01 9.06258e+02
2.67513e-01 7.63945e+02
2.72514e-01 8.75758e+02
2.77515e-01 8.16828e+02
2.82516e-01 6.22414e+02
2.87514e-01 8.52734e+02
2.92512e-01 9.66094e+02
2.97514e-01 5.14289e+02
3.02516e-01 7.53148e+02
3.07515e-01 6.62758e+02
3.12512e-01 7.58828e+02
3.17510e-01 6.88703e+02
3.22511e-01 2.98148e+02
3.27512e-01 4.47695e+02
3.32512e-01 4.50930e+02
3.37512e-01 1.94484e+02
3.42513e-01 1.35453e+02
3.47513e-01 4.77883e+02
3.52513e-01 2.63875e+02
3.57513e-01 4.20672e+02
3.62512e-01 3.57242e+02
3.67512e-01 3.58531e+02
3.72512e-01 1.62602e+02
3.77511e-01 8.41875e+01
3.82510e-01 3.52766e+02
3.87510e-01 8.64688e+01
3.92510e-01 8.09688e+01
3.97510e-01 1.40750e+02
3.70544e-03 -7.62052e+04
8.00271e-03 2.22403e+04
1.28497e-02 1.21126e+04
1.77641e-02 1.08779e+04
2.26842e-02 3.60065e+04
2.76464e-02 5.84461e+03
3.26361e-02 1.38472e+04
3.76229e-02 1.15076e+04
4.26066e-02 1.37411e+04
4.75842e-02 1.50141e+04
5.25722e-02 6.32439e+03
5.75659e-02 1.30520e+04
6.25589e-02 4.49455e+03
6.75629e-02 8.59430e+03
7.25605e-02 6.53103e+03
7.75516e-02 4.98633e+03
8.25500e-02 3.03712e+03
8.75455e-02 2.94822e+03
9.25437e-02 2.88574e+03
9.75415e-02 7.71566e+02
1.02534e-01 2.39295e+03
1.07536e-01 7.60144e+02
1.12540e-01 2.44870e+03
1.17537e-01 1.86370e+03
1.22533e-01 5.42668e+02
1.27534e-01 5.34634e+02
1.32530e-01 -3.27595e+02
1.37531e-01 5.71840e+02
1.42530e-01 1.29939e+03
1.47526e-01 4.87170e+02
1.52527e-01 -1.04434e+02
1.57528e-01 8.66448e+02
1.62527e-01 3.84566e+02
1.67526e-01 1.97851e+03
1.72526e-01 7.12022e+02
1.77526e-01 8.66904e+02
1.82527e-01 4.39738e+02
1.87525e-01 1.78057e+02
1.92520e-01 -1.22446e+02
1.97516e-01 3.59673e+02
2.02513e-01 -8.34701e+02
2.07516e-01 -8.60426e+02
2.12517e-01 -8.28544e+01
2.17519e-01 -1.72614e+02
2.22521e-01 1.02811e+03
2.27519e-01 1.38547e+00
2.32521e-01 -1.25318e+02
2.37520e-01 6.82591e+01
2.42520e-01 -4.00241e+02
2.47519e-01 -1.31953e+02
2.52516e-01 4.89725e+02
2.57514e-01 -5.94177e+02
2.62513e-01 -1.45979e+02
2.67513e-01 -4.25879e+02
2.72514e-01 -2.47879e+02
2.77515e-01 -7.18373e+02
2.82516e-01 -6.66902e+02
2.87514e-01 1.49331e+02
2.92512e-01 -1.42940e+02
2.97514e-01 -8.86573e+02
3.02516e-01 2.73275e+02
3.07515e-01 2.04206e+02
3.12512e-01 1.59173e+02
3.17510e-01 -9.96921e+01
3.22511e-01 6.96336e+02
3.27512e-01 1.24520e+02
3.32512e-01 1.37571e+02
3.37512e-01 -2.84351e+01
3.42513e-01 1.38950e+02
3.47513e-01 4.87087e+02
3.52513e-01 -2.35417e+02
3.57513e-01 -1.83957e+02
3.62512e-01 -6.01371e+02
3.67512e-01 2.09791e+02
3.72512e-01 1.19453e+02
3.77511e-01 -1.81048e+01
3.82510e-01 2.84949e+02
3.87510e-01 7.81270e+01
3.92510e-01 -6.31603e+00
3.97510e-01 5.43055e+02
