59 2
k power
8.05565e-03 2.45710e+04
1.28387e-02 3.78717e+04
1.77584e-02 3.15614e+04
2.26862e-02 3.54419e+04
2.76450e-02 3.12588e+04
3.26261e-02 2.59631e+04
3.76152e-02 2.38221e+04
4.26121e-02 2.29480e+04
4.75881e-02 1.83980e+04
5.25764e-02 1.87189e+04
5.75766e-02 1.68564e+04
6.25706e-02 1.60711e+04
6.75643e-02 1.41416e+04
7.25546e-02 1.38612e+04
7.75520e-02 1.24020e+04
8.25499e-02 1.06310e+04
8.75466e-02 9.75200e+03
9.25461e-02 8.35052e+03
9.75410e-02 8.11779e+03
1.02539e-01 7.22382e+03
1.07538e-01 6.93214e+03
1.12539e-01 6.12255e+03
1.17539e-01 5.52945e+03
1.22534e-01 5.01972e+03
1.27532e-01 5.44096e+03
1.32531e-01 4.83241e+03
1.37529e-01 4.83580e+03
1.42529e-01 4.30633e+03
1.47527e-01 4.11704e+03
1.52526e-01 3.06442e+03
1.57526e-01 3.82365e+03
1.62527e-01 3.03952e+03
1.67528e-01 2.06274e+03
1.72524e-01 2.32302e+03
1.77522e-01 2.62913e+03
1.82524e-01 2.51670e+03
1.87522e-01 2.19256e+03
1.92522e-01 1.83038e+03
1.97523e-01 1.54281e+03
2.02522e-01 1.41532e+03
2.07520e-01 1.72203e+03
2.12520e-01 1.90938e+03
2.17519e-01 1.90157e+03
2.22517e-01 1.92923e+03
2.27517e-01 1.32341e+03
2.32517e-01 1.05786e+03
2.37517e-01 1.04339e+03
2.42517e-01 1.37354e+03
2.47517e-01 9.84477e+02
2.52517e-01 7.93891e+02
2.57516e-01 8.80227e+02
2.62515e-01 2.65844e+02
2.67515e-01 6.88484e+02
2.72514e-01 3.65625e+02
2.77515e-01 3.43414e+02
2.82515e-01 7.77570e+02
2.87514e-01 5.29828e+02
2.92514e-01 7.89695e+02
2.97513e-01 5.14547e+02
8.05565e-03 1.17696e+04
1.28387e-02 1.26794e+04
1.77584e-02 -3.78055e+03
2.26862e-02 1.28027e+04
2.76450e-02 1.78796e+04
3.26261e-02 2.58441e+04
3.76152e-02 1.40300e+04
4.26121e-02 1.76068e+04
4.75881e-02 4.85456e+03
5.25764e-02 7.35746e+03
5.75766e-02 6.63964e+03
6.25706e-02 5.46949e+03
6.75643e-02 9.09757e+03
7.25546e-02 6.59587e+03
7.75520e-02 6.83150e+02
8.25499e-02 1.07092e+03
8.75466e-02 5.17776e+03
9.25461e-02 3.90204e+03
9.75410e-02 1.00690e+03
1.02539e-01 8.41210e+02
1.07538e-01 3.28448e+03
1.12539e-01 1.74102e+03
1.17539e-01 2.63270e+03
1.22534e-01 1.80486e+03
1.27532e-01 8.04303e+02
1.32531e-01 1.39261e+03
1.37529e-01 1.97852e+03
1.42529e-01 2.20047e+03
1.47527e-01 1.58743e+03
1.52526e-01 1.99852e+03
1.57526e-01 5.48831e+01
1.62527e-01 -5.72762e+02
1.67528e-01 6.40124e+02
1.72524e-01 8.59934e+01
1.77522e-01 -3.21931e-01
1.82524e-01 4.99686e+02
1.87522e-01 6.67222e+02
1.92522e-01 7.97556e+02
1.97523e-01 3.09034e+02
2.02522e-01 2.82673e+02
2.07520e-01 9.68649e+02
2.12520e-01 4.81039e+02
2.17519e-01 3.91000e+02
2.22517e-01 -7.91632e+02
2.27517e-01 -1.52074e+01
2.32517e-01 7.51444e+02
2.37517e-01 1.39259e+02
2.42517e-01 -1.77854e+02
2.47517e-01 -3.46688e+02
2.52517e-01 -8.29665e+02
2.57516e-01 -7.23434e+02
2.62515e-01 -4.40746e+02
2.67515e-01 -9.56906e+02
2.72514e-01 -9.21770e+01
2.77515e-01 -1.47114e+02
2.82515e-01 -1.06627e+03
2.87514e-01 -3.94584e+02
2.92514e-01 4.46143e+01
2.97513e-01 -1.56245e+02
