80 2
k power
3.70544e-03 4.91230e+04
8.00271e-03 2.22806e+04
1.28497e-02 2.81794e+04
1.77641e-02 4.55856e+04
2.26842e-02 3.86259e+04
2.76464e-02 3.51234e+04
3.26361e-02 2.96118e+04
3.76229e-02 2.89306e+04
4.26066e-02 2.41912e+04
4.75842e-02 2.08536e+04
5.25722e-02 2.13528e+04
5.75659e-02 1.76745e+04
6.25589e-02 1.60834e+04
6.75629e-02 1.37241e+04
7.25605e-02 1.23980e+04
7.75516e-02 1.14980e+04
8.25500e-02 1.14263e+04
8.75455e-02 8.62774e+03
9.25437e-02 9.65587e+03
9.75415e-02 8.95397e+03
1.02534e-01 7.71487e+03
1.07536e-01 6.93753e+03
1.12540e-01 6.99778e+03
1.17537e-01 5.75511e+03
1.22533e-01 5.23189e+03
1.27534e-01 4.53252e+03
1.32530e-01 5.03171e+03
1.37531e-01 4.65882e+03
1.42530e-01 3.89167e+03
1.47526e-01 4.53502e+03
1.52527e-01 4.25883e+03
1.57528e-01 3.13648e+03
1.62527e-01 3.92527e+03
1.67526e-01 2.51259e+03
1.72526e-01 2.63876e+03
1.77526e-01 2.60880e+03
1.82527e-01 2.98982e+03
1.87525e-01 2.20193e+03
1.92520e-01 1.91409e+03
1.97516e-01 1.49467e+03
2.02513e-01 2.01534e+03
2.07516e-01 2.05974e+03
2.12517e-01 1.45203e+03
2.17519e-01 2.42991e+03
2.22521e-01 1.71795e+03
2.27519e-01 1.43247e+03
2.32521e-01 8.78281e+02
2.37520e-01 1.16427e+03
2.42520e-01 1.33951e+03
2.47519e-01 6.16742e+02
2.52516e-01 5.18055e+02
2.57514e-01 1.08588e+03
2.62513e-01 6.20523e+02
2.67513e-01 7.90789e+02
2.72514e-01 9.59430e+02
2.77515e-01 9.27773e+02
2.82516e-01 4.20633e+02
2.87514e-01 4.36422e+02
2.92512e-01 6.89227e+02
2.97514e-01 8.28828e+01
3.02516e-01 5.86508e+02
3.07515e-01 9.35438e+02
3.12512e-01 8.03500e+02
3.17510e-01 6.40938e+02
3.22511e-01 5.99094e+02
3.27512e-01 3.96781e+02
3.32512e-01 7.62648e+02
3.37512e-01 5.05773e+02
3.42513e-01 4.54609e+02
3.47513e-01 -3.68906e+01
3.52513e-01 7.20164e+02
3.57513e-01 1.27438e+02
3.62512e-01 1.80086e+02
3.67512e-01 4.00852e+02
3.72512e-01 5.36266e+02
3.77511e-01 1.30078e+02
3.82510e-01 2.46234e+02
3.87510e-01 1.94289e+02
3.92510e-01 1.85641e+02
3.97510e-01 1.03773e+02
3.70544e-03 -8.63354e+04
8.00271e-03 -1.98865e+04
1.28497e-02 3.87032e+04
1.77641e-02 1.22219e+04
2.26842e-02 2.42989e+04
2.76464e-02 5.83071e+03
3.26361e-02 1.46428e+04
3.76229e-02 3.41019e+03
4.26066e-02 8.06228e+03
4.75842e-02 5.15899e+03
5.25722e-02 7.95539e+03
5.75659e-02 5.32488e+03
6.25589e-02 9.63367e+03
6.75629e-02 7.25588e+03
7.25605e-02 2.71586e+03
7.75516e-02 4.75692e+03
8.25500e-02 4.82276e+03
8.75455e-02 3.78567e+03
9.25437e-02 1.69936e+03
9.75415e-02 1.06788e+03
1.02534e-01 9.14704e+02
1.07536e-01 2.22740e+02
1.12540e-01 1.75665e+03
1.17537e-01 2.53143e+03
1.22533e-01 1.91014e+02
1.27534e-01 1.32820e+03
1.32530e-01 1.05094e+03
1.37531e-01 1.07216e+03
1.42530e-01 2.04175e+03
1.47526e-01 9.76609e+01
1.52527e-01 1.83606e+03
1.57528e-01 5.21681e+02
1.62527e-01 -1.20146e+03
1.67526e-01 3.73583e+02
1.72526e-01 1.34002e+03
1.77526e-01 7.61472e+02
1.82527e-01 6.66846e+02
1.87525e-01 1.27973e+03
1.92520e-01 1.20908e+03
1.97516e-01 1.18395e+03
2.02513e-01 8.51082e+02
2.07516e-01 3.62268e+02
2.12517e-01 5.62632e+02
2.17519e-01 5.65801e+02
2.22521e-01 3.30243e+02
2.27519e-01 -1.05282e+02
2.32521e-01 -4.07339e+02
2.37520e-01 5.30329e+02
2.42520e-01 1.24349e+02
2.47519e-01 -7.08148e+02
2.52516e-01 2.79175e+02
2.57514e-01 3.68241e+02
2.62513e-01 3.76102e+02
2.67513e-01 1.44496e+02
2.72514e-01 4.97111e+02
2.77515e-01 5.03482e+01
2.82516e-01 -4.10663e+02
2.87514e-01 -1.07921e+02
2.92512e-01 -3.68744e+02
2.97514e-01 2.19445e+02
3.02516e-01 9.95854e+02
3.07515e-01 3.35323e+02
3.12512e-01 7.00948e+02
3.17510e-01 1.24157e+02
3.22511e-01 8.23249e+01
3.27512e-01 -9.68931e+00
3.32512e-01 -5.05885e+02
3.37512e-01 -3.80247e+02
3.42513e-01 -2.46624e+02
3.47513e-01 -1.51510e+02
3.52513e-01 -6.51592e+02
3.57513e-01 -4.05419e+02
3.62512e-01 -2.36265e+02
3.67512e-01 -1.17044e+02
3.72512e-01 2.20724e+02
3.77511e-01 1.71176e+02
3.82510e-01 -2.18648e+02
3.87510e-01 -4.45905e+02
3.92510e-01 -7.83601e+02
3.97510e-01 2.30809e+02
