80 2
k power
3.70544e-03 4.22587e+04
8.00271e-03 4.30901e+04
1.28497e-02 5.31290e+04
1.77641e-02 4.19401e+04
2.26842e-02 2.60882e+04
2.76464e-02 3.37726e+04
3.26361e-02 3.09040e+04
3.76229e-02 2.15363e+04
4.26066e-02 2.38010e+04
4.75842e-02 1.87440e+04
5.25722e-02 1.79274e+04
5.75659e-02 1.90775e+04
6.25589e-02 1.48451e+04
6.75629e-02 1.49498e+04
7.25605e-02 1.42764e+04
7.75516e-02 1.34647e+04
8.25500e-02 1.15732e+04
8.75455e-02 9.49292e+03
9.25437e-02 9.49001e+03
9.75415e-02 7.57401e+03
1.02534e-01 6.69824e+03
1.07536e-01 6.16375e+03
1.12540e-01 6.69329e+03
1.17537e-01 5.52000e+03
1.22533e-01 5.60454e+03
1.27534e-01 5.48432e+03
1.32530e-01 4.98509e+03
1.37531e-01 4.46328e+03
1.42530e-01 4.04898e+03
1.47526e-01 3.22711e+03
1.52527e-01 3.61873e+03
1.57528e-01 3.13877e+03
1.62527e-01 2.86508e+03
1.67526e-01 2.95728e+03
1.72526e-01 2.96054e+03
1.77526e-01 2.69879e+03
1.82527e-01 2.53967e+03
1.87525e-01 2.28566e+03
1.92520e-01 2.10885e+03
1.97516e-01 1.43448e+03
2.02513e-01 1.67409e+03
2.07516e-01 1.57177e+03
2.12517e-01 1.89703e+03
2.17519e-01 1.55101e+03
2.22521e-01 1.08837e+03
2.27519e-01 1.44695e+03
2.32521e-01 1.39423e+03
2.37520e-01 1.35583e+03
2.42520e-01 1.37029e+03
2.47519e-01 1.22930e+03
2.52516e-01 9.71664e+02
2.57514e-01 8.73719e+02
2.62513e-01 1.12921e+03
2.67513e-01 3.13773e+02
2.72514e-01 8.58555e+02
2.77515e-01 4.54195e+02
2.82516e-01 9.51695e+02
2.87514e-01 7.79539e+02
2.92512e-01 6.42555e+02
2.97514e-01 1.50836e+02
3.02516e-01 5.73500e+02
3.07515e-01 5.95516e+02
3.12512e-01 2.08062e+02
3.17510e-01 5.33352e+02
3.22511e-01 5.27070e+02
3.27512e-01 2.81109e+02
3.32512e-01 3.11961e+02
3.37512e-01 4.89328e+02
3.42513e-01 5.20727e+02
3.47513e-01 2.46547e+02
3.52513e-01 1.75688e+02
3.57513e-01 1.43938e+02
3.62512e-01 2.60508e+02
3.67512e-01 3.51914e+02
3.72512e-01 5.05547e+01
3.77511e-01 2.13734e+02
3.82510e-01 3.76609e+02
3.87510e-01 1.61641e+02
3.92510e-01 -1.43359e+01
3.97510e-01 1.70641e+02
3.70544e-03 -6.70221e+04
8.00271e-03 -1.48377e+04
1.28497e-02 6.18237e+04
1.77641e-02 2.38948e+04
2.26842e-02 2.43236e+04
2.76464e-02 6.05666e+03
3.26361e-02 2.02935e+04
3.76229e-02 -2.52351e+03
4.26066e-02 2.40591e+03
4.75842e-02 7.40636e+03
5.25722e-02 1.14905e+04
5.75659e-02 1.57597e+03
6.25589e-02 5.75281e+03
6.75629e-02 7.85932e+03
7.25605e-02 4.98161e+03
7.75516e-02 2.18167e+03
8.25500e-02 3.66783e+03
8.75455e-02 8.45341e+03
9.25437e-02 3.26587e+03
9.75415e-02 -8.32561e+01
1.02534e-01 2.93528e+03
1.07536e-01 2.66863e+03
1.12540e-01 4.81204e+03
1.17537e-01 2.44870e+03
1.22533e-01 1.81461e+03
1.27534e-01 -1.34175e+03
1.32530e-01 1.38939e+03
1.37531e-01 2.31164e+03
1.42530e-01 6.99328e+02
1.47526e-01 1.88735e+03
1.52527e-01 1.53998e+03
1.57528e-01 -3.93873e+02
1.62527e-01 3.42010e+02
1.67526e-01 2.31942e+00
1.72526e-01 -2.74408e+02
1.77526e-01 -3.66204e+01
1.82527e-01 -1.51802e+02
1.87525e-01 -1.03783e+03
1.92520e-01 7.76599e+02
1.97516e-01 1.24459e+02
2.02513e-01 3.87489e+02
2.07516e-01 4.19825e+02
2.12517e-01 8.74123e+02
2.17519e-01 6.42833e+02
2.22521e-01 4.36539e+01
2.27519e-01 2.99309e+02
2.32521e-01 -2.00024e+02
2.37520e-01 1.52400e+03
2.42520e-01 5.17347e+02
2.47519e-01 5.57263e+02
2.52516e-01 -3.49824e+02
2.57514e-01 1.66996e+01
2.62513e-01 -4.83337e+02
2.67513e-01 3.86920e+02
2.72514e-01 -5.53638e+01
2.77515e-01 -8.83114e+02
2.82516e-01 -1.26858e+02
2.87514e-01 -2.18713e+02
2.92512e-01 -2.19057e+02
2.97514e-01 -2.43789e+02
3.02516e-01 -2.54105e+02
3.07515e-01 -6.07577e+01
3.12512e-01 2.26459e+02
3.17510e-01 -5.09835e+02
3.22511e-01 -9.21039e+02
3.27512e-01 -2.18103e+02
3.32512e-01 -1.36562e+02
3.37512e-01 -3.16982e+02
3.42513e-01 3.78639e+01
3.47513e-01 4.94789e+02
3.52513e-01 -4.62382e+02
3.57513e-01 2.50864e+02
3.62512e-01 4.07832e+02
3.67512e-01 -5.04223e+02
3.72512e-01 1.68690e+02
3.77511e-01 -4.83815e+02
3.82510e-01 -1.39636e+02
3.87510e-01 -3.42419e+02
3.92510e-01 5.48232e+02
3.97510e-01 6.84992e+02
