60 2
k power
3.70544e-03 1.98406e+04
8.00271e-03 2.96257e+04
1.28497e-02 3.34341e+04
1.77641e-02 3.28847e+04
2.26842e-02 3.92851e+04
2.76464e-02 3.52657e+04
3.26361e-02 3.14416e+04
3.76229e-02 2.47717e+04
4.26066e-02 2.40718e+04
4.75842e-02 2.42989e+04
5.25722e-02 1.92403e+04
5.75659e-02 1.74017e+04
6.25589e-02 1.82763e+04
6.75629e-02 1.45629e+04
7.25605e-02 1.32276e+04
7.75516e-02 1.19933e+04
8.25500e-02 1.12288e+04
8.75455e-02 8.86888e+03
9.25437e-02 1.01205e+04
9.75415e-02 9.40166e+03
1.02534e-01 6.64173e+03
1.07536e-01 5.15955e+03
1.12540e-01 6.57584e+03
1.17537e-01 6.52041e+03
1.22533e-01 6.47717e+03
1.27534e-01 5.74345e+03
1.32530e-01 4.90270e+03
1.37531e-01 4.94152e+03
1.42530e-01 4.61923e+03
1.47526e-01 3.76720e+03
1.52527e-01 3.67393e+03
1.57528e-01 3.36647e+03
1.62527e-01 3.17470e+03
1.67526e-01 2.98017e+03
1.72526e-01 2.50701e+03
1.77526e-01 2.04888e+03
1.82527e-01 2.11904e+03
1.87525e-01 2.61253e+03
1.92520e-01 1.82877e+03
1.97516e-01 1.87730e+03
2.02513e-01 1.62000e+03
2.07516e-01 1.65234e+03
2.12517e-01 1.47455e+03
2.17519e-01 1.15784e+03
2.22521e-01 1.20239e+03
2.27519e-01 1.40938e+03
2.32521e-01 1.30356e+03
2.37520e-01 1.19518e+03
2.42520e-01 1.00879e+03
2.47519e-01 8.37555e+02
2.52516e-01 1.31072e+03
2.57514e-01 1.03834e+03
2.62513e-01 5.57531e+02
2.67513e-01 7.91477e+02
2.72514e-01 8.52812e+02
2.77515e-01 1.11312e+03
2.82516e-01 9.17070e+02
2.87514e-01 3.68438e+02
2.92512e-01 5.21836e+02
2.97514e-01 4.98719e+02
3.70544e-03 -4.04746e+04
8.00271e-03 2.08183e+04
1.28497e-02 4.67368e+04
1.77641e-02 2.58463e+04
2.26842e-02 8.67207e+03
2.76464e-02 2.03761e+04
3.26361e-02 1.52789e+03
3.76229e-02 5.99338e+03
4.26066e-02 3.53993e+03
4.75842e-02 5.92810e+03
5.25722e-02 1.15561e+04
5.75659e-02 3.65230e+03
6.25589e-02 2.81432e+03
6.75629e-02 2.48239e+03
7.25605e-02 2.08250e+03
7.75516e-02 5.86503e+03
8.25500e-02 1.78646e+03
8.75455e-02 1.51006e+03
9.25437e-02 3.61861e+03
9.75415e-02 2.77438e+03
1.02534e-01 3.94267e+03
1.07536e-01 3.04080e+03
1.12540e-01 3.18160e+03
1.17537e-01 3.63373e+03
1.22533e-01 1.49080e+03
1.27534e-01 1.43139e+03
1.32530e-01 1.69190e+02
1.37531e-01 5.13431e+02
1.42530e-01 -2.14917e+03
1.47526e-01 -2.74684e+02
1.52527e-01 2.01344e+02
1.57528e-01 -5.60018e+02
1.62527e-01 -1.01172e+03
1.67526e-01 -5.72315e+02
1.72526e-01 -1.37579e+03
1.77526e-01 -6.03002e+02
1.82527e-01 -2.85429e+02
1.87525e-01 5.03096e+02
1.92520e-01 7.04342e+02
1.97516e-01 7.96445e+02
2.02513e-01 -1.56332e+03
2.07516e-01 -2.54595e+02
2.12517e-01 2.14145e+02
2.17519e-01 3.27777e+01
2.22521e-01 6.99207e+02
2.27519e-01 -2.40263e+02
2.32521e-01 2.11664e+02
2.37520e-01 5.16405e+02
2.42520e-01 -1.07932e+03
2.47519e-01 -1.09960e+03
2.52516e-01 2.94367e+02
2.57514e-01 -1.16238e+03
2.62513e-01 -6.39094e+02
2.67513e-01 -2.36396e+02
2.72514e-01 -4.49008e+02
2.77515e-01 -4.07944e+02
2.82516e-01 -2.65098e+02
2.87514e-01 -1.44214e+02
2.92512e-01 -1.20213e+02
2.97514e-01 -1.82140e+02
