60 2
k power
3.70544e-03 4.79736e+04
8.00271e-03 3.26721e+04
1.28497e-02 4.97544e+04
1.77641e-02 4.27972e+04
2.26842e-02 3.32220e+04
2.76464e-02 3.25534e+04
3.26361e-02 2.82921e+04
3.76229e-02 2.87402e+04
4.26066e-02 2.32029e+04
4.75842e-02 2.02948e+04
5.25722e-02 2.06517e+04
5.75659e-02 1.61442e+04
6.25589e-02 1.50365e+04
6.75629e-02 1.39296e+04
7.25605e-02 1.30285e+04
7.75516e-02 1.29738e+04
8.25500e-02 1.05867e+04
8.75455e-02 1.06144e+04
9.25437e-02 8.42637e+03
9.75415e-02 8.04894e+03
1.02534e-01 7.84834e+03
1.07536e-01 6.12193e+03
1.12540e-01 7.65109e+03
1.17537e-01 5.29270e+03
1.22533e-01 5.47888e+03
1.27534e-01 5.67664e+03
1.32530e-01 4.83984e+03
1.37531e-01 4.62701e+03
1.42530e-01 3.38198e+03
1.47526e-01 3.47480e+03
1.52527e-01 3.66698e+03
1.57528e-01 3.69309e+03
1.62527e-01 4.04443e+03
1.67526e-01 3.24794e+03
1.72526e-01 1.99527e+03
1.77526e-01 2.26920e+03
1.82527e-01 2.04029e+03
1.87525e-01 2.73941e+03
1.92520e-01 2.11655e+03
1.97516e-01 1.74852e+03
2.02513e-01 9.91664e+02
2.07516e-01 1.83583e+03
2.12517e-01 1.89238e+03
2.17519e-01 1.50797e+03
2.22521e-01 1.37695e+03
2.27519e-01 1.12830e+03
2.32521e-01 6.66172e+02
2.37520e-01 1.21747e+03
2.42520e-01 1.37219e+03
2.47519e-01 1.11928e+03
2.52516e-01 8.65516e+02
2.57514e-01 1.18305e+03
2.62513e-01 1.55667e+03
2.67513e-01 1.13173e+03
2.72514e-01 8.11992e+02
2.77515e-01 5.96461e+02
2.82516e-01 8.18609e+02
2.87514e-01 1.22334e+03
2.92512e-01 4.69398e+02
2.97514e-01 4.70508e+02
3.70544e-03 -7.09016e+04
8.00271e-03 -1.96544e+04
1.28497e-02 1.68208e+04
1.77641e-02 -1.97592e+03
2.26842e-02 7.16800e+03
2.76464e-02 2.11378e+04
3.26361e-02 1.51084e+04
3.76229e-02 1.32483e+04
4.26066e-02 6.35330e+03
4.75842e-02 -1.67136e+03
5.25722e-02 6.83497e+03
5.75659e-02 1.36265e+03
6.25589e-02 7.11985e+03
6.75629e-02 4.59933e+03
7.25605e-02 6.30636e+03
7.75516e-02 3.62592e+03
8.25500e-02 4.52479e+03
8.75455e-02 6.04430e+03
9.25437e-02 3.79918e+03
9.75415e-02 1.95473e+02
1.02534e-01 9.17089e+02
1.07536e-01 1.70840e+03
1.12540e-01 2.93496e+03
1.17537e-01 -1.74488e+03
1.22533e-01 -8.54196e+02
1.27534e-01 3.11873e+02
1.32530e-01 1.98036e+03
1.37531e-01 2.32874e+03
1.42530e-01 2.61343e+03
1.47526e-01 1.23008e+03
1.52527e-01 4.75114e+02
1.57528e-01 1.14074e+03
1.62527e-01 1.68671e+02
1.67526e-01 5.54898e+02
1.72526e-01 -1.26443e+03
1.77526e-01 4.15148e+02
1.82527e-01 -5.97663e+01
1.87525e-01 3.43872e+01
1.92520e-01 -8.63876e+02
1.97516e-01 7.42683e+02
2.02513e-01 7.16787e+02
2.07516e-01 -3.81310e+02
2.12517e-01 6.90482e+02
2.17519e-01 6.45124e+02
2.22521e-01 7.82349e+02
2.27519e-01 7.61921e+02
2.32521e-01 -2.12274e+02
2.37520e-01 2.65714e+02
2.42520e-01 2.22151e+02
2.47519e-01 -6.34691e+02
2.52516e-01 -2.51602e+02
2.57514e-01 -1.76072e+02
2.62513e-01 -8.70825e+02
2.67513e-01 -1.30645e+03
2.72514e-01 -1.01888e+03
2.77515e-01 -1.09915e+02
2.82516e-01 3.52421e+02
2.87514e-01 -4.92149e+02
2.92512e-01 -1.33987e+02
2.97514e-01 -3.29266e+02
