80 2
k power
3.70544e-03 2.24327e+04
8.00271e-03 2.32997e+04
1.28497e-02 3.82686e+04
1.77641e-02 4.30847e+04
2.26842e-02 3.47508e+04
2.76464e-02 2.87051e+04
3.26361e-02 3.05520e+04
3.76229e-02 2.66236e+04
4.26066e-02 2.18953e+04
4.75842e-02 2.11867e+04
5.25722e-02 1.63869e+04
5.75659e-02 1.61300e+04
6.25589e-02 1.46570e+04
6.75629e-02 1.42376e+04
7.25605e-02 1.24045e+04
7.75516e-02 1.25263e+04
8.25500e-02 1.08552e+04
8.75455e-02 9.61475e+03
9.25437e-02 9.55049e+03
9.75415e-02 8.26459e+03
1.02534e-01 6.96064e+03
1.07536e-01 7.31480e+03
1.12540e-01 6.44681e+03
1.17537e-01 6.36220e+03
1.22533e-01 5.87004e+03
1.27534e-01 5.80772e+03
1.32530e-01 5.33482e+03
1.37531e-01 3.91957e+03
1.42530e-01 4.28423e+03
1.47526e-01 3.34925e+03
1.52527e-01 2.96700e+03
1.57528e-01 2.20362e+03
1.62527e-01 3.34636e+03
1.67526e-01 2.51246e+03
1.72526e-01 2.40728e+03
1.77526e-01 2.72980e+03
1.82527e-01 2.23333e+03
1.87525e-01 1.91462e+03
1.92520e-01 2.19558e+03
1.97516e-01 1.91903e+03
2.02513e-01 1.17912e+03
2.07516e-01 1.21538e+03
2.12517e-01 1.98479e+03
2.17519e-01 1.48720e+03
2.22521e-01 1.62757e+03
2.27519e-01 1.31188e+03
2.32521e-01 1.13166e+03
2.37520e-01 6.76828e+02
2.42520e-01 1.30358e+03
2.47519e-01 1.45065e+03
2.52516e-01 8.62438e+02
2.57514e-01 8.19977e+02
2.62513e-01 8.29859e+02
2.67513e-01 7.33766e+02
2.72514e-01 4.44234e+02
2.77515e-01 4.75453e+02
2.82516e-01 3.26719e+02
2.87514e-01 3.56906e+02
2.92512e-01 3.02594e+02
2.97514e-01 6.80562e+02
3.02516e-01 4.18414e+02
3.07515e-01 5.15547e+01
3.12512e-01 4.49906e+02
3.17510e-01 8.65227e+02
3.22511e-01 3.73672e+02
3.27512e-01 4.39508e+02
3.32512e-01 5.94070e+02
3.37512e-01 2.30961e+02
3.42513e-01 3.77977e+02
3.47513e-01 3.17141e+02
3.52513e-01 5.00492e+02
3.57513e-01 4.43734e+02
3.62512e-01 2.76383e+02
3.67512e-01 2.73000e+02
3.72512e-01 5.17859e+02
3.77511e-01 3.68305e+02
3.82510e-01 -3.87734e+01
3.87510e-01 6.26562e+01
3.92510e-01 2.69750e+02
3.97510e-01 -1.20234e+01
3.70544e-03 -7.81263e+04
8.00271e-03 -5.65239e+03
1.28497e-02 1.01954e+04
1.77641e-02 2.17480e+04
2.26842e-02 1.75520e+04
2.76464e-02 1.65850e+04
3.26361e-02 1.60229e+04
3.76229e-02 1.24810e+04
4.26066e-02 6.53275e+03
4.75842e-02 9.25760e+03
5.25722e-02 6.76903e+03
5.75659e-02 5.71273e+03
6.25589e-02 5.23054e+03
6.75629e-02 8.16555e+03
7.25605e-02 7.45719e+03
7.75516e-02 4.07278e+03
8.25500e-02 1.18408e+03
8.75455e-02 2.95159e+03
9.25437e-02 4.65888e+03
9.75415e-02 5.63360e+03
1.02534e-01 3.30130e+03
1.07536e-01 1.63893e+03
1.12540e-01 3.36045e+03
1.17537e-01 2.30068e+03
1.22533e-01 1.16318e+03
1.27534e-01 1.78237e+02
1.32530e-01 2.28510e+03
1.37531e-01 1.22762e+03
1.42530e-01 5.21604e+02
1.47526e-01 9.15635e+02
1.52527e-01 2.50233e+02
1.57528e-01 2.10247e+02
1.62527e-01 6.65547e+02
1.67526e-01 -3.53789e+02
1.72526e-01 5.23949e+02
1.77526e-01 9.64735e+02
1.82527e-01 4.37285e+02
1.87525e-01 5.51244e+02
1.92520e-01 -1.17149e+03
1.97516e-01 -1.00025e+03
2.02513e-01 -7.20158e+02
2.07516e-01 -4.29860e+02
2.12517e-01 -4.68645e+02
2.17519e-01 -3.34001e+02
2.22521e-01 -3.89010e+02
2.27519e-01 1.17029e+02
2.32521e-01 4.77914e+02
2.37520e-01 2.91001e+02
2.42520e-01 8.42100e+02
2.47519e-01 1.62051e+03
2.52516e-01 -6.00536e+02
2.57514e-01 5.12804e+02
2.62513e-01 3.83079e+02
2.67513e-01 -1.46719e+01
2.72514e-01 -9.18400e+01
2.77515e-01 1.90527e+02
2.82516e-01 1.15604e+03
2.87514e-01 1.45339e+02
2.92512e-01 -2.25736e+02
2.97514e-01 3.25910e+02
3.02516e-01 -2.81581e+02
3.07515e-01 3.26335e+02
3.12512e-01 -1.13968e+03
3.17510e-01 -2.73310e+02
3.22511e-01 -4.44763e+02
3.27512e-01 -5.76722e+02
3.32512e-01 4.80669e+02
3.37512e-01 -4.28809e+02
3.42513e-01 4.43944e+02
3.47513e-01 6.77494e+01
3.52513e-01 3.13677e+02
3.57513e-01 -3.19290e+02
3.62512e-01 -9.50511e+01
3.67512e-01 1.18891e+02
3.72512e-01 3.30289e+02
3.77511e-01 8.22768e+02
3.82510e-01 -1.20902e+02
3.87510e-01 -6.98073e+02
3.92510e-01 1.66028e+02
3.97510e-01 -3.45446e+01
