80 2
k power
3.70544e-03 1.93620e+04
8.00271e-03 6.39571e+04
1.28497e-02 3.65969e+04
1.77641e-02 4.05413e+04
2.26842e-02 4.11353e+04
2.76464e-02 3.05020e+04
3.26361e-02 3.06167e+04
3.76229e-02 2.23466e+04
4.26066e-02 2.15249e+04
4.75842e-02 1.85523e+04
5.25722e-02 1.73284e+04
5.75659e-02 1.82392e+04
6.25589e-02 1.76775e+04
6.75629e-02 1.48049e+04
7.25605e-02 1.33229e+04
7.75516e-02 1.29053e+04
8.25500e-02 1.11857e+04
8.75455e-02 9.83723e+03
9.25437e-02 8.49253e+03
9.75415e-02 9.34363e+03
1.02534e-01 7.91887e+03
1.07536e-01 7.76597e+03
1.12540e-01 6.95448e+03
1.17537e-01 6.06851e+03
1.22533e-01 6.71749e+03
1.27534e-01 5.39085e+03
1.32530e-01 4.82534e+03
1.37531e-01 4.53714e+03
1.42530e-01 4.28862e+03
1.47526e-01 4.10713e+03
1.52527e-01 3.40386e+03
1.57528e-01 2.60342e+03
1.62527e-01 2.77327e+03
1.67526e-01 3.21282e+03
1.72526e-01 1.84538e+03
1.77526e-01 2.56409e+03
1.82527e-01 2.80287e+03
1.87525e-01 2.07941e+03
1.92520e-01 1.65866e+03
1.97516e-01 2.38984e+03
2.02513e-01 2.07780e+03
2.07516e-01 1.97065e+03
2.12517e-01 1.85579e+03
2.17519e-01 1.64797e+03
2.22521e-01 1.71828e+03
2.27519e-01 1.61787e+03
2.32521e-01 9.07766e+02
2.37520e-01 1.31848e+03
2.42520e-01 1.13616e+03
2.47519e-01 1.28213e+03
2.52516e-01 5.94500e+02
2.57514e-01 8.19961e+02
2.62513e-01 7.57109e+02
2.67513e-01 1.20158e+03
2.72514e-01 6.62109e+02
2.77515e-01 9.49289e+02
2.82516e-01 1.15962e+03
2.87514e-01 7.05133e+02
2.92512e-01 7.05992e+02
2.97514e-01 2.57711e+02
3.02516e-01 6.87000e+02
3.07515e-01 5.65117e+02
3.12512e-01 2.05031e+02
3.17510e-01 4.77055e+02
3.22511e-01 6.14336e+02
3.27512e-01 5.49141e+02
3.32512e-01 -5.25547e+01
3.37512e-01 2.83453e+02
3.42513e-01 4.19508e+02
3.47513e-01 3.04750e+02
3.52513e-01 4.02273e+02
3.57513e-01 4.14719e+02
3.62512e-01 3.45203e+02
3.67512e-01 4.09648e+02
3.72512e-01 3.02016e+02
3.77511e-01 2.31953e+02
3.82510e-01 5.68242e+02
3.87510e-01 2.52695e+02
3.92510e-01 3.89734e+02
3.97510e-01 2.82852e+02
3.70544e-03 -7.04908e+03
8.00271e-03 -7.40108e+03
1.28497e-02 2.49642e+04
1.77641e-02 3.10169e+04
2.26842e-02 2.02133e+04
2.76464e-02 8.75585e+03
3.26361e-02 3.03976e+03
3.76229e-02 9.13278e+03
4.26066e-02 5.61148e+03
4.75842e-02 6.34184e+03
5.25722e-02 1.04074e+04
5.75659e-02 7.90346e+03
6.25589e-02 3.40378e+03
6.75629e-02 5.98988e+03
7.25605e-02 6.53142e+03
7.75516e-02 3.06704e+03
8.25500e-02 3.23178e+03
8.75455e-02 2.61467e+03
9.25437e-02 4.74335e+03
9.75415e-02 1.64042e+03
1.02534e-01 2.21081e+03
1.07536e-01 3.42984e+03
1.12540e-01 2.04303e+03
1.17537e-01 4.48491e+03
1.22533e-01 2.32647e+02
1.27534e-01 2.84506e+03
1.32530e-01 7.51644e+02
1.37531e-01 1.66923e+03
1.42530e-01 9.73323e+02
1.47526e-01 5.47372e+02
1.52527e-01 -2.93415e+02
1.57528e-01 1.09566e+02
1.62527e-01 -1.90176e+02
1.67526e-01 1.65375e+03
1.72526e-01 1.54636e+03
1.77526e-01 6.48774e+01
1.82527e-01 1.30758e+03
1.87525e-01 1.89455e+02
1.92520e-01 -4.19842e+02
1.97516e-01 -8.62364e+02
2.02513e-01 2.40770e+02
2.07516e-01 -6.32429e+02
2.12517e-01 -1.05803e+02
2.17519e-01 -4.53017e+02
2.22521e-01 3.75627e+02
2.27519e-01 -5.07002e+01
2.32521e-01 -7.08132e+01
2.37520e-01 -8.48633e+01
2.42520e-01 -1.90655e+02
2.47519e-01 4.94118e+02
2.52516e-01 3.12915e+02
2.57514e-01 -1.89971e+01
2.62513e-01 -8.00519e+02
2.67513e-01 -1.33364e+01
2.72514e-01 1.21330e+02
2.77515e-01 -4.52806e+02
2.82516e-01 2.96713e+02
2.87514e-01 -6.25234e+02
2.92512e-01 -1.10736e+03
2.97514e-01 -3.95749e+02
3.02516e-01 2.74465e+02
3.07515e-01 -3.84665e+02
3.12512e-01 5.21860e+01
3.17510e-01 -1.67814e+02
3.22511e-01 -4.09936e+02
3.27512e-01 -9.61053e+02
3.32512e-01 -6.18985e+02
3.37512e-01 5.41296e+00
3.42513e-01 -2.56841e+02
3.47513e-01 -3.70816e+02
3.52513e-01 -2.59268e+02
3.57513e-01 -2.94173e+02
3.62512e-01 3.44723e+01
3.67512e-01 1.87836e+02
3.72512e-01 5.17575e+02
3.77511e-01 2.41191e+02
3.82510e-01 2.66423e+02
3.87510e-01 -4.02329e+02
3.92510e-01 -2.09538e+02
3.97510e-01 -1.18296e+02
