60 2
k power
3.78596e-03 4.05841e+04
8.05565e-03 2.70141e+04
1.28387e-02 3.45652e+04
1.77584e-02 4.23594e+04
2.26862e-02 3.48045e+04
2.76450e-02 2.39564e+04
3.26261e-02 2.81586e+04
3.76152e-02 2.72975e+04
4.26121e-02 2.22120e+04
4.75881e-02 1.94425e+04
5.25764e-02 1.70603e+04
5.75766e-02 1.60579e+04
6.25706e-02 1.76268e+04
6.75643e-02 1.47514e+04
7.25546e-02 1.43076e+04
7.75520e-02 1.26202e+04
8.25499e-02 1.10048e+04
8.75466e-02 1.04335e+04
9.25461e-02 9.29787e+03
9.75410e-02 7.83345e+03
1.02539e-01 7.70731e+03
1.07538e-01 7.01470e+03
1.12539e-01 6.57730e+03
1.17539e-01 5.68905e+03
1.22534e-01 5.56029e+03
1.27532e-01 5.50356e+03
1.32531e-01 4.40798e+03
1.37529e-01 4.41348e+03
1.42529e-01 4.34965e+03
1.47527e-01 4.29681e+03
1.52526e-01 4.03883e+03
1.57526e-01 3.63454e+03
1.62527e-01 3.73618e+03
1.67528e-01 2.81817e+03
1.72524e-01 2.82478e+03
1.77522e-01 2.59505e+03
1.82524e-01 1.84814e+03
1.87522e-01 2.62927e+03
1.92522e-01 2.27686e+03
1.97523e-01 1.79517e+03
2.02522e-01 2.04570e+03
2.07520e-01 1.22809e+03
2.12520e-01 1.52623e+03
2.17519e-01 1.52286e+03
2.22517e-01 1.04772e+03
2.27517e-01 1.27912e+03
2.32517e-01 9.39727e+02
2.37517e-01 1.08055e+03
2.42517e-01 1.32888e+03
2.47517e-01 9.29414e+02
2.52517e-01 8.50508e+02
2.57516e-01 1.21799e+03
2.62515e-01 9.33562e+02
2.67515e-01 9.45359e+02
2.72514e-01 7.90758e+02
2.77515e-01 8.59273e+02
2.82515e-01 6.79883e+02
2.87514e-01 6.86867e+02
2.92514e-01 9.42789e+02
2.97513e-01 6.78742e+02
3.78596e-03 1.76147e+04
8.05565e-03 1.45756e+04
1.28387e-02 3.11468e+04
1.77584e-02 3.45075e+04
2.26862e-02 5.03548e+03
2.76450e-02 9.25879e+03
3.26261e-02 2.04456e+04
3.76152e-02 2.26044e+03
4.26121e-02 6.61492e+03
4.75881e-02 1.06419e+04
5.25764e-02 8.13610e+03
5.75766e-02 3.56928e+03
6.25706e-02 6.26822e+03
6.75643e-02 2.97521e+03
7.25546e-02 1.86237e+03
7.75520e-02 6.88978e+03
8.25499e-02 3.08333e+03
8.75466e-02 1.50635e+03
9.25461e-02 1.40535e+03
9.75410e-02 1.51871e+03
1.02539e-01 3.72130e+03
1.07538e-01 8.47074e+02
1.12539e-01 1.74045e+03
1.17539e-01 2.02596e+03
1.22534e-01 1.11621e+03
1.27532e-01 3.19225e+03
1.32531e-01 1.78136e+03
1.37529e-01 1.71443e+03
1.42529e-01 1.18222e+03
1.47527e-01 2.33505e+03
1.52526e-01 1.55935e+03
1.57526e-01 1.49499e+03
1.62527e-01 -6.08522e+02
1.67528e-01 1.23665e+03
1.72524e-01 -2.94948e+02
1.77522e-01 -7.56608e+02
1.82524e-01 1.19642e+02
1.87522e-01 3.12038e+02
1.92522e-01 2.31518e+02
1.97523e-01 -2.40956e+02
2.02522e-01 -1.00593e+03
2.07520e-01 -1.19270e+02
2.12520e-01 6.05686e+02
2.17519e-01 -6.92950e+01
2.22517e-01 1.29883e+01
2.27517e-01 7.46766e+02
2.32517e-01 5.16534e+01
2.37517e-01 4.52662e+01
2.42517e-01 -3.70517e+01
2.47517e-01 -4.42492e+02
2.52517e-01 -2.63829e+02
2.57516e-01 5.20932e+02
2.62515e-01 7.75115e+02
2.67515e-01 -6.12965e+02
2.72514e-01 4.21069e+02
2.77515e-01 -8.90514e+02
2.82515e-01 -7.26735e+01
2.87514e-01 -1.44251e+02
2.92514e-01 1.27379e+02
2.97513e-01 -3.02074e+01
