59 2
k power
8.05040e-03 2.10186e+04
1.28486e-02 2.69973e+04
1.77516e-02 2.89861e+04
2.26918e-02 2.98292e+04
2.76480e-02 3.11048e+04
3.26126e-02 2.41025e+04
3.76111e-02 2.59288e+04
4.26130e-02 2.47265e+04
4.76051e-02 1.71807e+04
5.25913e-02 1.48240e+04
5.75684e-02 1.62487e+04
6.25625e-02 1.48772e+04
6.75666e-02 1.32595e+04
7.25730e-02 1.34358e+04
7.75647e-02 1.29029e+04
8.25476e-02 1.28178e+04
8.75441e-02 1.01834e+04
9.25437e-02 9.52023e+03
9.75415e-02 8.68909e+03
1.02541e-01 5.55359e+03
1.07542e-01 6.41258e+03
1.12541e-01 6.37420e+03
1.17533e-01 7.05995e+03
1.22524e-01 5.59599e+03
1.27531e-01 5.62534e+03
1.32537e-01 4.69684e+03
1.37532e-01 4.13077e+03
1.42526e-01 4.24143e+03
1.47525e-01 5.62759e+03
1.52527e-01 4.26806e+03
1.57525e-01 3.92771e+03
1.62524e-01 4.32930e+03
1.67524e-01 2.88808e+03
1.72523e-01 3.25369e+03
1.77521e-01 2.38347e+03
1.82521e-01 3.22862e+03
1.87522e-01 2.46251e+03
1.92522e-01 2.43151e+03
1.97522e-01 1.56395e+03
2.02520e-01 2.02613e+03
2.07516e-01 1.69268e+03
2.12515e-01 1.56131e+03
2.17519e-01 1.38952e+03
2.22521e-01 7.75750e+02
2.27520e-01 1.21986e+03
2.32521e-01 1.23502e+03
2.37519e-01 1.06794e+03
2.42517e-01 8.80797e+02
2.47516e-01 9.89148e+02
2.52517e-01 7.83906e+02
2.57519e-01 4.02352e+02
2.62519e-01 7.14359e+02
2.67517e-01 9.40453e+02
2.72515e-01 5.42695e+02
2.77516e-01 9.35812e+02
2.82516e-01 9.49820e+02
2.87515e-01 6.37562e+02
2.92513e-01 6.47039e+02
2.97512e-01 5.76734e+02
8.05040e-03 3.22592e+02
1.28486e-02 -7.53377e+03
1.77516e-02 -4.28391e+03
2.26918e-02 5.80366e+03
2.76480e-02 3.77619e+04
3.26126e-02 8.31907e+03
3.76111e-02 1.48372e+04
4.26130e-02 7.79374e+03
4.76051e-02 7.41374e+03
5.25913e-02 5.78608e+03
5.75684e-02 7.23616e+03
6.25625e-02 1.76820e+03
6.75666e-02 3.65727e+03
7.25730e-02 1.28854e+03
7.75647e-02 3.68233e+03
8.25476e-02 4.99855e+03
8.75441e-02 5.31419e+03
9.25437e-02 8.03419e+02
9.75415e-02 1.21398e+03
1.02541e-01 2.74771e+03
1.07542e-01 5.81913e+03
1.12541e-01 3.03602e+03
1.17533e-01 7.37874e+02
1.22524e-01 2.94106e+03
1.27531e-01 6.75056e+02
1.32537e-01 1.82752e+03
1.37532e-01 2.78599e+03
1.42526e-01 1.98591e+03
1.47525e-01 1.34064e+03
1.52527e-01 1.29561e+03
1.57525e-01 8.21729e+02
1.62524e-01 1.32541e+03
1.67524e-01 -1.68243e+03
1.72523e-01 -2.66412e+02
1.77521e-01 9.75694e+02
1.82521e-01 2.88968e+02
1.87522e-01 -3.73444e+02
1.92522e-01 -1.07866e+03
1.97522e-01 -4.75613e+02
2.02520e-01 -5.01270e+02
2.07516e-01 -9.07422e+02
2.12515e-01 3.23185e+02
2.17519e-01 9.00158e+02
2.22521e-01 3.71114e+02
2.27520e-01 6.21362e+02
2.32521e-01 3.71167e+02
2.37519e-01 -2.00758e+02
2.42517e-01 3.27670e+02
2.47516e-01 -4.29435e+02
2.52517e-01 -1.77777e+03
2.57519e-01 -1.03669e+03
2.62519e-01 -3.42889e+01
2.67517e-01 3.59461e+01
2.72515e-01 7.13971e+02
2.77516e-01 5.38615e+02
2.82516e-01 -4.50964e+02
2.87515e-01 -8.45617e+00
2.92513e-01 -4.50453e+02
2.97512e-01 -3.58837e+02
