59 2
k power
8.01858e-03 3.30358e+04
1.28441e-02 4.46904e+04
1.77514e-02 3.86972e+04
2.26910e-02 4.10708e+04
2.76613e-02 3.19798e+04
3.26316e-02 2.69958e+04
3.76089e-02 2.33068e+04
4.25899e-02 2.10931e+04
4.75838e-02 1.54924e+04
5.25894e-02 1.62783e+04
5.75770e-02 1.67139e+04
6.25679e-02 1.57876e+04
6.75637e-02 1.17761e+04
7.25587e-02 1.24658e+04
7.75534e-02 1.24644e+04
8.25494e-02 1.09346e+04
8.75470e-02 7.81645e+03
9.25421e-02 8.33853e+03
9.75420e-02 9.90327e+03
1.02542e-01 6.94881e+03
1.07541e-01 5.34557e+03
1.12539e-01 6.25442e+03
1.17536e-01 4.94148e+03
1.22536e-01 3.54112e+03
1.27533e-01 5.06322e+03
1.32529e-01 5.23138e+03
1.37528e-01 4.76441e+03
1.42529e-01 4.25071e+03
1.47530e-01 3.85798e+03
1.52529e-01 3.51259e+03
1.57528e-01 3.58576e+03
1.62527e-01 3.31739e+03
1.67527e-01 2.77285e+03
1.72526e-01 2.84352e+03
1.77523e-01 2.63585e+03
1.82522e-01 2.33570e+03
1.87521e-01 2.48971e+03
1.92521e-01 2.85616e+03
1.97520e-01 2.22450e+03
2.02519e-01 1.53239e+03
2.07520e-01 1.69148e+03
2.12519e-01 2.03837e+03
2.17519e-01 1.96516e+03
2.22518e-01 1.69834e+03
2.27517e-01 1.59469e+03
2.32518e-01 1.30534e+03
2.37519e-01 1.10875e+03
2.42519e-01 1.48483e+03
2.47519e-01 1.45938e+03
2.52518e-01 1.33749e+03
2.57516e-01 9.96117e+02
2.62515e-01 1.11070e+03
2.67514e-01 8.14789e+02
2.72514e-01 9.00781e+02
2.77515e-01 6.04398e+02
2.82515e-01 5.91781e+02
2.87515e-01 1.14305e+03
2.92514e-01 9.71875e+02
2.97513e-01 8.59859e+02
8.01858e-03 8.73014e+03
1.28441e-02 8.60744e+03
1.77514e-02 -7.94153e+03
2.26910e-02 2.48489e+04
2.76613e-02 9.48367e+03
3.26316e-02 1.50328e+04
3.76089e-02 7.77870e+03
4.25899e-02 1.61750e+03
4.75838e-02 -3.21602e+01
5.25894e-02 1.13960e+04
5.75770e-02 7.31658e+03
6.25679e-02 8.69832e+03
6.75637e-02 6.15759e+03
7.25587e-02 1.02901e+03
7.75534e-02 3.77940e+03
8.25494e-02 5.89608e+03
8.75470e-02 3.74680e+03
9.25421e-02 2.37997e+03
9.75420e-02 4.22452e+03
1.02542e-01 4.13384e+03
1.07541e-01 3.27864e+03
1.12539e-01 2.17400e+03
1.17536e-01 5.73973e+02
1.22536e-01 1.72821e+03
1.27533e-01 2.12707e+03
1.32529e-01 -6.77628e+02
1.37528e-01 -6.52103e+02
1.42529e-01 -3.34174e+01
1.47530e-01 1.66963e+03
1.52529e-01 2.13487e+03
1.57528e-01 1.86729e+03
1.62527e-01 1.00068e+03
1.67527e-01 1.62908e+02
1.72526e-01 -8.50988e+02
1.77523e-01 7.73696e+01
1.82522e-01 -4.88264e+02
1.87521e-01 1.18454e+02
1.92521e-01 -1.39432e+01
1.97520e-01 3.58747e+02
2.02519e-01 3.65594e+02
2.07520e-01 2.21958e+02
2.12519e-01 1.31386e+02
2.17519e-01 5.81400e+02
2.22518e-01 -6.08130e+01
2.27517e-01 6.50199e+02
2.32518e-01 3.86856e+02
2.37519e-01 5.99492e+00
2.42519e-01 2.76676e+02
2.47519e-01 -4.66427e+02
2.52518e-01 -3.02562e+02
2.57516e-01 -7.49308e+02
2.62515e-01 -6.58650e+01
2.67514e-01 -2.17719e+02
2.72514e-01 6.49857e+02
2.77515e-01 1.38927e+03
2.82515e-01 1.03253e+03
2.87515e-01 4.91252e+02
2.92514e-01 5.67066e+02
2.97513e-01 -1.98237e+02
