60 2
k power
3.75378e-03 -6.49090e+03
8.05040e-03 2.29119e+04
1.28486e-02 4.78981e+04
1.77516e-02 4.05834e+04
2.26918e-02 4.24559e+04
2.76480e-02 3.67510e+04
3.26126e-02 3.01787e+04
3.76111e-02 2.60813e+04
4.26130e-02 2.53164e+04
4.76051e-02 2.05525e+04
5.25913e-02 1.94904e+04
5.75684e-02 1.71472e+04
6.25625e-02 1.29593e+04
6.75666e-02 1.43125e+04
7.25730e-02 1.12854e+04
7.75647e-02 1.19977e+04
8.25476e-02 1.25750e+04
8.75441e-02 1.05326e+04
9.25437e-02 7.39802e+03
9.75415e-02 6.84665e+03
1.02541e-01 6.79459e+03
1.07542e-01 7.07673e+03
1.12541e-01 6.40335e+03
1.17533e-01 5.44575e+03
1.22524e-01 5.18332e+03
1.27531e-01 5.35801e+03
1.32537e-01 4.43355e+03
1.37532e-01 4.81696e+03
1.42526e-01 4.08348e+03
1.47525e-01 4.36140e+03
1.52527e-01 3.97855e+03
1.57525e-01 3.45372e+03
1.62524e-01 2.77480e+03
1.67524e-01 2.26352e+03
1.72523e-01 2.52252e+03
1.77521e-01 2.28587e+03
1.82521e-01 1.35893e+03
1.87522e-01 1.99470e+03
1.92522e-01 2.24657e+03
1.97522e-01 2.32687e+03
2.02520e-01 2.47270e+03
2.07516e-01 2.22053e+03
2.12515e-01 2.51950e+03
2.17519e-01 2.03148e+03
2.22521e-01 1.76019e+03
2.27520e-01 7.23031e+02
2.32521e-01 1.29573e+03
2.37519e-01 6.24094e+02
2.42517e-01 6.61828e+02
2.47516e-01 1.51830e+03
2.52517e-01 5.02547e+02
2.57519e-01 8.52086e+02
2.62519e-01 1.08181e+03
2.67517e-01 6.97562e+02
2.72515e-01 4.18234e+02
2.77516e-01 4.65516e+02
2.82516e-01 7.44602e+02
2.87515e-01 2.61227e+02
2.92513e-01 1.70109e+02
2.97512e-01 5.03047e+02
3.75378e-03 -6.91629e+04
8.05040e-03 7.78032e+04
1.28486e-02 5.10887e+04
1.77516e-02 1.72243e+04
2.26918e-02 1.72305e+04
2.76480e-02 3.64904e+03
3.26126e-02 1.10348e+04
3.76111e-02 6.64738e+03
4.26130e-02 4.81373e+03
4.76051e-02 6.57433e+03
5.25913e-02 1.10182e+04
5.75684e-02 1.03889e+04
6.25625e-02 6.64366e+03
6.75666e-02 7.84945e+03
7.25730e-02 9.05423e+03
7.75647e-02 1.51412e+03
8.25476e-02 3.31474e+03
8.75441e-02 7.76707e+03
9.25437e-02 4.16227e+03
9.75415e-02 4.22966e+03
1.02541e-01 3.16380e+03
1.07542e-01 2.39864e+03
1.12541e-01 7.72766e+02
1.17533e-01 1.89352e+03
1.22524e-01 1.01182e+03
1.27531e-01 -9.58516e+02
1.32537e-01 4.81121e+02
1.37532e-01 5.84823e+02
1.42526e-01 -6.58054e+02
1.47525e-01 -1.09840e+02
1.52527e-01 4.10144e+02
1.57525e-01 -1.93518e+02
1.62524e-01 -1.22999e+03
1.67524e-01 -1.39608e+03
1.72523e-01 -1.23230e+03
1.77521e-01 2.76616e+03
1.82521e-01 1.60875e+03
1.87522e-01 1.73806e+03
1.92522e-01 3.01647e+02
1.97522e-01 7.48457e+02
2.02520e-01 4.92105e+02
2.07516e-01 4.39520e+01
2.12515e-01 2.12475e+02
2.17519e-01 -1.74457e+02
2.22521e-01 -2.33227e+02
2.27520e-01 2.86902e+02
2.32521e-01 -9.73972e+02
2.37519e-01 -6.97211e+02
2.42517e-01 -2.15218e+02
2.47516e-01 9.97400e+02
2.52517e-01 2.15320e+01
2.57519e-01 1.75235e+03
2.62519e-01 6.76405e+02
2.67517e-01 1.06566e+02
2.72515e-01 6.77034e+02
2.77516e-01 -2.65989e+02
2.82516e-01 5.22703e+02
2.87515e-01 -8.05315e+01
2.92513e-01 1.31375e+02
2.97512e-01 -7.49724e+02
