60 2
k power
3.75378e-03 -1.97468e+04
8.05040e-03 2.96702e+04
1.28486e-02 2.34144e+04
1.77516e-02 3.86158e+04
2.26918e-02 3.94682e+04
2.76480e-02 4.11539e+04
3.26126e-02 2.72388e+04
3.76111e-02 2.27145e+04
4.26130e-02 2.73264e+04
4.76051e-02 1.89048e+04
5.25913e-02 2.06325e+04
5.75684e-02 1.94202e+04
6.25625e-02 1.92988e+04
6.75666e-02 1.53129e+04
7.25730e-02 1.32135e+04
7.75647e-02 1.13050e+04
8.25476e-02 1.15653e+04
8.75441e-02 9.83219e+03
9.25437e-02 8.76233e+03
9.75415e-02 7.99682e+03
1.02541e-01 8.51463e+03
1.07542e-01 7.87646e+03
1.12541e-01 7.45738e+03
1.17533e-01 7.00741e+03
1.22524e-01 5.28317e+03
1.27531e-01 6.43351e+03
1.32537e-01 5.17120e+03
1.37532e-01 3.76713e+03
1.42526e-01 5.08776e+03
1.47525e-01 4.52812e+03
1.52527e-01 3.66630e+03
1.57525e-01 3.08555e+03
1.62524e-01 3.31068e+03
1.67524e-01 1.65112e+03
1.72523e-01 2.74795e+03
1.77521e-01 3.69336e+03
1.82521e-01 3.76352e+03
1.87522e-01 3.36722e+03
1.92522e-01 2.59998e+03
1.97522e-01 2.38897e+03
2.02520e-01 1.19562e+03
2.07516e-01 1.74426e+03
2.12515e-01 2.71818e+03
2.17519e-01 1.92148e+03
2.22521e-01 1.87237e+03
2.27520e-01 1.09270e+03
2.32521e-01 1.01738e+03
2.37519e-01 8.65586e+02
2.42517e-01 4.12672e+02
2.47516e-01 7.76484e+02
2.52517e-01 6.81336e+02
2.57519e-01 9.31047e+02
2.62519e-01 6.96523e+02
2.67517e-01 9.04555e+02
2.72515e-01 1.26178e+03
2.77516e-01 6.51109e+02
2.82516e-01 8.11531e+02
2.87515e-01 7.91117e+02
2.92513e-01 8.25977e+02
2.97512e-01 2.30867e+02
3.75378e-03 5.51121e+04
8.05040e-03 9.59436e+04
1.28486e-02 -4.33610e+03
1.77516e-02 2.12279e+04
2.26918e-02 2.46382e+04
2.76480e-02 2.27673e+04
3.26126e-02 4.71094e+03
3.76111e-02 1.24945e+04
4.26130e-02 1.13575e+04
4.76051e-02 3.92944e+01
5.25913e-02 7.51484e+03
5.75684e-02 8.34622e+03
6.25625e-02 4.56820e+03
6.75666e-02 7.65442e+03
7.25730e-02 6.11727e+03
7.75647e-02 1.59485e+03
8.25476e-02 1.84924e+03
8.75441e-02 1.01877e+03
9.25437e-02 7.96709e+02
9.75415e-02 1.39738e+03
1.02541e-01 1.63568e+03
1.07542e-01 3.46869e+03
1.12541e-01 1.43741e+03
1.17533e-01 1.18483e+03
1.22524e-01 3.68389e+02
1.27531e-01 4.83243e+02
1.32537e-01 3.82670e+03
1.37532e-01 1.00932e+03
1.42526e-01 -4.52358e+02
1.47525e-01 3.98361e+02
1.52527e-01 -6.49205e+02
1.57525e-01 -5.10080e+02
1.62524e-01 8.67291e+02
1.67524e-01 -1.27717e+03
1.72523e-01 -1.19230e+02
1.77521e-01 7.05725e+02
1.82521e-01 1.43937e+03
1.87522e-01 5.96438e+02
1.92522e-01 6.02234e+02
1.97522e-01 9.39756e+02
2.02520e-01 3.12367e+01
2.07516e-01 -7.66734e+02
2.12515e-01 -9.48304e+02
2.17519e-01 -7.10803e+02
2.22521e-01 -2.38495e+02
2.27520e-01 -6.50402e+02
2.32521e-01 -4.59910e+02
2.37519e-01 2.27653e+02
2.42517e-01 -1.20413e+03
2.47516e-01 6.55635e+02
2.52517e-01 -1.32208e+03
2.57519e-01 -1.24004e+03
2.62519e-01 -1.15531e+03
2.67517e-01 -1.74286e+02
2.72515e-01 -5.37834e+02
2.77516e-01 -5.26264e+02
2.82516e-01 -3.81607e+02
2.87515e-01 -6.69743e+02
2.92513e-01 -1.31039e+03
2.97512e-01 -2.41991e+02
