80 2
k power
3.75378e-03 2.95958e+04
8.05040e-03 1.82867e+04
1.28486e-02 6.72783e+04
1.77516e-02 4.41951e+04
2.26918e-02 3.13075e+04
2.76480e-02 2.29442e+04
3.26126e-02 2.69289e+04
3.76111e-02 2.40360e+04
4.26130e-02 2.25266e+04
4.76051e-02 2.35895e+04
5.25913e-02 1.69269e+04
5.75684e-02 1.88384e+04
6.25625e-02 1.78887e+04
6.75666e-02 1.77150e+04
7.25730e-02 1.39617e+04
7.75647e-02 1.21951e+04
8.25476e-02 1.24233e+04
8.75441e-02 1.25071e+04
9.25437e-02 9.41154e+03
9.75415e-02 8.94626e+03
1.02541e-01 8.37179e+03
1.07542e-01 6.96466e+03
1.12541e-01 6.17374e+03
1.17533e-01 5.38688e+03
1.22524e-01 7.20800e+03
1.27531e-01 4.60732e+03
1.32537e-01 4.52541e+03
1.37532e-01 4.50237e+03
1.42526e-01 5.59996e+03
1.47525e-01 5.52188e+03
1.52527e-01 4.22723e+03
1.57525e-01 3.58946e+03
1.62524e-01 3.91884e+03
1.67524e-01 2.76926e+03
1.72523e-01 2.05058e+03
1.77521e-01 2.31048e+03
1.82521e-01 2.81609e+03
1.87522e-01 2.28832e+03
1.92522e-01 2.63507e+03
1.97522e-01 1.63076e+03
2.02520e-01 1.88930e+03
2.07516e-01 2.27108e+03
2.12515e-01 2.01762e+03
2.17519e-01 1.18229e+03
2.22521e-01 1.32520e+03
2.27520e-01 1.99245e+03
2.32521e-01 1.44747e+03
2.37519e-01 1.85594e+03
2.42517e-01 9.68719e+02
2.47516e-01 9.93742e+02
2.52517e-01 1.92248e+03
2.57519e-01 1.82255e+03
2.62519e-01 1.16312e+03
2.67517e-01 7.22672e+02
2.72515e-01 5.35961e+02
2.77516e-01 8.48453e+02
2.82516e-01 3.75570e+02
2.87515e-01 4.43438e+02
2.92513e-01 8.38117e+02
2.97512e-01 4.23383e+02
3.02513e-01 4.85359e+02
3.07511e-01 2.73117e+02
3.12511e-01 5.62039e+02
3.17513e-01 6.79602e+02
3.22513e-01 5.97953e+02
3.27512e-01 2.24047e+02
3.32509e-01 1.64641e+02
3.37510e-01 7.99891e+02
3.42513e-01 6.10242e+02
3.47514e-01 1.27438e+02
3.52514e-01 -8.90625e+00
3.57512e-01 -1.91820e+02
3.62512e-01 -4.49062e+01
3.67512e-01 2.19000e+02
3.72510e-01 4.13281e+00
3.77511e-01 -2.47938e+02
3.82512e-01 9.53594e+01
3.87512e-01 1.05461e+02
3.92510e-01 -1.82883e+02
3.97510e-01 -1.19031e+02
3.75378e-03 -3.58954e+03
8.05040e-03 1.64928e+04
1.28486e-02 8.44672e+04
1.77516e-02 3.77634e+04
2.26918e-02 1.26605e+04
2.76480e-02 9.57531e+03
3.26126e-02 4.21784e+03
3.76111e-02 9.28559e+03
4.26130e-02 7.57750e+03
4.76051e-02 1.43612e+04
5.25913e-02 8.74101e+03
5.75684e-02 6.50674e+03
6.25625e-02 5.43180e+03
6.75666e-02 5.71059e+03
7.25730e-02 7.33846e+03
7.75647e-02 9.87130e+03
8.25476e-02 5.78347e+03
8.75441e-02 1.85317e+03
9.25437e-02 2.84963e+03
9.75415e-02 9.40365e+03
1.02541e-01 5.06432e+03
1.07542e-01 3.95186e+03
1.12541e-01 1.50522e+03
1.17533e-01 3.93805e+03
1.22524e-01 3.74709e+03
1.27531e-01 2.16631e+03
1.32537e-01 1.46922e+03
1.37532e-01 3.05042e+02
1.42526e-01 2.06353e+03
1.47525e-01 -3.26883e+02
1.52527e-01 1.69628e+03
1.57525e-01 2.87503e+02
1.62524e-01 -3.27927e+02
1.67524e-01 -6.08700e+02
1.72523e-01 -2.84372e+02
1.77521e-01 1.05254e+03
1.82521e-01 5.07508e+02
1.87522e-01 -3.41894e+02
1.92522e-01 -7.07420e+02
1.97522e-01 1.06270e+03
2.02520e-01 1.25394e+03
2.07516e-01 4.44129e+02
2.12515e-01 -9.27178e+02
2.17519e-01 -5.29669e+02
2.22521e-01 4.72865e+02
2.27520e-01 8.23909e+01
2.32521e-01 1.84146e+02
2.37519e-01 1.33709e+03
2.42517e-01 -3.45160e+02
2.47516e-01 -7.40449e+02
2.52517e-01 -1.84769e+02
2.57519e-01 8.52352e+02
2.62519e-01 3.26667e+02
2.67517e-01 1.13574e+03
2.72515e-01 9.50428e+01
2.77516e-01 -4.66462e+01
2.82516e-01 -6.36957e+01
2.87515e-01 -3.96800e+02
2.92513e-01 -8.77418e+02
2.97512e-01 4.88655e+02
3.02513e-01 4.65408e+02
3.07511e-01 4.28215e+02
3.12511e-01 -1.86324e+02
3.17513e-01 4.07408e+02
3.22513e-01 6.11101e+00
3.27512e-01 2.44873e+02
3.32509e-01 -2.92938e+02
3.37510e-01 -7.43529e+01
3.42513e-01 6.72741e+01
3.47514e-01 3.44302e+02
3.52514e-01 3.64568e+02
3.57512e-01 -2.58741e+02
3.62512e-01 -2.46162e+02
3.67512e-01 -5.77271e+02
3.72510e-01 -2.49511e+02
3.77511e-01 2.02275e+02
3.82512e-01 3.70683e+02
3.87512e-01 1.03591e+02
3.92510e-01 -7.24841e+02
3.97510e-01 -5.10027e+02
