80 2
k power
3.70544e-03 8.86472e+04
8.00271e-03 4.40152e+04
1.28497e-02 5.58780e+04
1.77641e-02 3.93083e+04
2.26842e-02 3.57903e+04
2.76464e-02 3.34618e+04
3.26361e-02 2.63916e+04
3.76229e-02 2.30873e+04
4.26066e-02 2.28496e+04
4.75842e-02 1.88337e+04
5.25722e-02 1.68329e+04
5.75659e-02 1.49360e+04
6.25589e-02 1.42576e+04
6.75629e-02 1.29968e+04
7.25605e-02 1.39276e+04
7.75516e-02 1.11652e+04
8.25500e-02 1.05980e+04
8.75455e-02 1.15889e+04
9.25437e-02 9.01432e+03
9.75415e-02 8.95383e+03
1.02534e-01 6.80497e+03
1.07536e-01 7.25830e+03
1.12540e-01 7.18234e+03
1.17537e-01 7.29429e+03
1.22533e-01 5.85165e+03
1.27534e-01 6.09540e+03
1.32530e-01 5.94104e+03
1.37531e-01 5.53131e+03
1.42530e-01 4.22407e+03
1.47526e-01 3.65070e+03
1.52527e-01 3.12580e+03
1.57528e-01 3.08031e+03
1.62527e-01 3.69109e+03
1.67526e-01 2.98210e+03
1.72526e-01 2.63234e+03
1.77526e-01 2.40519e+03
1.82527e-01 1.88258e+03
1.87525e-01 1.88668e+03
1.92520e-01 2.43695e+03
1.97516e-01 1.80337e+03
2.02513e-01 1.67082e+03
2.07516e-01 1.83202e+03
2.12517e-01 1.42594e+03
2.17519e-01 1.55780e+03
2.22521e-01 1.15170e+03
2.27519e-01 1.33041e+03
2.32521e-01 1.15365e+03
2.37520e-01 1.25570e+03
2.42520e-01 5.67344e+02
2.47519e-01 5.18805e+02
2.52516e-01 1.88086e+02
2.57514e-01 9.63156e+02
2.62513e-01 9.13867e+02
2.67513e-01 7.32078e+02
2.72514e-01 5.64766e+02
2.77515e-01 3.94930e+02
2.82516e-01 2.63438e+02
2.87514e-01 6.25461e+02
2.92512e-01 4.50047e+02
2.97514e-01 3.39164e+02
3.02516e-01 6.69188e+02
3.07515e-01 3.28898e+02
3.12512e-01 4.05867e+02
3.17510e-01 3.00305e+02
3.22511e-01 3.89906e+02
3.27512e-01 5.58328e+02
3.32512e-01 3.01805e+02
3.37512e-01 7.41680e+02
3.42513e-01 3.88641e+02
3.47513e-01 6.12820e+02
3.52513e-01 4.68891e+02
3.57513e-01 3.75352e+02
3.62512e-01 -1.12078e+02
3.67512e-01 2.01414e+02
3.72512e-01 1.10492e+02
3.77511e-01 5.64375e+01
3.82510e-01 3.68516e+02
3.87510e-01 2.46586e+02
3.92510e-01 1.66539e+02
3.97510e-01 7.83281e+01
3.70544e-03 -4.63146e+04
8.00271e-03 2.35993e+04
1.28497e-02 2.26493e+04
1.77641e-02 1.55476e+04
2.26842e-02 -1.02012e+03
2.76464e-02 1.32487e+04
3.26361e-02 3.30820e+04
3.76229e-02 1.29810e+04
4.26066e-02 2.13116e+04
4.75842e-02 1.30952e+04
5.25722e-02 6.27668e+03
5.75659e-02 4.29229e+03
6.25589e-02 9.19259e+03
6.75629e-02 4.01574e+03
7.25605e-02 3.49929e+03
7.75516e-02 7.19251e+03
8.25500e-02 6.73756e+03
8.75455e-02 6.36568e+03
9.25437e-02 6.09312e+03
9.75415e-02 1.07286e+03
1.02534e-01 2.75003e+03
1.07536e-01 2.54662e+03
1.12540e-01 2.61624e+03
1.17537e-01 -1.93001e+02
1.22533e-01 -3.97191e+02
1.27534e-01 -2.62995e+01
1.32530e-01 -7.43904e+01
1.37531e-01 -1.43419e+03
1.42530e-01 -8.68010e+02
1.47526e-01 -2.16364e+02
1.52527e-01 -1.20476e+02
1.57528e-01 1.03117e+03
1.62527e-01 2.82313e+03
1.67526e-01 7.97922e+02
1.72526e-01 -2.67864e+02
1.77526e-01 -3.82640e+02
1.82527e-01 3.09721e+02
1.87525e-01 -5.06115e+02
1.92520e-01 -1.38628e+02
1.97516e-01 -2.80008e+01
2.02513e-01 -5.20464e+02
2.07516e-01 1.41599e+02
2.12517e-01 7.21460e+02
2.17519e-01 7.96336e+02
2.22521e-01 8.40312e+02
2.27519e-01 -9.79997e+02
2.32521e-01 -3.82409e+02
2.37520e-01 -1.10214e+03
2.42520e-01 -2.65989e+01
2.47519e-01 -5.14548e+02
2.52516e-01 2.68101e+02
2.57514e-01 -3.43448e+02
2.62513e-01 -6.92469e+02
2.67513e-01 3.29430e+02
2.72514e-01 -3.89645e+02
2.77515e-01 -7.99318e+02
2.82516e-01 -9.34834e+02
2.87514e-01 -1.31989e+02
2.92512e-01 6.99298e+02
2.97514e-01 2.62259e+02
3.02516e-01 1.25444e+02
3.07515e-01 4.91450e+02
3.12512e-01 -1.14379e+03
3.17510e-01 -1.04598e+02
3.22511e-01 -2.43534e+02
3.27512e-01 7.33375e-02
3.32512e-01 6.39620e+02
3.37512e-01 2.33432e+02
3.42513e-01 1.52678e+02
3.47513e-01 -2.21312e+02
3.52513e-01 5.91768e+02
3.57513e-01 1.69753e+02
3.62512e-01 -8.29769e+02
3.67512e-01 -8.15129e+02
3.72512e-01 -1.22746e+02
3.77511e-01 -7.52867e+01
3.82510e-01 -2.75409e+02
3.87510e-01 7.38452e+01
3.92510e-01 -7.64912e+02
3.97510e-01 -2.51636e+02
