60 2
k power
3.78596e-03 -1.58655e+04
8.05565e-03 2.28593e+04
1.28387e-02 3.39289e+04
1.77584e-02 3.29189e+04
2.26862e-02 3.37639e+04
2.76450e-02 3.31675e+04
3.26261e-02 3.01909e+04
3.76152e-02 2.74560e+04
4.26121e-02 1.99910e+04
4.75881e-02 1.89286e+04
5.25764e-02 1.79035e+04
5.75766e-02 1.73100e+04
6.25706e-02 1.45162e+04
6.75643e-02 1.29417e+04
7.25546e-02 1.40360e+04
7.75520e-02 1.27310e+04
8.25499e-02 9.92734e+03
8.75466e-02 9.79409e+03
9.25461e-02 7.74677e+03
9.75410e-02 8.55095e+03
1.02539e-01 7.68591e+03
1.07538e-01 7.91496e+03
1.12539e-01 7.64236e+03
1.17539e-01 5.66931e+03
1.22534e-01 5.18594e+03
1.27532e-01 4.16502e+03
1.32531e-01 4.88033e+03
1.37529e-01 4.56745e+03
1.42529e-01 4.41948e+03
1.47527e-01 4.09490e+03
1.52526e-01 2.90081e+03
1.57526e-01 3.10321e+03
1.62527e-01 3.12245e+03
1.67528e-01 2.77043e+03
1.72524e-01 2.56548e+03
1.77522e-01 2.53313e+03
1.82524e-01 2.38052e+03
1.87522e-01 1.92372e+03
1.92522e-01 2.52107e+03
1.97523e-01 2.37509e+03
2.02522e-01 2.22170e+03
2.07520e-01 1.12767e+03
2.12520e-01 1.57609e+03
2.17519e-01 1.69186e+03
2.22517e-01 1.80285e+03
2.27517e-01 1.83441e+03
2.32517e-01 1.34523e+03
2.37517e-01 1.72048e+03
2.42517e-01 1.34585e+03
2.47517e-01 1.02969e+03
2.52517e-01 6.93727e+02
2.57516e-01 9.38555e+02
2.62515e-01 1.40625e+03
2.67515e-01 1.02583e+03
2.72514e-01 8.82211e+02
2.77515e-01 6.60461e+02
2.82515e-01 5.39109e+02
2.87514e-01 7.27070e+02
2.92514e-01 3.79258e+02
2.97513e-01 2.02289e+02
3.78596e-03 2.34193e+03
8.05565e-03 1.42534e+03
1.28387e-02 -3.94514e+02
1.77584e-02 3.57625e+04
2.26862e-02 1.27455e+04
2.76450e-02 6.07600e+03
3.26261e-02 1.26831e+04
3.76152e-02 8.27846e+03
4.26121e-02 6.34977e+03
4.75881e-02 1.01313e+04
5.25764e-02 6.56722e+03
5.75766e-02 7.40724e+03
6.25706e-02 2.71142e+03
6.75643e-02 3.45660e+03
7.25546e-02 1.74191e+03
7.75520e-02 2.79257e+03
8.25499e-02 3.14828e+03
8.75466e-02 4.59145e+03
9.25461e-02 3.42210e+03
9.75410e-02 2.47080e+03
1.02539e-01 3.45068e+03
1.07538e-01 2.79597e+03
1.12539e-01 3.53487e+03
1.17539e-01 1.51280e+03
1.22534e-01 5.97069e+02
1.27532e-01 3.48396e+02
1.32531e-01 1.27075e+03
1.37529e-01 1.06837e+03
1.42529e-01 6.87483e+01
1.47527e-01 1.13130e+03
1.52526e-01 3.76362e+02
1.57526e-01 1.38619e+01
1.62527e-01 1.34413e+03
1.67528e-01 -1.28700e+02
1.72524e-01 -6.02869e+02
1.77522e-01 -3.90647e+02
1.82524e-01 1.59105e+02
1.87522e-01 2.28486e+01
1.92522e-01 1.81095e+02
1.97523e-01 2.09503e+01
2.02522e-01 4.35066e+02
2.07520e-01 -2.76205e+02
2.12520e-01 -4.45188e+01
2.17519e-01 -9.67181e+02
2.22517e-01 -6.92810e+02
2.27517e-01 -1.38860e+03
2.32517e-01 2.17863e+02
2.37517e-01 -1.55668e+02
2.42517e-01 -6.37991e+02
2.47517e-01 -9.03204e+02
2.52517e-01 9.80507e+00
2.57516e-01 8.11018e+02
2.62515e-01 2.43839e+02
2.67515e-01 2.34596e+02
2.72514e-01 -1.75891e+02
2.77515e-01 -5.44014e+02
2.82515e-01 -6.48750e+02
2.87514e-01 -5.26778e+02
2.92514e-01 1.03417e+02
2.97513e-01 5.99102e+02
