80 2
k power
3.70544e-03 5.84972e+04
8.00271e-03 1.91073e+04
1.28497e-02 4.89105e+04
1.77641e-02 5.01669e+04
2.26842e-02 4.81771e+04
2.76464e-02 3.04290e+04
3.26361e-02 3.19970e+04
3.76229e-02 2.32859e+04
4.26066e-02 1.97728e+04
4.75842e-02 1.89360e+04
5.25722e-02 1.90495e+04
5.75659e-02 1.88581e+04
6.25589e-02 1.46960e+04
6.75629e-02 1.64596e+04
7.25605e-02 1.40440e+04
7.75516e-02 1.20845e+04
8.25500e-02 1.28691e+04
8.75455e-02 9.85684e+03
9.25437e-02 8.76936e+03
9.75415e-02 7.98384e+03
1.02534e-01 7.15360e+03
1.07536e-01 5.84341e+03
1.12540e-01 6.67966e+03
1.17537e-01 7.18411e+03
1.22533e-01 5.75392e+03
1.27534e-01 5.17959e+03
1.32530e-01 5.26077e+03
1.37531e-01 3.84035e+03
1.42530e-01 3.50295e+03
1.47526e-01 3.15985e+03
1.52527e-01 3.12582e+03
1.57528e-01 3.27899e+03
1.62527e-01 2.88697e+03
1.67526e-01 2.60218e+03
1.72526e-01 2.22890e+03
1.77526e-01 2.16195e+03
1.82527e-01 1.80044e+03
1.87525e-01 2.63784e+03
1.92520e-01 2.21266e+03
1.97516e-01 1.73632e+03
2.02513e-01 1.82209e+03
2.07516e-01 1.65249e+03
2.12517e-01 1.82082e+03
2.17519e-01 1.39990e+03
2.22521e-01 2.00738e+03
2.27519e-01 1.42113e+03
2.32521e-01 1.33235e+03
2.37520e-01 1.18418e+03
2.42520e-01 1.23312e+03
2.47519e-01 1.45041e+03
2.52516e-01 1.44954e+03
2.57514e-01 1.44956e+03
2.62513e-01 1.13034e+03
2.67513e-01 9.89023e+02
2.72514e-01 3.95305e+02
2.77515e-01 4.95727e+02
2.82516e-01 4.48906e+02
2.87514e-01 3.43391e+02
2.92512e-01 9.54789e+02
2.97514e-01 6.32492e+02
3.02516e-01 3.33422e+02
3.07515e-01 2.23531e+02
3.12512e-01 6.74703e+02
3.17510e-01 5.68547e+02
3.22511e-01 5.21773e+02
3.27512e-01 2.48672e+02
3.32512e-01 2.08438e+02
3.37512e-01 1.14523e+02
3.42513e-01 1.33203e+02
3.47513e-01 -7.91484e+01
3.52513e-01 4.00492e+02
3.57513e-01 2.87430e+02
3.62512e-01 6.29688e+01
3.67512e-01 4.03031e+02
3.72512e-01 3.91023e+02
3.77511e-01 3.21242e+02
3.82510e-01 2.88375e+02
3.87510e-01 1.51680e+02
3.92510e-01 9.83359e+01
3.97510e-01 9.23047e+01
3.70544e-03 -7.65961e+04
8.00271e-03 2.85245e+04
1.28497e-02 1.67666e+04
1.77641e-02 1.11452e+04
2.26842e-02 3.97053e+04
2.76464e-02 7.55523e+03
3.26361e-02 9.58202e+03
3.76229e-02 7.85612e+03
4.26066e-02 1.10654e+04
4.75842e-02 7.29026e+03
5.25722e-02 8.44804e+03
5.75659e-02 5.42624e+03
6.25589e-02 8.48881e+03
6.75629e-02 9.14978e+03
7.25605e-02 4.52883e+03
7.75516e-02 3.29557e+03
8.25500e-02 3.21272e+03
8.75455e-02 2.77005e+03
9.25437e-02 6.29646e+03
9.75415e-02 5.77843e+03
1.02534e-01 3.42418e+03
1.07536e-01 4.54014e+03
1.12540e-01 1.53906e+03
1.17537e-01 1.11791e+03
1.22533e-01 2.62876e+02
1.27534e-01 3.43731e+01
1.32530e-01 6.72954e+02
1.37531e-01 6.16256e+02
1.42530e-01 1.19354e+03
1.47526e-01 2.44450e+02
1.52527e-01 1.88182e+03
1.57528e-01 5.47938e+02
1.62527e-01 1.10611e+03
1.67526e-01 -2.11175e+03
1.72526e-01 -8.83877e+01
1.77526e-01 -3.88127e+02
1.82527e-01 5.72434e+02
1.87525e-01 -1.36649e+02
1.92520e-01 -1.53871e+03
1.97516e-01 -1.57621e+03
2.02513e-01 -6.76321e+02
2.07516e-01 -5.24096e+02
2.12517e-01 5.83604e+01
2.17519e-01 -2.10803e+02
2.22521e-01 3.68142e+01
2.27519e-01 -1.60546e+02
2.32521e-01 -5.63666e+02
2.37520e-01 -2.65501e+02
2.42520e-01 -9.02356e+02
2.47519e-01 -1.13374e+03
2.52516e-01 -9.19679e+02
2.57514e-01 -5.11670e+02
2.62513e-01 -4.58007e+01
2.67513e-01 2.22309e+02
2.72514e-01 -2.82434e+02
2.77515e-01 -1.27965e+03
2.82516e-01 -1.38858e+03
2.87514e-01 2.40013e+02
2.92512e-01 -1.23954e+02
2.97514e-01 3.96285e+02
3.02516e-01 2.05060e+02
3.07515e-01 -4.17794e+02
3.12512e-01 -4.42902e+02
3.17510e-01 1.86696e+01
3.22511e-01 9.17479e+01
3.27512e-01 -3.25060e+02
3.32512e-01 -5.65050e+02
3.37512e-01 -5.80934e+02
3.42513e-01 -7.32509e+02
3.47513e-01 -1.41028e+02
3.52513e-01 -6.37250e+02
3.57513e-01 -4.79078e+02
3.62512e-01 3.40097e+02
3.67512e-01 -1.16090e+02
3.72512e-01 3.24917e+02
3.77511e-01 -2.64787e+02
3.82510e-01 -4.05428e+02
3.87510e-01 -4.21516e+02
3.92510e-01 1.93618e+02
3.97510e-01 -5.95649e+01
