80 2
k power
3.70544e-03 -3.41070e+02
8.00271e-03 1.02613e+04
1.28497e-02 3.07756e+04
1.77641e-02 4.00769e+04
2.26842e-02 4.01560e+04
2.76464e-02 3.16185e+04
3.26361e-02 2.46311e+04
3.76229e-02 2.38571e+04
4.26066e-02 2.45763e+04
4.75842e-02 2.30347e+04
5.25722e-02 1.93668e+04
5.75659e-02 1.95292e+04
6.25589e-02 1.71075e+04
6.75629e-02 1.35584e+04
7.25605e-02 1.27002e+04
7.75516e-02 1.38220e+04
8.25500e-02 1.20160e+04
8.75455e-02 9.47156e+03
9.25437e-02 8.77450e+03
9.75415e-02 7.36649e+03
1.02534e-01 5.29743e+03
1.07536e-01 6.74868e+03
1.12540e-01 7.61249e+03
1.17537e-01 6.28059e+03
1.22533e-01 5.26995e+03
1.27534e-01 5.03275e+03
1.32530e-01 4.50900e+03
1.37531e-01 4.04277e+03
1.42530e-01 3.99591e+03
1.47526e-01 3.69538e+03
1.52527e-01 4.07395e+03
1.57528e-01 2.96929e+03
1.62527e-01 3.05466e+03
1.67526e-01 3.00677e+03
1.72526e-01 2.47059e+03
1.77526e-01 2.30900e+03
1.82527e-01 2.19552e+03
1.87525e-01 2.27513e+03
1.92520e-01 2.46064e+03
1.97516e-01 2.03267e+03
2.02513e-01 1.13339e+03
2.07516e-01 1.17828e+03
2.12517e-01 2.05729e+03
2.17519e-01 1.33545e+03
2.22521e-01 1.16821e+03
2.27519e-01 8.35180e+02
2.32521e-01 1.31216e+03
2.37520e-01 1.27407e+03
2.42520e-01 4.65844e+02
2.47519e-01 3.75938e+02
2.52516e-01 6.90023e+02
2.57514e-01 1.44520e+03
2.62513e-01 9.55039e+02
2.67513e-01 6.65492e+02
2.72514e-01 5.44305e+02
2.77515e-01 2.89406e+02
2.82516e-01 4.29430e+02
2.87514e-01 5.90930e+02
2.92512e-01 2.69625e+02
2.97514e-01 4.31430e+02
3.02516e-01 2.28320e+02
3.07515e-01 3.30039e+02
3.12512e-01 1.04883e+02
3.17510e-01 -2.65516e+02
3.22511e-01 1.34117e+02
3.27512e-01 1.99219e+02
3.32512e-01 3.64938e+02
3.37512e-01 2.59680e+02
3.42513e-01 3.24531e+02
3.47513e-01 2.67367e+02
3.52513e-01 4.56938e+02
3.57513e-01 5.18695e+02
3.62512e-01 2.06844e+02
3.67512e-01 2.36742e+02
3.72512e-01 6.68086e+02
3.77511e-01 4.50211e+02
3.82510e-01 1.19258e+02
3.87510e-01 3.36094e+01
3.92510e-01 2.65312e+01
3.97510e-01 2.44703e+02
3.70544e-03 1.43011e+04
8.00271e-03 2.31829e+04
1.28497e-02 1.81897e+04
1.77641e-02 2.95028e+04
2.26842e-02 1.82431e+04
2.76464e-02 1.13342e+04
3.26361e-02 1.47790e+04
3.76229e-02 9.97939e+03
4.26066e-02 7.71104e+03
4.75842e-02 9.65772e+03
5.25722e-02 5.86825e+03
5.75659e-02 4.61873e+00
6.25589e-02 9.88008e+03
6.75629e-02 5.04947e+03
7.25605e-02 6.13649e+03
7.75516e-02 4.47460e+03
8.25500e-02 3.87229e+02
8.75455e-02 2.98056e+02
9.25437e-02 2.00923e+03
9.75415e-02 6.46820e+02
1.02534e-01 1.17608e+03
1.07536e-01 5.38088e+03
1.12540e-01 3.98368e+03
1.17537e-01 9.28895e+02
1.22533e-01 2.19239e+03
1.27534e-01 2.25727e+03
1.32530e-01 -6.02559e+02
1.37531e-01 -8.30470e+02
1.42530e-01 8.85771e+02
1.47526e-01 -5.26202e+02
1.52527e-01 -7.58106e+02
1.57528e-01 1.41933e+03
1.62527e-01 6.51076e+02
1.67526e-01 1.23327e+01
1.72526e-01 2.16913e+02
1.77526e-01 8.16363e+02
1.82527e-01 -7.35860e+02
1.87525e-01 -6.86981e+02
1.92520e-01 -1.06893e+03
1.97516e-01 -3.78746e+02
2.02513e-01 -8.67083e+02
2.07516e-01 -1.09929e+03
2.12517e-01 -6.77271e+02
2.17519e-01 7.72067e+02
2.22521e-01 -1.46589e+02
2.27519e-01 -1.61231e+02
2.32521e-01 4.02014e+02
2.37520e-01 -9.72055e+02
2.42520e-01 -1.57180e+00
2.47519e-01 2.89728e+02
2.52516e-01 5.38052e+02
2.57514e-01 7.96693e+01
2.62513e-01 -5.30499e+02
2.67513e-01 -5.56797e+02
2.72514e-01 1.26237e+02
2.77515e-01 5.80849e+02
2.82516e-01 -6.30204e+02
2.87514e-01 -6.71066e+02
2.92512e-01 2.83716e+02
2.97514e-01 1.09949e+03
3.02516e-01 -9.93963e+01
3.07515e-01 -6.71304e+02
3.12512e-01 -2.60996e+02
3.17510e-01 -4.99156e+02
3.22511e-01 1.06648e+02
3.27512e-01 6.90371e+01
3.32512e-01 -5.90815e+01
3.37512e-01 5.77602e+02
3.42513e-01 -6.22009e+02
3.47513e-01 1.04030e+02
3.52513e-01 -1.08997e+03
3.57513e-01 -2.06008e+02
3.62512e-01 9.30129e+02
3.67512e-01 -1.85517e+02
3.72512e-01 -9.57454e+02
3.77511e-01 -1.60023e+02
3.82510e-01 -7.08521e+02
3.87510e-01 -8.55541e+01
3.92510e-01 -1.02034e+03
3.97510e-01 8.18451e+01
