80 2
k power
3.75378e-03 6.61923e+03
8.05040e-03 5.18707e+04
1.28486e-02 4.50509e+04
1.77516e-02 5.24959e+04
2.26918e-02 4.57318e+04
2.76480e-02 2.89450e+04
3.26126e-02 2.63737e+04
3.76111e-02 2.43809e+04
4.26130e-02 2.27637e+04
4.76051e-02 2.39685e+04
5.25913e-02 1.55310e+04
5.75684e-02 1.50011e+04
6.25625e-02 1.34039e+04
6.75666e-02 1.50914e+04
7.25730e-02 1.41440e+04
7.75647e-02 1.29321e+04
8.25476e-02 1.00137e+04
8.75441e-02 1.01664e+04
9.25437e-02 9.19956e+03
9.75415e-02 7.57961e+03
1.02541e-01 7.00477e+03
1.07542e-01 7.14413e+03
1.12541e-01 6.83691e+03
1.17533e-01 6.15293e+03
1.22524e-01 6.00896e+03
1.27531e-01 5.83005e+03
1.32537e-01 4.90500e+03
1.37532e-01 4.72266e+03
1.42526e-01 4.51172e+03
1.47525e-01 4.11000e+03
1.52527e-01 3.62661e+03
1.57525e-01 3.48634e+03
1.62524e-01 3.38846e+03
1.67524e-01 3.04406e+03
1.72523e-01 2.39739e+03
1.77521e-01 2.71540e+03
1.82521e-01 1.91264e+03
1.87522e-01 2.36913e+03
1.92522e-01 2.43460e+03
1.97522e-01 1.97091e+03
2.02520e-01 1.96162e+03
2.07516e-01 1.53598e+03
2.12515e-01 1.67974e+03
2.17519e-01 1.87677e+03
2.22521e-01 2.03867e+03
2.27520e-01 1.91602e+03
2.32521e-01 1.58445e+03
2.37519e-01 1.36075e+03
2.42517e-01 1.23472e+03
2.47516e-01 1.04605e+03
2.52517e-01 5.09102e+02
2.57519e-01 1.02689e+03
2.62519e-01 4.36633e+02
2.67517e-01 1.65039e+02
2.72515e-01 7.79852e+02
2.77516e-01 1.19335e+03
2.82516e-01 7.38719e+02
2.87515e-01 7.12023e+02
2.92513e-01 4.81352e+02
2.97512e-01 4.19539e+02
3.02513e-01 7.70750e+02
3.07511e-01 7.39906e+02
3.12511e-01 3.10812e+02
3.17513e-01 -4.25703e+01
3.22513e-01 4.18094e+02
3.27512e-01 5.08195e+02
3.32509e-01 8.94172e+02
3.37510e-01 7.69023e+02
3.42513e-01 4.33211e+02
3.47514e-01 2.70891e+02
3.52514e-01 -1.61875e+01
3.57512e-01 4.53727e+02
3.62512e-01 3.27945e+02
3.67512e-01 3.62680e+02
3.72510e-01 -2.26172e+01
3.77511e-01 2.18648e+02
3.82512e-01 5.39109e+02
3.87512e-01 4.55469e+01
3.92510e-01 1.59477e+02
3.97510e-01 5.26484e+01
3.75378e-03 6.46990e+03
8.05040e-03 -3.38077e+03
1.28486e-02 2.41721e+04
1.77516e-02 1.54278e+04
2.26918e-02 3.12272e+04
2.76480e-02 2.58709e+03
3.26126e-02 5.05458e+03
3.76111e-02 4.17658e+03
4.26130e-02 8.49135e+03
4.76051e-02 1.03889e+04
5.25913e-02 1.07911e+04
5.75684e-02 4.54684e+03
6.25625e-02 8.55513e+03
6.75666e-02 1.06758e+04
7.25730e-02 5.37779e+03
7.75647e-02 1.03034e+03
8.25476e-02 8.18604e+03
8.75441e-02 4.94392e+03
9.25437e-02 4.56852e+02
9.75415e-02 7.88716e+02
1.02541e-01 3.11881e+03
1.07542e-01 1.15428e+03
1.12541e-01 1.24246e+03
1.17533e-01 5.55042e+02
1.22524e-01 1.01519e+03
1.27531e-01 3.48603e+03
1.32537e-01 5.61445e+02
1.37532e-01 2.59575e+03
1.42526e-01 3.34870e+03
1.47525e-01 1.49354e+03
1.52527e-01 -6.55097e+02
1.57525e-01 5.97565e+02
1.62524e-01 1.59135e+03
1.67524e-01 -2.12357e+03
1.72523e-01 -7.18713e+02
1.77521e-01 -4.37879e+02
1.82521e-01 6.94090e+01
1.87522e-01 1.34858e+03
1.92522e-01 9.07233e+02
1.97522e-01 -1.11720e+03
2.02520e-01 2.53123e+02
2.07516e-01 -4.82909e+01
2.12515e-01 -8.58137e+01
2.17519e-01 -1.13609e+03
2.22521e-01 1.31417e+03
2.27520e-01 7.22301e+02
2.32521e-01 7.59976e+02
2.37519e-01 2.66876e+02
2.42517e-01 -1.06842e+03
2.47516e-01 -6.18575e+02
2.52517e-01 -1.66359e+03
2.57519e-01 -5.71340e+02
2.62519e-01 2.25566e+02
2.67517e-01 2.36696e+02
2.72515e-01 -8.81064e+02
2.77516e-01 -1.09385e+03
2.82516e-01 -4.98336e+02
2.87515e-01 -3.41614e+02
2.92513e-01 -7.92257e+01
2.97512e-01 -5.75677e+01
3.02513e-01 4.22957e+01
3.07511e-01 6.42387e+02
3.12511e-01 -1.44651e+02
3.17513e-01 -5.24146e+01
3.22513e-01 5.50983e+02
3.27512e-01 -1.50078e+02
3.32509e-01 -8.24749e+02
3.37510e-01 -1.27944e+01
3.42513e-01 4.19393e+02
3.47514e-01 -8.85159e+01
3.52514e-01 -7.21763e+00
3.57512e-01 4.53462e+01
3.62512e-01 -2.87653e+02
3.67512e-01 -1.99633e+02
3.72510e-01 3.06633e+02
3.77511e-01 6.10303e+02
3.82512e-01 2.52586e+02
3.87512e-01 -2.18171e+02
3.92510e-01 -1.78278e+02
3.97510e-01 -1.07315e+02
