59 2
k power
8.01858e-03 2.88431e+04
1.28441e-02 3.61812e+04
1.77514e-02 3.85806e+04
2.26910e-02 3.04692e+04
2.76613e-02 3.42135e+04
3.26316e-02 2.70231e+04
3.76089e-02 2.42831e+04
4.25899e-02 2.23393e+04
4.75838e-02 1.88562e+04
5.25894e-02 1.60210e+04
5.75770e-02 1.50572e+04
6.25679e-02 1.30880e+04
6.75637e-02 1.13634e+04
7.25587e-02 1.19592e+04
7.75534e-02 1.30868e+04
8.25494e-02 1.01613e+04
8.75470e-02 9.08783e+03
9.25421e-02 8.21561e+03
9.75420e-02 7.62836e+03
1.02542e-01 7.29578e+03
1.07541e-01 5.99357e+03
1.12539e-01 4.72175e+03
1.17536e-01 5.02287e+03
1.22536e-01 5.16376e+03
1.27533e-01 4.54280e+03
1.32529e-01 4.36797e+03
1.37528e-01 4.81200e+03
1.42529e-01 5.23141e+03
1.47530e-01 4.62298e+03
1.52529e-01 4.69877e+03
1.57528e-01 3.77788e+03
1.62527e-01 3.50238e+03
1.67527e-01 3.80591e+03
1.72526e-01 4.03876e+03
1.77523e-01 3.42337e+03
1.82522e-01 2.58409e+03
1.87521e-01 2.11149e+03
1.92521e-01 2.38696e+03
1.97520e-01 1.78694e+03
2.02519e-01 2.23665e+03
2.07520e-01 2.04479e+03
2.12519e-01 1.93527e+03
2.17519e-01 1.94168e+03
2.22518e-01 2.30882e+03
2.27517e-01 1.50011e+03
2.32518e-01 7.33500e+02
2.37519e-01 6.62492e+02
2.42519e-01 5.66430e+02
2.47519e-01 8.73797e+02
2.52518e-01 1.09657e+03
2.57516e-01 1.15451e+03
2.62515e-01 1.26749e+03
2.67514e-01 8.43961e+02
2.72514e-01 1.14818e+03
2.77515e-01 1.28358e+03
2.82515e-01 1.00177e+03
2.87515e-01 1.44373e+03
2.92514e-01 1.24704e+03
2.97513e-01 1.08321e+03
8.01858e-03 1.51683e+04
1.28441e-02 -2.27159e+04
1.77514e-02 -1.39841e+04
2.26910e-02 6.05962e+03
2.76613e-02 2.63977e+04
3.26316e-02 2.41427e+04
3.76089e-02 9.10288e+03
4.25899e-02 1.38092e+04
4.75838e-02 1.82055e+04
5.25894e-02 1.13920e+04
5.75770e-02 1.31321e+04
6.25679e-02 9.86057e+03
6.75637e-02 5.24674e+03
7.25587e-02 4.12431e+03
7.75534e-02 4.84945e+03
8.25494e-02 9.71075e+02
8.75470e-02 1.79496e+02
9.25421e-02 2.80229e+03
9.75420e-02 1.65531e+03
1.02542e-01 4.74721e+03
1.07541e-01 2.92531e+03
1.12539e-01 2.95213e+02
1.17536e-01 1.04186e+03
1.22536e-01 2.34646e+03
1.27533e-01 7.04405e+02
1.32529e-01 9.11298e+02
1.37528e-01 2.69566e+03
1.42529e-01 2.31204e+03
1.47530e-01 1.46554e+03
1.52529e-01 1.50004e+02
1.57528e-01 6.59945e+02
1.62527e-01 1.66757e+03
1.67527e-01 1.46908e+03
1.72526e-01 -6.85061e+02
1.77523e-01 1.23396e+03
1.82522e-01 2.57941e+03
1.87521e-01 8.70701e+02
1.92521e-01 9.80927e+02
1.97520e-01 4.16663e+02
2.02519e-01 5.22951e+02
2.07520e-01 1.32547e+03
2.12519e-01 -1.91334e+02
2.17519e-01 -4.94382e+02
2.22518e-01 3.50658e+02
2.27517e-01 8.16725e+02
2.32518e-01 -6.89290e+02
2.37519e-01 6.74481e+01
2.42519e-01 -3.41357e+02
2.47519e-01 -1.18392e+02
2.52518e-01 -2.34783e+02
2.57516e-01 -3.73271e+02
2.62515e-01 -1.15424e+02
2.67514e-01 2.73275e+02
2.72514e-01 1.02999e+03
2.77515e-01 -3.74004e+02
2.82515e-01 -1.19863e+03
2.87515e-01 -1.49175e+03
2.92514e-01 -3.87239e+02
2.97513e-01 -6.80531e+02
