60 2
k power
3.70544e-03 4.02995e+04
8.00271e-03 2.67398e+04
1.28497e-02 3.39600e+04
1.77641e-02 3.25826e+04
2.26842e-02 3.59213e+04
2.76464e-02 3.64966e+04
3.26361e-02 3.03077e+04
3.76229e-02 2.49434e+04
4.26066e-02 2.08677e+04
4.75842e-02 1.47926e+04
5.25722e-02 1.60823e+04
5.75659e-02 1.35530e+04
6.25589e-02 1.72104e+04
6.75629e-02 1.20525e+04
7.25605e-02 1.26067e+04
7.75516e-02 1.31334e+04
8.25500e-02 1.03451e+04
8.75455e-02 9.03538e+03
9.25437e-02 9.84922e+03
9.75415e-02 9.15470e+03
1.02534e-01 6.65582e+03
1.07536e-01 7.21745e+03
1.12540e-01 6.08943e+03
1.17537e-01 4.28567e+03
1.22533e-01 4.86069e+03
1.27534e-01 5.22184e+03
1.32530e-01 5.10882e+03
1.37531e-01 5.52116e+03
1.42530e-01 3.91883e+03
1.47526e-01 4.11932e+03
1.52527e-01 4.06925e+03
1.57528e-01 3.42909e+03
1.62527e-01 3.34399e+03
1.67526e-01 3.03252e+03
1.72526e-01 2.32670e+03
1.77526e-01 2.55708e+03
1.82527e-01 2.95102e+03
1.87525e-01 2.38947e+03
1.92520e-01 2.73781e+03
1.97516e-01 2.63475e+03
2.02513e-01 2.44770e+03
2.07516e-01 1.80951e+03
2.12517e-01 1.24541e+03
2.17519e-01 1.42246e+03
2.22521e-01 2.13683e+03
2.27519e-01 1.70776e+03
2.32521e-01 1.50073e+03
2.37520e-01 7.42766e+02
2.42520e-01 1.13105e+03
2.47519e-01 9.07242e+02
2.52516e-01 1.56609e+03
2.57514e-01 9.22102e+02
2.62513e-01 8.38117e+02
2.67513e-01 6.73789e+02
2.72514e-01 8.17070e+02
2.77515e-01 9.68000e+02
2.82516e-01 6.84953e+02
2.87514e-01 6.87969e+02
2.92512e-01 9.25141e+02
2.97514e-01 3.63609e+02
3.70544e-03 -8.20220e+03
8.00271e-03 1.69123e+04
1.28497e-02 1.40704e+04
1.77641e-02 -9.85461e+03
2.26842e-02 -2.96130e+03
2.76464e-02 -9.03942e+01
3.26361e-02 1.06520e+04
3.76229e-02 6.13820e+03
4.26066e-02 1.25895e+04
4.75842e-02 9.33232e+03
5.25722e-02 8.83521e+03
5.75659e-02 6.45885e+03
6.25589e-02 7.33308e+03
6.75629e-02 1.54877e+03
7.25605e-02 4.57126e+03
7.75516e-02 5.50419e+03
8.25500e-02 5.73821e+03
8.75455e-02 2.58183e+03
9.25437e-02 1.39893e+03
9.75415e-02 9.78951e+02
1.02534e-01 3.71168e+03
1.07536e-01 2.28968e+03
1.12540e-01 1.75263e+02
1.17537e-01 -1.54567e+02
1.22533e-01 5.81330e+02
1.27534e-01 1.49436e+03
1.32530e-01 -7.15519e+01
1.37531e-01 -7.50842e+02
1.42530e-01 7.59300e+02
1.47526e-01 -3.75381e+02
1.52527e-01 2.82577e+02
1.57528e-01 5.72841e+02
1.62527e-01 5.63976e+00
1.67526e-01 -3.83204e+02
1.72526e-01 -5.69215e+02
1.77526e-01 -7.89202e+02
1.82527e-01 9.42072e+02
1.87525e-01 -7.41819e+02
1.92520e-01 -1.88998e+02
1.97516e-01 9.27363e+01
2.02513e-01 -4.51648e+02
2.07516e-01 -1.39781e+02
2.12517e-01 4.64239e+02
2.17519e-01 -2.56529e+02
2.22521e-01 -9.82106e+02
2.27519e-01 -1.01428e+03
2.32521e-01 -1.00166e+03
2.37520e-01 -1.65956e+02
2.42520e-01 1.55037e+02
2.47519e-01 -5.51438e+02
2.52516e-01 -2.65194e+02
2.57514e-01 -3.27465e+02
2.62513e-01 -6.24261e+02
2.67513e-01 -4.50236e+02
2.72514e-01 3.76014e+02
2.77515e-01 -4.50073e+01
2.82516e-01 -1.55496e+01
2.87514e-01 -4.19424e+02
2.92512e-01 -5.28026e+02
2.97514e-01 -5.92975e+02
