60 2
k power
3.78596e-03 -1.66306e+04
8.05565e-03 2.54950e+04
1.28387e-02 3.15235e+04
1.77584e-02 3.98085e+04
2.26862e-02 3.24990e+04
2.76450e-02 3.02197e+04
3.26261e-02 2.49007e+04
3.76152e-02 2.70486e+04
4.26121e-02 2.38990e+04
4.75881e-02 1.78087e+04
5.25764e-02 1.75409e+04
5.75766e-02 2.03884e+04
6.25706e-02 1.69666e+04
6.75643e-02 1.33062e+04
7.25546e-02 1.21429e+04
7.75520e-02 1.08915e+04
8.25499e-02 1.09778e+04
8.75466e-02 1.18519e+04
9.25461e-02 8.96927e+03
9.75410e-02 7.23466e+03
1.02539e-01 7.60952e+03
1.07538e-01 6.64273e+03
1.12539e-01 6.59671e+03
1.17539e-01 5.84578e+03
1.22534e-01 4.76705e+03
1.27532e-01 5.55930e+03
1.32531e-01 4.95422e+03
1.37529e-01 4.75093e+03
1.42529e-01 4.28160e+03
1.47527e-01 3.42462e+03
1.52526e-01 3.22192e+03
1.57526e-01 2.69727e+03
1.62527e-01 2.91579e+03
1.67528e-01 2.52720e+03
1.72524e-01 2.55477e+03
1.77522e-01 2.00841e+03
1.82524e-01 2.39899e+03
1.87522e-01 2.83834e+03
1.92522e-01 1.99921e+03
1.97523e-01 2.13240e+03
2.02522e-01 1.23079e+03
2.07520e-01 2.00528e+03
2.12520e-01 1.35722e+03
2.17519e-01 1.16938e+03
2.22517e-01 1.52330e+03
2.27517e-01 1.31854e+03
2.32517e-01 1.18994e+03
2.37517e-01 1.45541e+03
2.42517e-01 1.23261e+03
2.47517e-01 9.56414e+02
2.52517e-01 1.04333e+03
2.57516e-01 1.14059e+03
2.62515e-01 8.66234e+02
2.67515e-01 7.99531e+02
2.72514e-01 7.95250e+02
2.77515e-01 7.55156e+02
2.82515e-01 9.36727e+02
2.87514e-01 4.14086e+02
2.92514e-01 6.66703e+02
2.97513e-01 5.62453e+02
3.78596e-03 4.41116e+04
8.05565e-03 -1.07591e+04
1.28387e-02 2.08217e+03
1.77584e-02 4.90420e+03
2.26862e-02 1.50765e+04
2.76450e-02 1.38487e+04
3.26261e-02 5.75239e+03
3.76152e-02 1.79706e+04
4.26121e-02 6.01268e+03
4.75881e-02 1.98823e+03
5.25764e-02 5.65032e+03
5.75766e-02 7.09873e+03
6.25706e-02 6.69622e+03
6.75643e-02 5.45923e+03
7.25546e-02 3.01867e+03
7.75520e-02 4.74132e+03
8.25499e-02 3.83430e+03
8.75466e-02 5.26078e+03
9.25461e-02 4.82649e+03
9.75410e-02 -7.13255e+02
1.02539e-01 1.74952e+03
1.07538e-01 1.46446e+03
1.12539e-01 1.01024e+03
1.17539e-01 3.15030e+03
1.22534e-01 2.69717e+03
1.27532e-01 1.09698e+03
1.32531e-01 5.00850e+02
1.37529e-01 3.05482e+03
1.42529e-01 6.98691e+02
1.47527e-01 -1.39924e+03
1.52526e-01 1.83542e+03
1.57526e-01 8.04832e+02
1.62527e-01 -3.92866e+02
1.67528e-01 5.89718e+02
1.72524e-01 9.68780e+02
1.77522e-01 2.38756e+03
1.82524e-01 1.41513e+03
1.87522e-01 1.23961e+03
1.92522e-01 1.32824e+02
1.97523e-01 4.20773e+02
2.02522e-01 5.53359e+02
2.07520e-01 1.11308e+02
2.12520e-01 -1.27537e+03
2.17519e-01 1.29308e+01
2.22517e-01 5.48201e+01
2.27517e-01 3.11678e+02
2.32517e-01 -2.51898e+01
2.37517e-01 -4.14122e+02
2.42517e-01 1.86433e+02
2.47517e-01 6.30215e+02
2.52517e-01 8.30483e+01
2.57516e-01 7.36670e+02
2.62515e-01 -4.09045e+02
2.67515e-01 1.96561e+02
2.72514e-01 4.52378e+02
2.77515e-01 4.65671e+01
2.82515e-01 -4.08540e+01
2.87514e-01 -9.20460e+02
2.92514e-01 2.58600e+02
2.97513e-01 7.76390e+00
