80 2
k power
3.70544e-03 3.14791e+04
8.00271e-03 2.67830e+04
1.28497e-02 2.35478e+04
1.77641e-02 2.89855e+04
2.26842e-02 3.96170e+04
2.76464e-02 3.69139e+04
3.26361e-02 2.90796e+04
3.76229e-02 2.33731e+04
4.26066e-02 2.63002e+04
4.75842e-02 2.11957e+04
5.25722e-02 1.96310e+04
5.75659e-02 1.39349e+04
6.25589e-02 1.34024e+04
6.75629e-02 1.35272e+04
7.25605e-02 1.22940e+04
7.75516e-02 1.16054e+04
8.25500e-02 1.09320e+04
8.75455e-02 9.41767e+03
9.25437e-02 9.82655e+03
9.75415e-02 8.26908e+03
1.02534e-01 7.65667e+03
1.07536e-01 7.57759e+03
1.12540e-01 5.78690e+03
1.17537e-01 6.28540e+03
1.22533e-01 5.41048e+03
1.27534e-01 6.30716e+03
1.32530e-01 5.17818e+03
1.37531e-01 4.91580e+03
1.42530e-01 3.73216e+03
1.47526e-01 3.54866e+03
1.52527e-01 3.79720e+03
1.57528e-01 3.91290e+03
1.62527e-01 2.91773e+03
1.67526e-01 2.37227e+03
1.72526e-01 2.42793e+03
1.77526e-01 2.67526e+03
1.82527e-01 2.84670e+03
1.87525e-01 2.04259e+03
1.92520e-01 1.94668e+03
1.97516e-01 1.67476e+03
2.02513e-01 2.27719e+03
2.07516e-01 2.33011e+03
2.12517e-01 1.65951e+03
2.17519e-01 1.38519e+03
2.22521e-01 1.37804e+03
2.27519e-01 1.85542e+03
2.32521e-01 9.71523e+02
2.37520e-01 9.76969e+02
2.42520e-01 1.16666e+03
2.47519e-01 1.00788e+03
2.52516e-01 9.52391e+02
2.57514e-01 7.17297e+02
2.62513e-01 8.12500e+02
2.67513e-01 6.26711e+02
2.72514e-01 5.01320e+02
2.77515e-01 9.13023e+02
2.82516e-01 9.98867e+02
2.87514e-01 7.71000e+02
2.92512e-01 6.18898e+02
2.97514e-01 4.23398e+02
3.02516e-01 2.00062e+02
3.07515e-01 1.91422e+02
3.12512e-01 1.99273e+02
3.17510e-01 4.36211e+02
3.22511e-01 4.96602e+02
3.27512e-01 2.15711e+02
3.32512e-01 4.43562e+02
3.37512e-01 2.66859e+02
3.42513e-01 4.99688e+01
3.47513e-01 1.59133e+02
3.52513e-01 9.72500e+01
3.57513e-01 3.12164e+02
3.62512e-01 2.27789e+02
3.67512e-01 4.79094e+02
3.72512e-01 2.31367e+02
3.77511e-01 2.17383e+02
3.82510e-01 2.01672e+02
3.87510e-01 2.50969e+02
3.92510e-01 -1.66102e+02
3.97510e-01 -2.22422e+01
3.70544e-03 -1.15993e+04
8.00271e-03 5.21774e+03
1.28497e-02 -1.24981e+04
1.77641e-02 9.22539e+03
2.26842e-02 1.09668e+04
2.76464e-02 1.24783e+04
3.26361e-02 2.94576e+04
3.76229e-02 1.06750e+04
4.26066e-02 1.93593e+04
4.75842e-02 9.98475e+03
5.25722e-02 1.10237e+04
5.75659e-02 8.74693e+03
6.25589e-02 8.20958e+03
6.75629e-02 4.25553e+03
7.25605e-02 6.30286e+03
7.75516e-02 2.63762e+03
8.25500e-02 3.51432e+03
8.75455e-02 3.27851e+03
9.25437e-02 1.83351e+03
9.75415e-02 3.13402e+02
1.02534e-01 2.10790e+03
1.07536e-01 5.07808e+02
1.12540e-01 2.90149e+03
1.17537e-01 3.22759e+01
1.22533e-01 -2.22598e+03
1.27534e-01 2.24987e+03
1.32530e-01 9.93075e+02
1.37531e-01 8.67193e+02
1.42530e-01 9.00060e+02
1.47526e-01 4.46131e+02
1.52527e-01 -5.10767e+02
1.57528e-01 -7.44996e+02
1.62527e-01 -1.10770e+03
1.67526e-01 -6.90073e+02
1.72526e-01 -1.58979e+02
1.77526e-01 5.82812e+02
1.82527e-01 9.98420e+02
1.87525e-01 3.36957e+02
1.92520e-01 2.66543e+02
1.97516e-01 1.48419e+03
2.02513e-01 -1.03159e+03
2.07516e-01 -9.89932e+02
2.12517e-01 7.54071e+01
2.17519e-01 1.17966e+02
2.22521e-01 -2.53293e+02
2.27519e-01 -2.10268e+02
2.32521e-01 -4.02310e+02
2.37520e-01 -6.00687e+01
2.42520e-01 -5.58595e+02
2.47519e-01 -7.03806e+02
2.52516e-01 4.87787e+02
2.57514e-01 -7.55958e+02
2.62513e-01 -2.39048e+01
2.67513e-01 -7.11268e+02
2.72514e-01 -6.60726e+02
2.77515e-01 2.51015e+02
2.82516e-01 3.68123e+02
2.87514e-01 -7.86888e+01
2.92512e-01 -3.84145e+02
2.97514e-01 5.16508e+02
3.02516e-01 2.95684e+01
3.07515e-01 7.64507e+02
3.12512e-01 9.25442e+01
3.17510e-01 4.63677e+02
3.22511e-01 -7.90717e+02
3.27512e-01 -2.36821e+02
3.32512e-01 -8.43950e+02
3.37512e-01 1.34084e+02
3.42513e-01 -4.82038e+02
3.47513e-01 -1.62747e+02
3.52513e-01 -8.51561e+01
3.57513e-01 -4.59803e+01
3.62512e-01 -3.77361e+02
3.67512e-01 3.54217e+02
3.72512e-01 -3.89383e+02
3.77511e-01 -2.56405e+02
3.82510e-01 -1.11883e+02
3.87510e-01 -3.81661e+02
3.92510e-01 -6.08689e+02
3.97510e-01 2.55295e+02
