60 2
k power
3.70814e-03 4.14665e+04
8.01858e-03 2.87082e+04
1.28441e-02 2.90275e+04
1.77514e-02 2.83560e+04
2.26910e-02 3.71302e+04
2.76613e-02 3.28636e+04
3.26316e-02 2.67711e+04
3.76089e-02 2.11648e+04
4.25899e-02 2.03334e+04
4.75838e-02 1.83180e+04
5.25894e-02 1.79247e+04
5.75770e-02 1.81246e+04
6.25679e-02 1.44130e+04
6.75637e-02 1.42867e+04
7.25587e-02 1.37652e+04
7.75534e-02 1.26778e+04
8.25494e-02 1.06129e+04
8.75470e-02 8.68983e+03
9.25421e-02 8.24745e+03
9.75420e-02 9.15414e+03
1.02542e-01 7.48921e+03
1.07541e-01 6.23355e+03
1.12539e-01 6.97838e+03
1.17536e-01 5.98731e+03
1.22536e-01 5.47641e+03
1.27533e-01 6.08193e+03
1.32529e-01 5.38080e+03
1.37528e-01 5.22938e+03
1.42529e-01 4.79866e+03
1.47530e-01 3.84336e+03
1.52529e-01 2.83602e+03
1.57528e-01 3.71579e+03
1.62527e-01 3.65160e+03
1.67527e-01 2.59227e+03
1.72526e-01 3.25223e+03
1.77523e-01 3.02842e+03
1.82522e-01 2.83287e+03
1.87521e-01 1.97826e+03
1.92521e-01 2.08857e+03
1.97520e-01 1.82087e+03
2.02519e-01 1.48714e+03
2.07520e-01 2.01660e+03
2.12519e-01 2.07767e+03
2.17519e-01 1.76663e+03
2.22518e-01 1.62728e+03
2.27517e-01 1.68759e+03
2.32518e-01 1.08167e+03
2.37519e-01 1.70431e+03
2.42519e-01 1.55112e+03
2.47519e-01 1.56157e+03
2.52518e-01 1.33152e+03
2.57516e-01 7.65367e+02
2.62515e-01 7.99016e+02
2.67514e-01 9.22750e+02
2.72514e-01 1.00617e+03
2.77515e-01 6.66086e+02
2.82515e-01 9.93680e+02
2.87515e-01 7.96703e+02
2.92514e-01 4.72375e+02
2.97513e-01 4.75789e+02
3.70814e-03 -3.79533e+03
8.01858e-03 3.93006e+04
1.28441e-02 1.93187e+03
1.77514e-02 2.25013e+04
2.26910e-02 1.74349e+04
2.76613e-02 2.99861e+03
3.26316e-02 1.62973e+04
3.76089e-02 1.22738e+01
4.25899e-02 -1.37835e+03
4.75838e-02 1.79965e+03
5.25894e-02 1.47386e+04
5.75770e-02 8.60395e+03
6.25679e-02 8.57674e+03
6.75637e-02 3.26996e+03
7.25587e-02 2.79141e+03
7.75534e-02 2.53664e+03
8.25494e-02 5.32108e+03
8.75470e-02 -2.82517e+02
9.25421e-02 -8.98804e+02
9.75420e-02 1.31410e+03
1.02542e-01 2.31815e+03
1.07541e-01 3.45272e+03
1.12539e-01 1.12563e+03
1.17536e-01 1.90287e+03
1.22536e-01 2.00600e+03
1.27533e-01 1.52264e+03
1.32529e-01 3.83875e+03
1.37528e-01 1.72393e+03
1.42529e-01 3.06688e+02
1.47530e-01 1.98808e+03
1.52529e-01 2.09856e+03
1.57528e-01 4.02641e+01
1.62527e-01 -5.40785e+01
1.67527e-01 -1.28597e+03
1.72526e-01 1.12767e+03
1.77523e-01 -9.98799e+02
1.82522e-01 9.29606e+02
1.87521e-01 7.97329e+02
1.92521e-01 -7.65275e+02
1.97520e-01 -1.11684e+03
2.02519e-01 -8.21862e+02
2.07520e-01 -3.26443e+02
2.12519e-01 5.01540e+02
2.17519e-01 3.71765e+02
2.22518e-01 4.82963e+02
2.27517e-01 -9.05751e+02
2.32518e-01 -1.19972e+03
2.37519e-01 -7.70811e+02
2.42519e-01 6.71867e+02
2.47519e-01 4.29621e+02
2.52518e-01 -5.57961e+02
2.57516e-01 5.07836e+02
2.62515e-01 7.71509e+01
2.67514e-01 4.55128e+02
2.72514e-01 -8.67523e+01
2.77515e-01 6.38253e+02
2.82515e-01 -3.49456e+02
2.87515e-01 1.57668e+01
2.92514e-01 -2.92982e+01
2.97513e-01 -7.79869e+02
