60 2
k power
3.78596e-03 6.50734e+02
8.05565e-03 1.80730e+04
1.28387e-02 2.33282e+04
1.77584e-02 4.30287e+04
2.26862e-02 4.22707e+04
2.76450e-02 3.49273e+04
3.26261e-02 2.87528e+04
3.76152e-02 2.08760e+04
4.26121e-02 1.92063e+04
4.75881e-02 2.16775e+04
5.25764e-02 2.01305e+04
5.75766e-02 1.78864e+04
6.25706e-02 1.70556e+04
6.75643e-02 1.30895e+04
7.25546e-02 1.19378e+04
7.75520e-02 1.00955e+04
8.25499e-02 1.19254e+04
8.75466e-02 1.16651e+04
9.25461e-02 8.33849e+03
9.75410e-02 8.14987e+03
1.02539e-01 8.41198e+03
1.07538e-01 6.43151e+03
1.12539e-01 5.83409e+03
1.17539e-01 6.12574e+03
1.22534e-01 5.25345e+03
1.27532e-01 4.92478e+03
1.32531e-01 5.83526e+03
1.37529e-01 3.65741e+03
1.42529e-01 3.69137e+03
1.47527e-01 2.95963e+03
1.52526e-01 2.60836e+03
1.57526e-01 3.75487e+03
1.62527e-01 3.23333e+03
1.67528e-01 2.32055e+03
1.72524e-01 2.14616e+03
1.77522e-01 2.42020e+03
1.82524e-01 1.53243e+03
1.87522e-01 1.38814e+03
1.92522e-01 1.44965e+03
1.97523e-01 2.52162e+03
2.02522e-01 1.60310e+03
2.07520e-01 1.65947e+03
2.12520e-01 1.43184e+03
2.17519e-01 1.66955e+03
2.22517e-01 1.08467e+03
2.27517e-01 1.27030e+03
2.32517e-01 1.21259e+03
2.37517e-01 1.45334e+03
2.42517e-01 1.42390e+03
2.47517e-01 9.97766e+02
2.52517e-01 9.39273e+02
2.57516e-01 4.77219e+02
2.62515e-01 5.93648e+02
2.67515e-01 6.55680e+02
2.72514e-01 8.91242e+02
2.77515e-01 9.31141e+02
2.82515e-01 6.71055e+02
2.87514e-01 1.26695e+02
2.92514e-01 -1.45703e+01
2.97513e-01 6.93867e+02
3.78596e-03 4.04996e+04
8.05565e-03 6.53689e+04
1.28387e-02 2.60857e+04
1.77584e-02 2.40963e+04
2.26862e-02 1.59750e+04
2.76450e-02 1.77626e+04
3.26261e-02 1.32878e+04
3.76152e-02 7.15495e+03
4.26121e-02 1.63960e+03
4.75881e-02 -2.38495e+03
5.25764e-02 1.79319e+03
5.75766e-02 8.18716e+03
6.25706e-02 4.09004e+03
6.75643e-02 5.98635e+03
7.25546e-02 2.25427e+03
7.75520e-02 5.08526e+03
8.25499e-02 1.17884e+03
8.75466e-02 3.14270e+03
9.25461e-02 3.10438e+03
9.75410e-02 1.01818e+03
1.02539e-01 1.75280e+03
1.07538e-01 1.00042e+03
1.12539e-01 1.46324e+03
1.17539e-01 2.40447e+03
1.22534e-01 1.51576e+03
1.27532e-01 -5.00883e+01
1.32531e-01 1.89865e+03
1.37529e-01 1.25230e+03
1.42529e-01 1.65585e+03
1.47527e-01 -8.40658e+02
1.52526e-01 6.71512e+02
1.57526e-01 1.92110e+03
1.62527e-01 6.10752e+02
1.67528e-01 -1.14028e+02
1.72524e-01 -1.36870e+03
1.77522e-01 1.53745e+02
1.82524e-01 1.73489e+02
1.87522e-01 7.77658e+02
1.92522e-01 -5.81050e+02
1.97523e-01 -1.80691e+03
2.02522e-01 4.88602e+01
2.07520e-01 5.85820e+02
2.12520e-01 -3.03294e+02
2.17519e-01 -1.06952e+03
2.22517e-01 2.13944e+02
2.27517e-01 -7.43837e+02
2.32517e-01 -1.87990e+03
2.37517e-01 6.64922e+02
2.42517e-01 1.89708e+02
2.47517e-01 -6.88085e+02
2.52517e-01 3.11379e+02
2.57516e-01 -6.05587e+01
2.62515e-01 -3.16033e+02
2.67515e-01 3.05858e+01
2.72514e-01 -7.52990e+02
2.77515e-01 -7.94974e+02
2.82515e-01 -4.77379e+02
2.87514e-01 -1.16089e+02
2.92514e-01 -3.76804e+02
2.97513e-01 -7.65499e+02
