80 2
k power
3.75378e-03 7.83208e+04
8.05040e-03 6.28092e+04
1.28486e-02 3.21844e+04
1.77516e-02 3.32776e+04
2.26918e-02 3.62891e+04
2.76480e-02 2.39047e+04
3.26126e-02 2.22638e+04
3.76111e-02 2.15032e+04
4.26130e-02 2.08988e+04
4.76051e-02 1.69305e+04
5.25913e-02 1.75543e+04
5.75684e-02 1.44554e+04
6.25625e-02 1.12689e+04
6.75666e-02 1.56890e+04
7.25730e-02 1.54763e+04
7.75647e-02 1.33245e+04
8.25476e-02 1.20794e+04
8.75441e-02 1.08229e+04
9.25437e-02 9.03770e+03
9.75415e-02 7.35434e+03
1.02541e-01 5.43230e+03
1.07542e-01 5.34491e+03
1.12541e-01 4.69545e+03
1.17533e-01 5.65961e+03
1.22524e-01 4.25557e+03
1.27531e-01 4.94514e+03
1.32537e-01 4.25959e+03
1.37532e-01 3.66909e+03
1.42526e-01 3.50774e+03
1.47525e-01 3.64780e+03
1.52527e-01 3.02412e+03
1.57525e-01 2.88880e+03
1.62524e-01 2.85602e+03
1.67524e-01 2.73569e+03
1.72523e-01 2.80000e+03
1.77521e-01 2.60449e+03
1.82521e-01 2.25621e+03
1.87522e-01 2.60623e+03
1.92522e-01 2.50310e+03
1.97522e-01 2.70178e+03
2.02520e-01 2.55175e+03
2.07516e-01 1.62780e+03
2.12515e-01 1.32665e+03
2.17519e-01 1.73481e+03
2.22521e-01 1.36366e+03
2.27520e-01 1.26048e+03
2.32521e-01 1.28170e+03
2.37519e-01 1.17168e+03
2.42517e-01 9.37406e+02
2.47516e-01 1.10097e+03
2.52517e-01 1.41560e+03
2.57519e-01 1.42603e+03
2.62519e-01 1.14346e+03
2.67517e-01 8.08062e+02
2.72515e-01 9.21750e+02
2.77516e-01 7.37711e+02
2.82516e-01 4.01453e+02
2.87515e-01 3.73273e+02
2.92513e-01 3.81625e+02
2.97512e-01 7.63641e+02
3.02513e-01 9.67797e+02
3.07511e-01 3.88703e+02
3.12511e-01 5.97383e+02
3.17513e-01 2.90031e+02
3.22513e-01 2.23555e+02
3.27512e-01 5.62336e+02
3.32509e-01 8.86828e+02
3.37510e-01 6.16125e+02
3.42513e-01 9.13281e+00
3.47514e-01 3.70766e+02
3.52514e-01 1.86641e+02
3.57512e-01 4.80602e+02
3.62512e-01 3.71555e+02
3.67512e-01 3.37422e+02
3.72510e-01 2.85656e+02
3.77511e-01 -1.21297e+02
3.82512e-01 2.00586e+02
3.87512e-01 2.80094e+02
3.92510e-01 4.63742e+02
3.97510e-01 3.67289e+02
3.75378e-03 -7.20402e+04
8.05040e-03 1.08881e+05
1.28486e-02 3.47711e+04
1.77516e-02 1.63988e+04
2.26918e-02 3.56279e+04
2.76480e-02 1.54639e+04
3.26126e-02 2.08103e+04
3.76111e-02 9.83988e+03
4.26130e-02 3.65053e+03
4.76051e-02 6.19728e+03
5.25913e-02 8.42581e+03
5.75684e-02 9.63374e+03
6.25625e-02 9.23958e+03
6.75666e-02 9.00744e+03
7.25730e-02 5.63857e+03
7.75647e-02 4.58582e+03
8.25476e-02 2.74046e+02
8.75441e-02 1.23417e+03
9.25437e-02 3.58298e+03
9.75415e-02 1.08412e+03
1.02541e-01 7.23096e+02
1.07542e-01 2.31796e+03
1.12541e-01 3.33409e+03
1.17533e-01 3.91323e+03
1.22524e-01 3.08969e+03
1.27531e-01 3.48231e+03
1.32537e-01 3.05574e+03
1.37532e-01 1.74045e+03
1.42526e-01 2.01614e+03
1.47525e-01 2.35996e+03
1.52527e-01 3.40819e+03
1.57525e-01 1.89922e+03
1.62524e-01 3.12220e+03
1.67524e-01 2.38951e+03
1.72523e-01 1.15090e+03
1.77521e-01 1.72932e+03
1.82521e-01 4.94233e+02
1.87522e-01 -6.49075e+02
1.92522e-01 1.40165e+02
1.97522e-01 8.64961e+02
2.02520e-01 6.17054e+02
2.07516e-01 8.47752e+02
2.12515e-01 2.80943e+02
2.17519e-01 5.22176e+02
2.22521e-01 -1.43705e+02
2.27520e-01 1.78476e+02
2.32521e-01 4.04364e+02
2.37519e-01 -1.04636e+03
2.42517e-01 6.54853e+02
2.47516e-01 1.18579e+03
2.52517e-01 6.78150e+02
2.57519e-01 3.80123e+02
2.62519e-01 -6.04519e+02
2.67517e-01 -6.84803e+02
2.72515e-01 2.63091e+02
2.77516e-01 1.85302e+02
2.82516e-01 -1.10826e+02
2.87515e-01 -1.08672e+03
2.92513e-01 1.67955e+02
2.97512e-01 -4.29963e+01
3.02513e-01 7.09346e+01
3.07511e-01 1.92122e+02
3.12511e-01 2.47691e+02
3.17513e-01 5.86581e+02
3.22513e-01 3.05836e+02
3.27512e-01 -4.08410e+02
3.32509e-01 1.21961e+02
3.37510e-01 4.46368e+02
3.42513e-01 9.95561e+01
3.47514e-01 -1.10696e+02
3.52514e-01 1.81223e+02
3.57512e-01 4.31061e+02
3.62512e-01 -1.56732e+02
3.67512e-01 -2.25698e+02
3.72510e-01 1.10121e+02
3.77511e-01 -2.81848e+02
3.82512e-01 2.20966e+02
3.87512e-01 -2.19116e+02
3.92510e-01 -5.51882e+02
3.97510e-01 -1.21606e+02
