80 2
k power
3.75378e-03 -4.56899e+03
8.05040e-03 4.75163e+04
1.28486e-02 3.47233e+04
1.77516e-02 3.60365e+04
2.26918e-02 3.58188e+04
2.76480e-02 3.09482e+04
3.26126e-02 2.92120e+04
3.76111e-02 2.67259e+04
4.26130e-02 2.41273e+04
4.76051e-02 2.09238e+04
5.25913e-02 1.66113e+04
5.75684e-02 1.69990e+04
6.25625e-02 1.43953e+04
6.75666e-02 1.51266e+04
7.25730e-02 1.34616e+04
7.75647e-02 1.12302e+04
8.25476e-02 9.86930e+03
8.75441e-02 8.96282e+03
9.25437e-02 9.64301e+03
9.75415e-02 6.97545e+03
1.02541e-01 7.30879e+03
1.07542e-01 7.29755e+03
1.12541e-01 7.76848e+03
1.17533e-01 6.26934e+03
1.22524e-01 6.58801e+03
1.27531e-01 5.18806e+03
1.32537e-01 5.84347e+03
1.37532e-01 5.74337e+03
1.42526e-01 4.60730e+03
1.47525e-01 4.51362e+03
1.52527e-01 3.47139e+03
1.57525e-01 3.74734e+03
1.62524e-01 3.68163e+03
1.67524e-01 3.27645e+03
1.72523e-01 3.90942e+03
1.77521e-01 2.60291e+03
1.82521e-01 2.24335e+03
1.87522e-01 2.75609e+03
1.92522e-01 1.97890e+03
1.97522e-01 2.15073e+03
2.02520e-01 1.55830e+03
2.07516e-01 1.79384e+03
2.12515e-01 2.00617e+03
2.17519e-01 2.25425e+03
2.22521e-01 1.56516e+03
2.27520e-01 1.36777e+03
2.32521e-01 1.51792e+03
2.37519e-01 1.65556e+03
2.42517e-01 1.12291e+03
2.47516e-01 1.37320e+03
2.52517e-01 1.49765e+03
2.57519e-01 1.74198e+03
2.62519e-01 1.04001e+03
2.67517e-01 1.35242e+03
2.72515e-01 1.08445e+03
2.77516e-01 4.00977e+02
2.82516e-01 8.80312e+02
2.87515e-01 5.20461e+02
2.92513e-01 3.91414e+02
2.97512e-01 1.80312e+02
3.02513e-01 2.93336e+02
3.07511e-01 4.52234e+02
3.12511e-01 3.98734e+02
3.17513e-01 5.72672e+02
3.22513e-01 4.86062e+02
3.27512e-01 2.74141e+02
3.32509e-01 2.57148e+02
3.37510e-01 2.23156e+02
3.42513e-01 2.38352e+02
3.47514e-01 4.86438e+02
3.52514e-01 3.31602e+02
3.57512e-01 3.24664e+02
3.62512e-01 1.21922e+02
3.67512e-01 -1.17227e+02
3.72510e-01 2.76016e+01
3.77511e-01 4.21250e+02
3.82512e-01 4.49922e+02
3.87512e-01 1.96414e+02
3.92510e-01 1.38758e+02
3.97510e-01 1.85766e+02
3.75378e-03 2.34160e+04
8.05040e-03 -3.97904e+04
1.28486e-02 -1.77575e+04
1.77516e-02 2.02782e+04
2.26918e-02 1.63689e+04
2.76480e-02 9.18458e+03
3.26126e-02 6.01343e+03
3.76111e-02 1.36080e+04
4.26130e-02 1.12504e+04
4.76051e-02 1.08588e+04
5.25913e-02 8.50129e+03
5.75684e-02 7.02967e+03
6.25625e-02 6.56169e+03
6.75666e-02 5.01707e+03
7.25730e-02 1.82513e+03
7.75647e-02 6.24610e+03
8.25476e-02 4.71149e+03
8.75441e-02 -1.70273e+03
9.25437e-02 3.80574e+03
9.75415e-02 9.76362e+02
1.02541e-01 3.89296e+03
1.07542e-01 5.23817e+03
1.12541e-01 3.02638e+03
1.17533e-01 1.41235e+03
1.22524e-01 3.04298e+02
1.27531e-01 1.98213e+03
1.32537e-01 1.99909e+03
1.37532e-01 1.53631e+03
1.42526e-01 2.23306e+03
1.47525e-01 1.75670e+03
1.52527e-01 1.01015e+03
1.57525e-01 2.69528e+02
1.62524e-01 -2.55755e+02
1.67524e-01 -5.44604e+02
1.72523e-01 1.03900e+03
1.77521e-01 1.01260e+03
1.82521e-01 4.21550e+02
1.87522e-01 9.87842e+02
1.92522e-01 -2.02891e+02
1.97522e-01 2.02736e+02
2.02520e-01 -3.54092e+02
2.07516e-01 -7.00605e+02
2.12515e-01 2.12285e+02
2.17519e-01 -2.88001e+02
2.22521e-01 9.17366e+02
2.27520e-01 8.25227e+02
2.32521e-01 7.49769e+02
2.37519e-01 -8.59049e+01
2.42517e-01 -3.75126e+02
2.47516e-01 2.35919e+02
2.52517e-01 -4.69116e+02
2.57519e-01 -2.42786e+02
2.62519e-01 -7.63344e+01
2.67517e-01 2.99777e+02
2.72515e-01 -4.16108e+01
2.77516e-01 -1.60817e+03
2.82516e-01 -7.84091e+02
2.87515e-01 -5.27635e+02
2.92513e-01 -4.70259e+02
2.97512e-01 2.96354e+02
3.02513e-01 9.29140e+02
3.07511e-01 -8.99050e+02
3.12511e-01 -1.89974e+02
3.17513e-01 1.02215e+02
3.22513e-01 3.26139e+02
3.27512e-01 4.24729e+01
3.32509e-01 -6.46856e+02
3.37510e-01 -4.14474e+02
3.42513e-01 -9.25183e+02
3.47514e-01 -4.51748e+02
3.52514e-01 -1.35768e+02
3.57512e-01 -1.19141e+02
3.62512e-01 6.43005e+02
3.67512e-01 -2.15120e+02
3.72510e-01 -5.84103e+02
3.77511e-01 -7.91408e+02
3.82512e-01 -7.98362e+01
3.87512e-01 2.56144e+02
3.92510e-01 -5.25820e+02
3.97510e-01 -5.34131e+01
