60 2
k power
3.78596e-03 1.19100e+04
8.05565e-03 4.40599e+04
1.28387e-02 5.14609e+04
1.77584e-02 3.93726e+04
2.26862e-02 3.60646e+04
2.76450e-02 2.94013e+04
3.26261e-02 2.93255e+04
3.76152e-02 2.41230e+04
4.26121e-02 2.30213e+04
4.75881e-02 1.90044e+04
5.25764e-02 1.54773e+04
5.75766e-02 1.52296e+04
6.25706e-02 1.61769e+04
6.75643e-02 1.42935e+04
7.25546e-02 1.44340e+04
7.75520e-02 1.30435e+04
8.25499e-02 1.09743e+04
8.75466e-02 1.04246e+04
9.25461e-02 9.64696e+03
9.75410e-02 7.80711e+03
1.02539e-01 7.24535e+03
1.07538e-01 6.98760e+03
1.12539e-01 6.17405e+03
1.17539e-01 6.12066e+03
1.22534e-01 5.29112e+03
1.27532e-01 5.63817e+03
1.32531e-01 4.69754e+03
1.37529e-01 5.02770e+03
1.42529e-01 5.00384e+03
1.47527e-01 4.14412e+03
1.52526e-01 3.70421e+03
1.57526e-01 3.86978e+03
1.62527e-01 2.94814e+03
1.67528e-01 2.92937e+03
1.72524e-01 2.74017e+03
1.77522e-01 2.98209e+03
1.82524e-01 2.26739e+03
1.87522e-01 1.81505e+03
1.92522e-01 2.66327e+03
1.97523e-01 2.11296e+03
2.02522e-01 1.54056e+03
2.07520e-01 1.71528e+03
2.12520e-01 1.57160e+03
2.17519e-01 1.40338e+03
2.22517e-01 1.42527e+03
2.27517e-01 1.37316e+03
2.32517e-01 1.58552e+03
2.37517e-01 1.21348e+03
2.42517e-01 1.20223e+03
2.47517e-01 1.35312e+03
2.52517e-01 7.58156e+02
2.57516e-01 1.06641e+03
2.62515e-01 7.97352e+02
2.67515e-01 8.17602e+02
2.72514e-01 8.31914e+02
2.77515e-01 5.05219e+02
2.82515e-01 7.27562e+02
2.87514e-01 9.35484e+02
2.92514e-01 5.22625e+02
2.97513e-01 3.55398e+02
3.78596e-03 6.32499e+04
8.05565e-03 3.13665e+04
1.28387e-02 4.68173e+03
1.77584e-02 -2.13100e+03
2.26862e-02 5.34122e+03
2.76450e-02 9.70698e+03
3.26261e-02 1.90916e+04
3.76152e-02 2.14778e+04
4.26121e-02 9.52281e+03
4.75881e-02 2.14417e+03
5.25764e-02 4.27781e+03
5.75766e-02 9.21737e+03
6.25706e-02 3.31477e+03
6.75643e-02 8.96066e+03
7.25546e-02 9.99203e+02
7.75520e-02 4.46138e+03
8.25499e-02 3.01783e+03
8.75466e-02 3.76662e+03
9.25461e-02 1.42782e+03
9.75410e-02 2.66197e+03
1.02539e-01 5.07306e+03
1.07538e-01 1.89998e+03
1.12539e-01 2.47268e+03
1.17539e-01 1.87719e+03
1.22534e-01 1.77743e+03
1.27532e-01 1.69580e+03
1.32531e-01 -9.45377e+02
1.37529e-01 9.45713e+02
1.42529e-01 1.27933e+03
1.47527e-01 1.88692e+03
1.52526e-01 1.98067e+03
1.57526e-01 5.58066e+02
1.62527e-01 1.10881e+03
1.67528e-01 5.30210e+02
1.72524e-01 7.13261e+02
1.77522e-01 3.50182e+02
1.82524e-01 2.75992e+02
1.87522e-01 -3.07890e+02
1.92522e-01 8.91613e+02
1.97523e-01 1.01821e+03
2.02522e-01 1.56562e+03
2.07520e-01 5.01400e+02
2.12520e-01 -3.73295e+02
2.17519e-01 3.28116e+02
2.22517e-01 1.23303e+02
2.27517e-01 2.12460e+02
2.32517e-01 5.91734e+02
2.37517e-01 -3.09568e+02
2.42517e-01 9.40026e+02
2.47517e-01 3.64760e+02
2.52517e-01 -4.05547e+02
2.57516e-01 3.04713e+02
2.62515e-01 7.71713e+02
2.67515e-01 8.74699e+02
2.72514e-01 -1.12242e+03
2.77515e-01 -3.27127e+01
2.82515e-01 -4.59488e+02
2.87514e-01 7.38070e+01
2.92514e-01 -9.40021e+01
2.97513e-01 -1.55782e+01
