80 2
k power
3.70544e-03 1.96882e+04
8.00271e-03 3.62829e+04
1.28497e-02 3.52559e+04
1.77641e-02 5.36908e+04
2.26842e-02 3.38075e+04
2.76464e-02 3.11359e+04
3.26361e-02 2.09071e+04
3.76229e-02 2.29817e+04
4.26066e-02 2.37572e+04
4.75842e-02 1.96357e+04
5.25722e-02 1.90357e+04
5.75659e-02 1.85066e+04
6.25589e-02 1.52015e+04
6.75629e-02 1.45929e+04
7.25605e-02 1.54220e+04
7.75516e-02 1.18106e+04
8.25500e-02 1.04432e+04
8.75455e-02 1.15745e+04
9.25437e-02 9.48156e+03
9.75415e-02 7.67654e+03
1.02534e-01 7.17470e+03
1.07536e-01 7.72625e+03
1.12540e-01 7.83591e+03
1.17537e-01 7.66262e+03
1.22533e-01 5.58116e+03
1.27534e-01 5.17250e+03
1.32530e-01 5.32819e+03
1.37531e-01 4.81349e+03
1.42530e-01 5.18397e+03
1.47526e-01 4.08531e+03
1.52527e-01 3.82327e+03
1.57528e-01 2.88934e+03
1.62527e-01 3.21906e+03
1.67526e-01 2.46230e+03
1.72526e-01 3.01870e+03
1.77526e-01 1.78562e+03
1.82527e-01 1.85866e+03
1.87525e-01 2.33736e+03
1.92520e-01 1.81431e+03
1.97516e-01 1.70655e+03
2.02513e-01 9.93312e+02
2.07516e-01 1.66508e+03
2.12517e-01 1.57092e+03
2.17519e-01 1.27916e+03
2.22521e-01 1.02805e+03
2.27519e-01 1.38080e+03
2.32521e-01 1.24199e+03
2.37520e-01 1.47250e+03
2.42520e-01 1.18841e+03
2.47519e-01 1.16627e+03
2.52516e-01 1.45550e+03
2.57514e-01 1.38410e+03
2.62513e-01 1.07604e+03
2.67513e-01 9.17695e+02
2.72514e-01 8.15141e+02
2.77515e-01 4.54781e+02
2.82516e-01 6.46352e+02
2.87514e-01 6.30594e+02
2.92512e-01 7.94648e+02
2.97514e-01 6.82500e+02
3.02516e-01 3.00766e+02
3.07515e-01 2.41266e+02
3.12512e-01 2.74664e+02
3.17510e-01 6.16367e+02
3.22511e-01 5.08453e+02
3.27512e-01 5.34336e+02
3.32512e-01 2.30125e+02
3.37512e-01 7.13906e+01
3.42513e-01 5.56422e+02
3.47513e-01 1.88945e+02
3.52513e-01 1.81914e+02
3.57513e-01 4.54961e+02
3.62512e-01 9.90828e+02
3.67512e-01 5.30234e+02
3.72512e-01 3.33336e+02
3.77511e-01 7.79531e+01
3.82510e-01 6.23750e+01
3.87510e-01 8.96328e+01
3.92510e-01 4.80180e+02
3.97510e-01 1.25328e+02
3.70544e-03 -5.31079e+03
8.00271e-03 3.99953e+04
1.28497e-02 3.40081e+04
1.77641e-02 8.26451e+03
2.26842e-02 2.58579e+03
2.76464e-02 1.38435e+04
3.26361e-02 1.92477e+04
3.76229e-02 1.51943e+04
4.26066e-02 1.06825e+04
4.75842e-02 1.05111e+04
5.25722e-02 5.12244e+03
5.75659e-02 5.17175e+03
6.25589e-02 3.87049e+03
6.75629e-02 9.66412e+03
7.25605e-02 3.54291e+03
7.75516e-02 2.99870e+03
8.25500e-02 6.13741e+03
8.75455e-02 4.10829e+03
9.25437e-02 6.27922e+03
9.75415e-02 5.53601e+03
1.02534e-01 1.53107e+03
1.07536e-01 9.51447e+02
1.12540e-01 3.81154e+03
1.17537e-01 7.74727e+02
1.22533e-01 1.09443e+03
1.27534e-01 6.27654e+02
1.32530e-01 4.25043e+02
1.37531e-01 -1.65828e+03
1.42530e-01 -1.63803e+03
1.47526e-01 -1.90683e+03
1.52527e-01 -2.05197e+03
1.57528e-01 6.28129e+01
1.62527e-01 1.64350e+03
1.67526e-01 -3.97578e+02
1.72526e-01 -7.99357e+02
1.77526e-01 4.18144e+02
1.82527e-01 8.95248e+02
1.87525e-01 -9.53553e+02
1.92520e-01 -1.11603e+03
1.97516e-01 -5.24087e+02
2.02513e-01 2.70808e+02
2.07516e-01 -1.32531e+03
2.12517e-01 -8.89545e+02
2.17519e-01 -4.03436e+02
2.22521e-01 -2.17432e+02
2.27519e-01 -3.21190e+02
2.32521e-01 4.04675e+02
2.37520e-01 1.25297e+02
2.42520e-01 -7.05219e+02
2.47519e-01 -6.71062e+02
2.52516e-01 -3.70407e+02
2.57514e-01 -6.80114e+02
2.62513e-01 -1.01090e+03
2.67513e-01 -6.02439e+02
2.72514e-01 -2.06048e+03
2.77515e-01 -2.98912e+02
2.82516e-01 2.08252e+02
2.87514e-01 -7.89856e+02
2.92512e-01 1.10899e+01
2.97514e-01 -5.48300e+02
3.02516e-01 -2.53108e+02
3.07515e-01 -2.41536e+02
3.12512e-01 1.42071e+02
3.17510e-01 -6.50551e+02
3.22511e-01 4.94285e+02
3.27512e-01 -7.08447e+02
3.32512e-01 -8.37276e+01
3.37512e-01 -1.33555e+03
3.42513e-01 -3.24570e+02
3.47513e-01 -1.11713e+02
3.52513e-01 -7.15148e+01
3.57513e-01 -3.74239e+02
3.62512e-01 -4.56624e+02
3.67512e-01 -3.64731e+02
3.72512e-01 -1.16507e+01
3.77511e-01 -7.83380e+02
3.82510e-01 -4.85535e+01
3.87510e-01 -2.72897e+02
3.92510e-01 2.87722e+02
3.97510e-01 8.11398e+02
