80 2
k power
3.70544e-03 7.15610e+04
8.00271e-03 3.20364e+04
1.28497e-02 4.03487e+04
1.77641e-02 4.30118e+04
2.26842e-02 4.27915e+04
2.76464e-02 3.98748e+04
3.26361e-02 3.22237e+04
3.76229e-02 2.81276e+04
4.26066e-02 2.65908e+04
4.75842e-02 1.93736e+04
5.25722e-02 2.06415e+04
5.75659e-02 1.94611e+04
6.25589e-02 1.64538e+04
6.75629e-02 1.63146e+04
7.25605e-02 1.24865e+04
7.75516e-02 1.16101e+04
8.25500e-02 1.06236e+04
8.75455e-02 9.97227e+03
9.25437e-02 7.97440e+03
9.75415e-02 7.26241e+03
1.02534e-01 6.13628e+03
1.07536e-01 6.79415e+03
1.12540e-01 5.96162e+03
1.17537e-01 6.26309e+03
1.22533e-01 6.43800e+03
1.27534e-01 5.11384e+03
1.32530e-01 5.79380e+03
1.37531e-01 5.08618e+03
1.42530e-01 3.88164e+03
1.47526e-01 4.38356e+03
1.52527e-01 4.09738e+03
1.57528e-01 3.41551e+03
1.62527e-01 3.12726e+03
1.67526e-01 2.55177e+03
1.72526e-01 1.85740e+03
1.77526e-01 2.77012e+03
1.82527e-01 2.91477e+03
1.87525e-01 2.20379e+03
1.92520e-01 2.04173e+03
1.97516e-01 2.20537e+03
2.02513e-01 2.31339e+03
2.07516e-01 1.54478e+03
2.12517e-01 8.23297e+02
2.17519e-01 1.16515e+03
2.22521e-01 1.04399e+03
2.27519e-01 1.74680e+03
2.32521e-01 1.10042e+03
2.37520e-01 1.62908e+03
2.42520e-01 9.36711e+02
2.47519e-01 1.62870e+03
2.52516e-01 1.03371e+03
2.57514e-01 4.16695e+02
2.62513e-01 6.18781e+02
2.67513e-01 5.54484e+02
2.72514e-01 1.30940e+03
2.77515e-01 2.88281e+01
2.82516e-01 1.24508e+02
2.87514e-01 6.46109e+02
2.92512e-01 9.45117e+02
2.97514e-01 3.73227e+02
3.02516e-01 2.02297e+02
3.07515e-01 4.21102e+02
3.12512e-01 4.45984e+02
3.17510e-01 6.31641e+02
3.22511e-01 4.09727e+02
3.27512e-01 3.66227e+02
3.32512e-01 3.03664e+02
3.37512e-01 -1.43211e+02
3.42513e-01 2.97531e+02
3.47513e-01 5.72883e+02
3.52513e-01 -2.12312e+02
3.57513e-01 2.31805e+02
3.62512e-01 4.76188e+02
3.67512e-01 1.31453e+02
3.72512e-01 -2.64039e+02
3.77511e-01 1.26250e+01
3.82510e-01 1.76070e+02
3.87510e-01 1.25836e+02
3.92510e-01 2.31648e+02
3.97510e-01 3.67273e+02
3.70544e-03 -1.11691e+05
8.00271e-03 4.09789e+03
1.28497e-02 6.79365e+03
1.77641e-02 4.91821e+04
2.26842e-02 1.35207e+04
2.76464e-02 1.34012e+04
3.26361e-02 1.47232e+04
3.76229e-02 1.10634e+04
4.26066e-02 1.92511e+03
4.75842e-02 1.39612e+04
5.25722e-02 7.19906e+03
5.75659e-02 6.18105e+03
6.25589e-02 1.46641e+03
6.75629e-02 2.05451e+03
7.25605e-02 1.08027e+03
7.75516e-02 4.41348e+03
8.25500e-02 3.04735e+03
8.75455e-02 6.35770e+02
9.25437e-02 3.55559e+01
9.75415e-02 1.31412e+03
1.02534e-01 3.23031e+03
1.07536e-01 5.55727e+01
1.12540e-01 1.33218e+03
1.17537e-01 2.10635e+03
1.22533e-01 3.74909e+03
1.27534e-01 3.22634e+03
1.32530e-01 1.09233e+03
1.37531e-01 4.08648e+02
1.42530e-01 8.72862e+02
1.47526e-01 -1.69873e+03
1.52527e-01 -2.40053e+02
1.57528e-01 4.67864e+02
1.62527e-01 -8.47576e+02
1.67526e-01 7.38080e+02
1.72526e-01 5.96915e+02
1.77526e-01 -5.56414e+01
1.82527e-01 -1.67920e+03
1.87525e-01 1.25416e+01
1.92520e-01 -1.09359e+03
1.97516e-01 -2.99796e+02
2.02513e-01 -1.48762e+03
2.07516e-01 -1.24859e+03
2.12517e-01 -1.64318e+03
2.17519e-01 -1.28155e+03
2.22521e-01 -7.74418e+02
2.27519e-01 -2.89405e+02
2.32521e-01 -3.79008e+02
2.37520e-01 -9.11320e+02
2.42520e-01 5.66236e+01
2.47519e-01 3.11119e+02
2.52516e-01 -6.35658e+02
2.57514e-01 -1.56168e+03
2.62513e-01 -6.89815e+02
2.67513e-01 7.99997e+02
2.72514e-01 -2.17283e+02
2.77515e-01 2.66875e+02
2.82516e-01 -1.09623e+03
2.87514e-01 -5.91384e+02
2.92512e-01 1.42095e+02
2.97514e-01 -3.15396e+02
3.02516e-01 4.43750e+02
3.07515e-01 1.74920e+02
3.12512e-01 -3.26915e+02
3.17510e-01 3.05284e+02
3.22511e-01 2.69172e+01
3.27512e-01 -2.52255e+02
3.32512e-01 -1.09498e+03
3.37512e-01 -5.59295e+02
3.42513e-01 4.66843e+02
3.47513e-01 2.87422e+02
3.52513e-01 -1.79942e+02
3.57513e-01 2.54103e+02
3.62512e-01 -4.84864e+02
3.67512e-01 -5.18050e+02
3.72512e-01 -5.03995e+02
3.77511e-01 1.98973e+02
3.82510e-01 -1.71385e+02
3.87510e-01 -1.27061e+02
3.92510e-01 1.88452e+02
3.97510e-01 3.35589e+02
