80 2
k power
3.70544e-03 3.65329e+04
8.00271e-03 3.07457e+04
1.28497e-02 4.64107e+04
1.77641e-02 3.98972e+04
2.26842e-02 3.97685e+04
2.76464e-02 3.36288e+04
3.26361e-02 2.73545e+04
3.76229e-02 2.56653e+04
4.26066e-02 2.21215e+04
4.75842e-02 1.71962e+04
5.25722e-02 1.71292e+04
5.75659e-02 1.60159e+04
6.25589e-02 1.62589e+04
6.75629e-02 1.48350e+04
7.25605e-02 1.30091e+04
7.75516e-02 1.24297e+04
8.25500e-02 9.67125e+03
8.75455e-02 8.36648e+03
9.25437e-02 8.31928e+03
9.75415e-02 8.13150e+03
1.02534e-01 6.89152e+03
1.07536e-01 6.58637e+03
1.12540e-01 6.04366e+03
1.17537e-01 6.07160e+03
1.22533e-01 5.80898e+03
1.27534e-01 5.43889e+03
1.32530e-01 5.27796e+03
1.37531e-01 4.81394e+03
1.42530e-01 4.35212e+03
1.47526e-01 3.75978e+03
1.52527e-01 4.07528e+03
1.57528e-01 3.31283e+03
1.62527e-01 3.66530e+03
1.67526e-01 2.82501e+03
1.72526e-01 3.10377e+03
1.77526e-01 2.88199e+03
1.82527e-01 2.75830e+03
1.87525e-01 2.06423e+03
1.92520e-01 2.01323e+03
1.97516e-01 1.80702e+03
2.02513e-01 1.35917e+03
2.07516e-01 1.42786e+03
2.12517e-01 1.16347e+03
2.17519e-01 1.25719e+03
2.22521e-01 1.39077e+03
2.27519e-01 9.76258e+02
2.32521e-01 1.34161e+03
2.37520e-01 7.96023e+02
2.42520e-01 1.11764e+03
2.47519e-01 1.04136e+03
2.52516e-01 9.73617e+02
2.57514e-01 1.09684e+03
2.62513e-01 8.55148e+02
2.67513e-01 8.45539e+02
2.72514e-01 9.21461e+02
2.77515e-01 2.85266e+02
2.82516e-01 6.82211e+02
2.87514e-01 6.49477e+02
2.92512e-01 1.04544e+03
2.97514e-01 6.11461e+02
3.02516e-01 3.74211e+02
3.07515e-01 4.13461e+02
3.12512e-01 5.13484e+02
3.17510e-01 6.02578e+02
3.22511e-01 4.75508e+02
3.27512e-01 6.79555e+02
3.32512e-01 8.78023e+02
3.37512e-01 4.35625e+02
3.42513e-01 1.48961e+02
3.47513e-01 2.80586e+02
3.52513e-01 3.18266e+02
3.57513e-01 6.14422e+02
3.62512e-01 4.65875e+02
3.67512e-01 2.73039e+02
3.72512e-01 3.67195e+02
3.77511e-01 3.70156e+01
3.82510e-01 -1.30258e+02
3.87510e-01 2.67984e+02
3.92510e-01 3.96750e+02
3.97510e-01 1.12180e+02
3.70544e-03 -1.88106e+04
8.00271e-03 6.06215e+04
1.28497e-02 2.15477e+04
1.77641e-02 2.22414e+04
2.26842e-02 2.10320e+04
2.76464e-02 5.79136e+03
3.26361e-02 2.15058e+04
3.76229e-02 1.25795e+03
4.26066e-02 4.98414e+03
4.75842e-02 6.03675e+03
5.25722e-02 8.14713e+03
5.75659e-02 9.13903e+03
6.25589e-02 5.63935e+03
6.75629e-02 3.91356e+03
7.25605e-02 9.02837e+03
7.75516e-02 5.24070e+03
8.25500e-02 2.32644e+03
8.75455e-02 4.46995e+03
9.25437e-02 4.13745e+03
9.75415e-02 1.57025e+03
1.02534e-01 2.77264e+03
1.07536e-01 2.15740e+03
1.12540e-01 9.99927e+02
1.17537e-01 -6.47733e+02
1.22533e-01 -6.88775e+02
1.27534e-01 8.71969e+02
1.32530e-01 3.54033e+03
1.37531e-01 2.82996e+02
1.42530e-01 -8.49451e+02
1.47526e-01 -6.46434e+02
1.52527e-01 4.23257e+02
1.57528e-01 -4.61431e+02
1.62527e-01 5.83221e+02
1.67526e-01 1.16560e+03
1.72526e-01 1.74083e+02
1.77526e-01 4.93264e+02
1.82527e-01 -1.91931e+02
1.87525e-01 -5.72352e+02
1.92520e-01 2.71404e+02
1.97516e-01 -6.68437e+01
2.02513e-01 1.02291e+03
2.07516e-01 3.49245e+02
2.12517e-01 -4.58835e+01
2.17519e-01 -4.92480e+02
2.22521e-01 -6.13509e+01
2.27519e-01 3.40659e+02
2.32521e-01 1.01888e+03
2.37520e-01 -7.87930e+02
2.42520e-01 -2.36881e+02
2.47519e-01 -5.75248e+02
2.52516e-01 -9.20187e+02
2.57514e-01 -1.51231e+02
2.62513e-01 -1.32682e+02
2.67513e-01 -4.44437e+02
2.72514e-01 4.27655e+02
2.77515e-01 -1.14864e+03
2.82516e-01 -1.44333e+02
2.87514e-01 -7.42520e+02
2.92512e-01 6.70944e+02
2.97514e-01 5.57807e+02
3.02516e-01 -7.88912e+02
3.07515e-01 -1.85113e+02
3.12512e-01 1.09678e+02
3.17510e-01 -3.13502e+02
3.22511e-01 -5.19405e+02
3.27512e-01 -5.47555e+00
3.32512e-01 -4.08732e+02
3.37512e-01 1.38429e+02
3.42513e-01 -3.91333e+02
3.47513e-01 -1.40176e+02
3.52513e-01 -9.05582e+02
3.57513e-01 9.02899e+01
3.62512e-01 -2.44344e+02
3.67512e-01 -3.02792e+02
3.72512e-01 2.44108e+02
3.77511e-01 -2.24415e+02
3.82510e-01 -7.09494e+01
3.87510e-01 -7.88762e+02
3.92510e-01 7.28905e+01
3.97510e-01 -3.18070e+02
