59 2
k power
8.05565e-03 2.22558e+04
1.28387e-02 3.51081e+04
1.77584e-02 3.61737e+04
2.26862e-02 3.59594e+04
2.76450e-02 3.20080e+04
3.26261e-02 2.68215e+04
3.76152e-02 2.56886e+04
4.26121e-02 2.32351e+04
4.75881e-02 2.09203e+04
5.25764e-02 1.87124e+04
5.75766e-02 1.77171e+04
6.25706e-02 1.57491e+04
6.75643e-02 1.56860e+04
7.25546e-02 1.27903e+04
7.75520e-02 1.13669e+04
8.25499e-02 1.17391e+04
8.75466e-02 9.84125e+03
9.25461e-02 9.32309e+03
9.75410e-02 8.67446e+03
1.02539e-01 8.11638e+03
1.07538e-01 6.99280e+03
1.12539e-01 7.09290e+03
1.17539e-01 6.47780e+03
1.22534e-01 5.34019e+03
1.27532e-01 5.44805e+03
1.32531e-01 5.17859e+03
1.37529e-01 5.36498e+03
1.42529e-01 4.73470e+03
1.47527e-01 4.17096e+03
1.52526e-01 3.28165e+03
1.57526e-01 3.66683e+03
1.62527e-01 2.92594e+03
1.67528e-01 2.61362e+03
1.72524e-01 2.47082e+03
1.77522e-01 2.18955e+03
1.82524e-01 2.58547e+03
1.87522e-01 1.66639e+03
1.92522e-01 1.83087e+03
1.97523e-01 1.63150e+03
2.02522e-01 2.16231e+03
2.07520e-01 1.82482e+03
2.12520e-01 1.72066e+03
2.17519e-01 1.44027e+03
2.22517e-01 1.39922e+03
2.27517e-01 1.48546e+03
2.32517e-01 1.36731e+03
2.37517e-01 1.45142e+03
2.42517e-01 9.12922e+02
2.47517e-01 1.16116e+03
2.52517e-01 9.16805e+02
2.57516e-01 6.47688e+02
2.62515e-01 1.02141e+03
2.67515e-01 1.15927e+03
2.72514e-01 6.28055e+02
2.77515e-01 8.12062e+02
2.82515e-01 8.49750e+02
2.87514e-01 4.57117e+02
2.92514e-01 2.13164e+02
2.97513e-01 6.19633e+02
8.05565e-03 -9.25575e+03
1.28387e-02 -1.32478e+04
1.77584e-02 4.38517e+03
2.26862e-02 1.48193e+04
2.76450e-02 6.01563e+03
3.26261e-02 1.10653e+02
3.76152e-02 9.02905e+03
4.26121e-02 1.52134e+04
4.75881e-02 9.62242e+03
5.25764e-02 -1.49906e+01
5.75766e-02 3.20344e+03
6.25706e-02 5.13702e+03
6.75643e-02 1.47805e+03
7.25546e-02 1.87051e+03
7.75520e-02 4.11950e+03
8.25499e-02 7.02977e+03
8.75466e-02 1.19247e+03
9.25461e-02 5.15385e+03
9.75410e-02 5.57002e+03
1.02539e-01 1.94913e+03
1.07538e-01 2.81573e+03
1.12539e-01 3.18749e+03
1.17539e-01 1.97696e+03
1.22534e-01 3.13567e+02
1.27532e-01 -6.16983e+02
1.32531e-01 2.15891e+03
1.37529e-01 2.89006e+03
1.42529e-01 2.38886e+03
1.47527e-01 1.03617e+03
1.52526e-01 1.28699e+03
1.57526e-01 2.37325e+03
1.62527e-01 1.44281e+03
1.67528e-01 6.58519e+01
1.72524e-01 5.25233e+02
1.77522e-01 1.33817e+03
1.82524e-01 -1.49512e+02
1.87522e-01 -5.26938e+02
1.92522e-01 -1.56749e+02
1.97523e-01 3.28315e+02
2.02522e-01 5.22031e+02
2.07520e-01 6.79367e+02
2.12520e-01 -1.63360e+02
2.17519e-01 1.05720e+03
2.22517e-01 8.70584e+02
2.27517e-01 -2.45807e+02
2.32517e-01 -4.07498e+02
2.37517e-01 9.72302e+00
2.42517e-01 2.17487e+02
2.47517e-01 -6.54364e+02
2.52517e-01 -1.16207e+02
2.57516e-01 -9.37255e+02
2.62515e-01 -5.58013e+02
2.67515e-01 -1.27886e+02
2.72514e-01 4.06336e+01
2.77515e-01 -8.19082e+02
2.82515e-01 6.62219e+02
2.87514e-01 -3.70617e+01
2.92514e-01 -1.27640e+02
2.97513e-01 -2.74382e+02
