59 2
k power
8.05565e-03 3.68241e+04
1.28387e-02 4.44296e+04
1.77584e-02 3.37134e+04
2.26862e-02 4.34310e+04
2.76450e-02 3.37421e+04
3.26261e-02 2.89627e+04
3.76152e-02 2.16695e+04
4.26121e-02 1.82196e+04
4.75881e-02 1.83080e+04
5.25764e-02 1.88422e+04
5.75766e-02 1.79005e+04
6.25706e-02 1.58964e+04
6.75643e-02 1.46831e+04
7.25546e-02 1.37370e+04
7.75520e-02 1.33995e+04
8.25499e-02 1.32381e+04
8.75466e-02 1.07309e+04
9.25461e-02 7.78292e+03
9.75410e-02 6.81077e+03
1.02539e-01 8.20751e+03
1.07538e-01 6.00423e+03
1.12539e-01 5.49309e+03
1.17539e-01 5.12022e+03
1.22534e-01 5.61888e+03
1.27532e-01 4.98905e+03
1.32531e-01 4.36422e+03
1.37529e-01 4.11715e+03
1.42529e-01 4.48869e+03
1.47527e-01 4.72770e+03
1.52526e-01 4.13162e+03
1.57526e-01 3.68850e+03
1.62527e-01 2.92913e+03
1.67528e-01 3.02851e+03
1.72524e-01 2.51850e+03
1.77522e-01 2.36842e+03
1.82524e-01 1.66620e+03
1.87522e-01 2.51301e+03
1.92522e-01 2.49320e+03
1.97523e-01 2.16587e+03
2.02522e-01 1.82258e+03
2.07520e-01 2.10647e+03
2.12520e-01 2.12712e+03
2.17519e-01 1.32628e+03
2.22517e-01 1.78980e+03
2.27517e-01 2.10939e+03
2.32517e-01 1.18122e+03
2.37517e-01 1.20762e+03
2.42517e-01 1.23528e+03
2.47517e-01 1.29016e+03
2.52517e-01 6.56375e+02
2.57516e-01 9.95742e+02
2.62515e-01 6.64078e+02
2.67515e-01 3.98383e+02
2.72514e-01 3.22422e+02
2.77515e-01 1.19366e+03
2.82515e-01 1.04372e+03
2.87514e-01 9.08602e+02
2.92514e-01 8.79383e+02
2.97513e-01 5.77922e+02
8.05565e-03 3.54482e+04
1.28387e-02 6.88136e+03
1.77584e-02 2.83764e+04
2.26862e-02 2.47023e+04
2.76450e-02 1.15253e+04
3.26261e-02 6.24389e+03
3.76152e-02 -4.48446e+03
4.26121e-02 2.65797e+03
4.75881e-02 8.32619e+03
5.25764e-02 1.11934e+04
5.75766e-02 4.78421e+03
6.25706e-02 7.62795e+03
6.75643e-02 7.91347e+03
7.25546e-02 1.04901e+04
7.75520e-02 2.69855e+03
8.25499e-02 5.11470e+03
8.75466e-02 4.99946e+03
9.25461e-02 4.63912e+03
9.75410e-02 2.56982e+03
1.02539e-01 3.39176e+03
1.07538e-01 3.15862e+03
1.12539e-01 1.08148e+03
1.17539e-01 1.23332e+03
1.22534e-01 6.29616e+02
1.27532e-01 5.15898e+02
1.32531e-01 2.10671e+03
1.37529e-01 4.93778e+02
1.42529e-01 -5.69161e+02
1.47527e-01 1.30439e+03
1.52526e-01 -2.10460e+02
1.57526e-01 2.93822e+02
1.62527e-01 1.43748e+03
1.67528e-01 2.89140e+02
1.72524e-01 -1.51787e+03
1.77522e-01 -8.71649e+02
1.82524e-01 -9.23429e+02
1.87522e-01 3.15422e+02
1.92522e-01 -7.09795e+02
1.97523e-01 -6.22918e+02
2.02522e-01 7.08765e+02
2.07520e-01 -1.25029e+01
2.12520e-01 1.48634e+03
2.17519e-01 -1.67692e+02
2.22517e-01 -2.13293e+02
2.27517e-01 -4.27765e+02
2.32517e-01 1.17416e+03
2.37517e-01 4.27875e+02
2.42517e-01 -8.44573e+02
2.47517e-01 -1.27472e+03
2.52517e-01 -2.51423e+02
2.57516e-01 9.29640e+02
2.62515e-01 6.61094e+02
2.67515e-01 3.34308e+02
2.72514e-01 -8.78056e+02
2.77515e-01 -6.61237e+02
2.82515e-01 -1.57818e+02
2.87514e-01 3.94799e+02
2.92514e-01 -3.29109e+02
2.97513e-01 6.61762e+01
