80 2
k power
3.75378e-03 2.16570e+04
8.05040e-03 2.56964e+04
1.28486e-02 3.79993e+04
1.77516e-02 4.14975e+04
2.26918e-02 3.30788e+04
2.76480e-02 3.07858e+04
3.26126e-02 2.75669e+04
3.76111e-02 2.72100e+04
4.26130e-02 2.53076e+04
4.76051e-02 2.11454e+04
5.25913e-02 1.90973e+04
5.75684e-02 1.66317e+04
6.25625e-02 1.55846e+04
6.75666e-02 1.31924e+04
7.25730e-02 1.18039e+04
7.75647e-02 1.15888e+04
8.25476e-02 1.12275e+04
8.75441e-02 1.09535e+04
9.25437e-02 9.16512e+03
9.75415e-02 8.00832e+03
1.02541e-01 7.01359e+03
1.07542e-01 6.63904e+03
1.12541e-01 5.27521e+03
1.17533e-01 5.79301e+03
1.22524e-01 5.97592e+03
1.27531e-01 5.36981e+03
1.32537e-01 5.84508e+03
1.37532e-01 5.21308e+03
1.42526e-01 4.21900e+03
1.47525e-01 2.92513e+03
1.52527e-01 4.40170e+03
1.57525e-01 3.93537e+03
1.62524e-01 2.95118e+03
1.67524e-01 2.42133e+03
1.72523e-01 3.30498e+03
1.77521e-01 2.66870e+03
1.82521e-01 2.47649e+03
1.87522e-01 2.23953e+03
1.92522e-01 1.92968e+03
1.97522e-01 2.20828e+03
2.02520e-01 2.71153e+03
2.07516e-01 2.00130e+03
2.12515e-01 1.75370e+03
2.17519e-01 1.72309e+03
2.22521e-01 1.38942e+03
2.27520e-01 1.29844e+03
2.32521e-01 1.41516e+03
2.37519e-01 1.43194e+03
2.42517e-01 1.12920e+03
2.47516e-01 8.98359e+02
2.52517e-01 1.08520e+03
2.57519e-01 1.27547e+03
2.62519e-01 9.18156e+02
2.67517e-01 8.16828e+02
2.72515e-01 1.08630e+03
2.77516e-01 1.04559e+03
2.82516e-01 7.44062e+02
2.87515e-01 6.22953e+02
2.92513e-01 3.36453e+02
2.97512e-01 5.32297e+02
3.02513e-01 5.16141e+02
3.07511e-01 6.42211e+02
3.12511e-01 5.57234e+02
3.17513e-01 5.36750e+02
3.22513e-01 4.92414e+02
3.27512e-01 5.88125e+01
3.32509e-01 5.44922e+01
3.37510e-01 1.51992e+02
3.42513e-01 3.79727e+02
3.47514e-01 1.60992e+02
3.52514e-01 1.82516e+02
3.57512e-01 1.81250e+01
3.62512e-01 2.02969e+01
3.67512e-01 1.89953e+02
3.72510e-01 1.50625e+02
3.77511e-01 2.54391e+02
3.82512e-01 1.11391e+02
3.87512e-01 1.91289e+02
3.92510e-01 3.33891e+02
3.97510e-01 1.14500e+02
3.75378e-03 -5.41318e+03
8.05040e-03 -1.89534e+04
1.28486e-02 1.01166e+04
1.77516e-02 2.78724e+04
2.26918e-02 9.65156e+03
2.76480e-02 1.39489e+04
3.26126e-02 1.68359e+04
3.76111e-02 9.74457e+03
4.26130e-02 1.28147e+04
4.76051e-02 1.27935e+04
5.25913e-02 4.75020e+03
5.75684e-02 1.21838e+04
6.25625e-02 9.25692e+03
6.75666e-02 7.42396e+03
7.25730e-02 4.64561e+03
7.75647e-02 5.98416e+03
8.25476e-02 8.21276e+03
8.75441e-02 7.11548e+03
9.25437e-02 7.42329e+03
9.75415e-02 2.85661e+03
1.02541e-01 -6.54844e+02
1.07542e-01 3.44628e+03
1.12541e-01 2.23013e+03
1.17533e-01 2.82943e+02
1.22524e-01 -2.03121e+03
1.27531e-01 3.85635e+03
1.32537e-01 4.04165e+03
1.37532e-01 1.46315e+03
1.42526e-01 3.01570e+02
1.47525e-01 -9.35382e+02
1.52527e-01 -9.97297e+01
1.57525e-01 1.34135e+03
1.62524e-01 1.22660e+02
1.67524e-01 1.68661e+03
1.72523e-01 1.56108e+03
1.77521e-01 6.23465e+02
1.82521e-01 4.59636e+01
1.87522e-01 -1.31299e+03
1.92522e-01 -8.81695e+02
1.97522e-01 -1.50771e+02
2.02520e-01 -1.71906e+01
2.07516e-01 1.21795e+03
2.12515e-01 -2.19963e+01
2.17519e-01 4.48770e+02
2.22521e-01 1.55369e+03
2.27520e-01 -6.25672e+02
2.32521e-01 -3.76691e+02
2.37519e-01 -8.30233e+01
2.42517e-01 2.76714e+02
2.47516e-01 -8.15307e+02
2.52517e-01 -3.00959e+02
2.57519e-01 -2.97054e+02
2.62519e-01 1.58909e+03
2.67517e-01 9.97957e+02
2.72515e-01 1.07123e+03
2.77516e-01 -3.14104e+02
2.82516e-01 -3.24404e+02
2.87515e-01 -5.19392e+02
2.92513e-01 -5.37590e+02
2.97512e-01 -6.29323e+02
3.02513e-01 -6.08580e+02
3.07511e-01 -3.22398e+02
3.12511e-01 4.18871e+01
3.17513e-01 1.08346e+01
3.22513e-01 1.06033e+03
3.27512e-01 9.41977e+02
3.32509e-01 -4.95417e+01
3.37510e-01 -1.18177e+03
3.42513e-01 1.20994e+03
3.47514e-01 2.07000e+02
3.52514e-01 8.95109e+02
3.57512e-01 1.75181e+02
3.62512e-01 2.96602e+02
3.67512e-01 -6.91723e+02
3.72510e-01 -1.09697e+03
3.77511e-01 2.08869e+01
3.82512e-01 7.61525e+01
3.87512e-01 -9.05029e+02
3.92510e-01 -3.26733e+02
3.97510e-01 -4.14873e+02
