59 2
k power
8.01858e-03 7.73358e+03
1.28441e-02 4.84615e+04
1.77514e-02 4.26471e+04
2.26910e-02 4.84528e+04
2.76613e-02 3.99852e+04
3.26316e-02 3.17985e+04
3.76089e-02 2.60965e+04
4.25899e-02 2.34881e+04
4.75838e-02 2.00797e+04
5.25894e-02 1.78175e+04
5.75770e-02 1.47564e+04
6.25679e-02 1.34817e+04
6.75637e-02 1.36782e+04
7.25587e-02 1.37309e+04
7.75534e-02 1.33410e+04
8.25494e-02 9.81687e+03
8.75470e-02 9.19633e+03
9.25421e-02 8.30126e+03
9.75420e-02 8.60885e+03
1.02542e-01 6.76611e+03
1.07541e-01 6.83070e+03
1.12539e-01 5.23016e+03
1.17536e-01 5.54308e+03
1.22536e-01 5.17645e+03
1.27533e-01 4.71372e+03
1.32529e-01 4.45874e+03
1.37528e-01 5.07353e+03
1.42529e-01 3.82270e+03
1.47530e-01 3.25234e+03
1.52529e-01 2.72965e+03
1.57528e-01 3.59653e+03
1.62527e-01 3.99439e+03
1.67527e-01 3.17302e+03
1.72526e-01 2.82589e+03
1.77523e-01 3.01212e+03
1.82522e-01 3.04180e+03
1.87521e-01 2.84729e+03
1.92521e-01 2.38852e+03
1.97520e-01 2.40790e+03
2.02519e-01 1.63678e+03
2.07520e-01 1.67448e+03
2.12519e-01 1.85580e+03
2.17519e-01 1.47377e+03
2.22518e-01 1.25252e+03
2.27517e-01 1.27709e+03
2.32518e-01 1.16990e+03
2.37519e-01 1.28452e+03
2.42519e-01 1.25482e+03
2.47519e-01 1.21167e+03
2.52518e-01 9.43547e+02
2.57516e-01 9.04430e+02
2.62515e-01 8.43570e+02
2.67514e-01 9.32953e+02
2.72514e-01 6.88641e+02
2.77515e-01 4.99570e+02
2.82515e-01 3.86117e+02
2.87515e-01 4.73312e+02
2.92514e-01 4.35602e+02
2.97513e-01 6.25672e+02
8.01858e-03 2.06839e+04
1.28441e-02 6.91726e+04
1.77514e-02 1.55303e+04
2.26910e-02 1.97499e+04
2.76613e-02 4.07733e+03
3.26316e-02 7.35136e+03
3.76089e-02 4.92613e+03
4.25899e-02 6.63602e+03
4.75838e-02 1.31899e+04
5.25894e-02 9.09342e+03
5.75770e-02 6.15075e+03
6.25679e-02 2.66848e+03
6.75637e-02 8.25189e+02
7.25587e-02 6.02241e+03
7.75534e-02 4.34709e+03
8.25494e-02 -6.10240e+01
8.75470e-02 3.16450e+03
9.25421e-02 8.01686e+02
9.75420e-02 1.71002e+03
1.02542e-01 2.93990e+03
1.07541e-01 3.71956e+03
1.12539e-01 -2.30295e+03
1.17536e-01 -2.18150e+02
1.22536e-01 1.74205e+03
1.27533e-01 1.37293e+03
1.32529e-01 1.72733e+03
1.37528e-01 4.70186e+02
1.42529e-01 -1.30509e+02
1.47530e-01 3.15599e+02
1.52529e-01 1.22876e+03
1.57528e-01 3.46003e+02
1.62527e-01 3.04242e+02
1.67527e-01 9.66523e+02
1.72526e-01 7.49546e+02
1.77523e-01 -1.49118e+02
1.82522e-01 -1.05215e+03
1.87521e-01 -1.50438e+03
1.92521e-01 6.23724e+01
1.97520e-01 1.20984e+03
2.02519e-01 1.29251e+02
2.07520e-01 3.13644e-01
2.12519e-01 5.59490e+02
2.17519e-01 -1.64503e+03
2.22518e-01 -7.44217e+02
2.27517e-01 2.91784e+02
2.32518e-01 -2.77216e+02
2.37519e-01 3.89420e+02
2.42519e-01 -7.72871e+02
2.47519e-01 -4.35999e+02
2.52518e-01 -5.77918e+02
2.57516e-01 -1.34933e+03
2.62515e-01 -4.78185e+02
2.67514e-01 7.10932e+02
2.72514e-01 9.24535e+01
2.77515e-01 7.27970e+01
2.82515e-01 5.98421e+02
2.87515e-01 3.18333e+02
2.92514e-01 -2.04604e+02
2.97513e-01 -8.22691e+02
