59 2
k power
8.00271e-03 3.44740e+04
1.28497e-02 3.77060e+04
1.77641e-02 4.33250e+04
2.26842e-02 3.64365e+04
2.76464e-02 3.65564e+04
3.26361e-02 3.11815e+04
3.76229e-02 2.69203e+04
4.26066e-02 2.11732e+04
4.75842e-02 1.73790e+04
5.25722e-02 1.75958e+04
5.75659e-02 1.74745e+04
6.25589e-02 1.83096e+04
6.75629e-02 1.63924e+04
7.25605e-02 1.52813e+04
7.75516e-02 1.30268e+04
8.25500e-02 1.16065e+04
8.75455e-02 9.95823e+03
9.25437e-02 8.62313e+03
9.75415e-02 7.04513e+03
1.02534e-01 6.77142e+03
1.07536e-01 6.62670e+03
1.12540e-01 6.16830e+03
1.17537e-01 6.17652e+03
1.22533e-01 4.80956e+03
1.27534e-01 4.80251e+03
1.32530e-01 4.74862e+03
1.37531e-01 3.97534e+03
1.42530e-01 3.90846e+03
1.47526e-01 3.55763e+03
1.52527e-01 3.99105e+03
1.57528e-01 3.61187e+03
1.62527e-01 3.12172e+03
1.67526e-01 2.79995e+03
1.72526e-01 3.20969e+03
1.77526e-01 2.72995e+03
1.82527e-01 2.63285e+03
1.87525e-01 1.91623e+03
1.92520e-01 2.36540e+03
1.97516e-01 2.10152e+03
2.02513e-01 2.04105e+03
2.07516e-01 1.75595e+03
2.12517e-01 1.82180e+03
2.17519e-01 1.87795e+03
2.22521e-01 1.70420e+03
2.27519e-01 1.05897e+03
2.32521e-01 1.38716e+03
2.37520e-01 1.43997e+03
2.42520e-01 1.06070e+03
2.47519e-01 1.11798e+03
2.52516e-01 8.10133e+02
2.57514e-01 8.14594e+02
2.62513e-01 8.30531e+02
2.67513e-01 6.64297e+02
2.72514e-01 8.03836e+02
2.77515e-01 9.61453e+02
2.82516e-01 7.38531e+02
2.87514e-01 9.20906e+02
2.92512e-01 1.75992e+02
2.97514e-01 1.61555e+02
8.00271e-03 -3.25827e+03
1.28497e-02 1.62777e+04
1.77641e-02 2.61929e+04
2.26842e-02 2.35927e+04
2.76464e-02 2.24115e+04
3.26361e-02 3.19259e+03
3.76229e-02 1.45772e+04
4.26066e-02 1.29743e+04
4.75842e-02 9.05806e+03
5.25722e-02 4.99490e+03
5.75659e-02 2.22122e+03
6.25589e-02 9.11556e+03
6.75629e-02 3.48420e+03
7.25605e-02 7.93489e+03
7.75516e-02 -6.12067e+02
8.25500e-02 2.39940e+03
8.75455e-02 1.79253e+03
9.25437e-02 1.76351e+03
9.75415e-02 1.52377e+03
1.02534e-01 3.84028e+03
1.07536e-01 5.22855e+03
1.12540e-01 1.15978e+03
1.17537e-01 2.63298e+03
1.22533e-01 1.53839e+02
1.27534e-01 7.43861e+01
1.32530e-01 9.78190e+02
1.37531e-01 1.77081e+03
1.42530e-01 2.33209e+03
1.47526e-01 2.08927e+03
1.52527e-01 1.58409e+03
1.57528e-01 4.60445e+02
1.62527e-01 8.59846e+01
1.67526e-01 -5.21681e+02
1.72526e-01 9.97533e+02
1.77526e-01 1.37444e+03
1.82527e-01 1.31938e+03
1.87525e-01 4.27255e+02
1.92520e-01 4.78944e+02
1.97516e-01 4.74781e+02
2.02513e-01 8.29883e+02
2.07516e-01 -1.64221e+03
2.12517e-01 -1.39017e+02
2.17519e-01 -1.88974e+02
2.22521e-01 -3.34927e+02
2.27519e-01 -2.90217e+02
2.32521e-01 -1.46507e+02
2.37520e-01 -7.93811e+01
2.42520e-01 -6.22723e+02
2.47519e-01 -1.18685e+03
2.52516e-01 -3.09442e+02
2.57514e-01 -9.58982e+02
2.62513e-01 -5.89042e+02
2.67513e-01 8.59791e+02
2.72514e-01 -5.26280e+02
2.77515e-01 3.64061e+02
2.82516e-01 6.83119e+00
2.87514e-01 3.77439e+02
2.92512e-01 5.32504e+02
2.97514e-01 -5.03260e+02
