80 2
k power
3.75378e-03 6.50011e+03
8.05040e-03 4.24132e+04
1.28486e-02 4.40642e+04
1.77516e-02 3.09221e+04
2.26918e-02 3.09474e+04
2.76480e-02 3.48943e+04
3.26126e-02 2.84189e+04
3.76111e-02 3.19184e+04
4.26130e-02 2.74984e+04
4.76051e-02 1.97320e+04
5.25913e-02 1.80231e+04
5.75684e-02 1.80355e+04
6.25625e-02 1.66424e+04
6.75666e-02 1.27516e+04
7.25730e-02 1.28355e+04
7.75647e-02 1.28971e+04
8.25476e-02 1.05700e+04
8.75441e-02 1.20797e+04
9.25437e-02 1.24027e+04
9.75415e-02 9.62784e+03
1.02541e-01 7.56875e+03
1.07542e-01 7.83318e+03
1.12541e-01 7.34098e+03
1.17533e-01 6.28984e+03
1.22524e-01 6.11904e+03
1.27531e-01 5.64378e+03
1.32537e-01 4.84729e+03
1.37532e-01 4.31797e+03
1.42526e-01 4.21374e+03
1.47525e-01 4.92198e+03
1.52527e-01 4.03784e+03
1.57525e-01 3.58024e+03
1.62524e-01 3.14750e+03
1.67524e-01 3.02511e+03
1.72523e-01 3.51767e+03
1.77521e-01 2.81064e+03
1.82521e-01 3.26599e+03
1.87522e-01 2.25429e+03
1.92522e-01 2.09569e+03
1.97522e-01 2.36829e+03
2.02520e-01 1.57155e+03
2.07516e-01 2.43215e+03
2.12515e-01 1.82143e+03
2.17519e-01 1.14798e+03
2.22521e-01 1.77176e+03
2.27520e-01 2.44007e+03
2.32521e-01 1.68707e+03
2.37519e-01 1.18631e+03
2.42517e-01 1.58309e+03
2.47516e-01 1.43364e+03
2.52517e-01 1.72088e+03
2.57519e-01 1.29655e+03
2.62519e-01 5.55523e+02
2.67517e-01 7.65195e+02
2.72515e-01 6.65672e+02
2.77516e-01 8.51398e+02
2.82516e-01 4.58703e+02
2.87515e-01 4.99406e+02
2.92513e-01 5.17258e+02
2.97512e-01 4.23195e+02
3.02513e-01 2.53211e+02
3.07511e-01 5.46641e+02
3.12511e-01 6.25250e+02
3.17513e-01 3.92461e+02
3.22513e-01 5.97859e+02
3.27512e-01 1.13352e+02
3.32509e-01 6.89227e+02
3.37510e-01 7.02742e+02
3.42513e-01 5.54156e+02
3.47514e-01 2.90055e+02
3.52514e-01 -1.37250e+02
3.57512e-01 1.38234e+02
3.62512e-01 5.67867e+02
3.67512e-01 4.71562e+02
3.72510e-01 2.85555e+02
3.77511e-01 1.46812e+02
3.82512e-01 4.34844e+01
3.87512e-01 -1.95664e+02
3.92510e-01 3.50391e+02
3.97510e-01 -9.71641e+01
3.75378e-03 5.24445e+02
8.05040e-03 -9.25586e+03
1.28486e-02 -5.05194e+03
1.77516e-02 -1.24781e+04
2.26918e-02 2.24074e+04
2.76480e-02 -1.21826e+03
3.26126e-02 1.68812e+04
3.76111e-02 1.07507e+04
4.26130e-02 9.14029e+03
4.76051e-02 5.81567e+03
5.25913e-02 4.62851e+03
5.75684e-02 9.33449e+03
6.25625e-02 1.13616e+03
6.75666e-02 4.73910e+02
7.25730e-02 -6.97872e+02
7.75647e-02 4.61713e+03
8.25476e-02 1.95419e+03
8.75441e-02 1.57545e+03
9.25437e-02 1.03249e+02
9.75415e-02 2.05904e+03
1.02541e-01 2.41727e+03
1.07542e-01 5.88320e+03
1.12541e-01 1.26826e+03
1.17533e-01 5.45795e+02
1.22524e-01 1.87033e+03
1.27531e-01 9.95563e+02
1.32537e-01 8.66287e+02
1.37532e-01 2.63421e+02
1.42526e-01 2.06226e+03
1.47525e-01 5.98504e+02
1.52527e-01 -1.17555e+02
1.57525e-01 3.10691e+03
1.62524e-01 9.58706e+02
1.67524e-01 -1.58010e+02
1.72523e-01 1.58501e+03
1.77521e-01 -3.12034e+02
1.82521e-01 -5.81710e+02
1.87522e-01 -1.45875e+03
1.92522e-01 5.16767e+02
1.97522e-01 -1.45147e+02
2.02520e-01 1.45265e+03
2.07516e-01 1.73316e+03
2.12515e-01 1.31207e+03
2.17519e-01 2.72880e+02
2.22521e-01 3.84883e+01
2.27520e-01 5.00221e+02
2.32521e-01 4.92914e+02
2.37519e-01 -3.81934e+02
2.42517e-01 1.62915e+02
2.47516e-01 1.20184e+03
2.52517e-01 -5.34370e+02
2.57519e-01 -3.10779e+02
2.62519e-01 -2.62981e+02
2.67517e-01 -4.50092e+02
2.72515e-01 -2.89729e+02
2.77516e-01 -2.26384e+02
2.82516e-01 -1.28400e+03
2.87515e-01 -1.43270e+03
2.92513e-01 9.92450e+01
2.97512e-01 3.75094e+02
3.02513e-01 -4.33775e+02
3.07511e-01 -1.38098e+03
3.12511e-01 -9.28275e+02
3.17513e-01 8.13674e+02
3.22513e-01 -4.18692e+02
3.27512e-01 -1.06871e+02
3.32509e-01 -3.88511e+01
3.37510e-01 -7.66096e+01
3.42513e-01 -4.21971e+02
3.47514e-01 -2.75556e+02
3.52514e-01 -1.03370e+02
3.57512e-01 -8.52827e+02
3.62512e-01 1.80340e+02
3.67512e-01 1.45323e+02
3.72510e-01 -4.47903e+02
3.77511e-01 -8.27113e+01
3.82512e-01 -7.26551e+02
3.87512e-01 -4.44016e+02
3.92510e-01 -7.07495e+01
3.97510e-01 -6.91863e+02
