59 2
k power
8.01858e-03 5.96767e+04
1.28441e-02 2.90532e+04
1.77514e-02 3.58757e+04
2.26910e-02 3.57504e+04
2.76613e-02 2.63936e+04
3.26316e-02 2.20611e+04
3.76089e-02 2.53767e+04
4.25899e-02 1.83842e+04
4.75838e-02 1.63964e+04
5.25894e-02 1.96254e+04
5.75770e-02 1.73643e+04
6.25679e-02 1.57336e+04
6.75637e-02 1.26785e+04
7.25587e-02 1.23889e+04
7.75534e-02 1.30522e+04
8.25494e-02 1.35205e+04
8.75470e-02 9.89076e+03
9.25421e-02 8.49644e+03
9.75420e-02 9.04813e+03
1.02542e-01 8.81106e+03
1.07541e-01 6.66537e+03
1.12539e-01 5.02045e+03
1.17536e-01 5.93927e+03
1.22536e-01 6.70218e+03
1.27533e-01 6.86716e+03
1.32529e-01 6.49930e+03
1.37528e-01 5.04092e+03
1.42529e-01 4.90798e+03
1.47530e-01 4.02565e+03
1.52529e-01 3.99430e+03
1.57528e-01 3.95334e+03
1.62527e-01 3.07616e+03
1.67527e-01 3.29162e+03
1.72526e-01 3.63907e+03
1.77523e-01 2.17685e+03
1.82522e-01 2.22002e+03
1.87521e-01 3.38181e+03
1.92521e-01 2.32372e+03
1.97520e-01 2.41194e+03
2.02519e-01 1.81500e+03
2.07520e-01 1.47509e+03
2.12519e-01 1.57932e+03
2.17519e-01 1.46368e+03
2.22518e-01 1.28191e+03
2.27517e-01 1.18790e+03
2.32518e-01 1.17658e+03
2.37519e-01 1.55621e+03
2.42519e-01 1.42609e+03
2.47519e-01 6.77508e+02
2.52518e-01 1.00322e+03
2.57516e-01 1.16598e+03
2.62515e-01 1.57904e+03
2.67514e-01 1.30747e+03
2.72514e-01 5.30359e+02
2.77515e-01 6.96031e+02
2.82515e-01 6.67438e+02
2.87515e-01 8.32492e+02
2.92514e-01 8.43594e+02
2.97513e-01 4.51969e+02
8.01858e-03 6.75484e+03
1.28441e-02 2.65422e+04
1.77514e-02 1.20935e+04
2.26910e-02 4.91912e+03
2.76613e-02 -4.04705e+01
3.26316e-02 -1.09743e+04
3.76089e-02 1.14820e+04
4.25899e-02 5.37321e+03
4.75838e-02 1.04578e+04
5.25894e-02 8.36594e+03
5.75770e-02 -1.68507e+03
6.25679e-02 8.50446e+03
6.75637e-02 9.09729e+03
7.25587e-02 5.92006e+03
7.75534e-02 1.14494e+03
8.25494e-02 3.72611e+02
8.75470e-02 4.19777e+03
9.25421e-02 4.29350e+03
9.75420e-02 6.41755e+03
1.02542e-01 4.74776e+03
1.07541e-01 2.82855e+03
1.12539e-01 9.39583e+02
1.17536e-01 -2.41140e+02
1.22536e-01 4.41248e+02
1.27533e-01 -8.19734e+01
1.32529e-01 1.19031e+03
1.37528e-01 2.37346e+03
1.42529e-01 1.97507e+03
1.47530e-01 1.80257e+02
1.52529e-01 -1.08346e+03
1.57528e-01 -7.47872e+02
1.62527e-01 -1.74387e+03
1.67527e-01 2.06409e+03
1.72526e-01 9.21571e+02
1.77523e-01 -4.53541e+02
1.82522e-01 -7.45218e+02
1.87521e-01 9.29919e+02
1.92521e-01 -1.98279e+02
1.97520e-01 3.93607e+02
2.02519e-01 3.03710e+02
2.07520e-01 -9.95856e+02
2.12519e-01 -3.40012e+02
2.17519e-01 9.33198e+02
2.22518e-01 1.29630e+03
2.27517e-01 -2.38204e+02
2.32518e-01 2.32322e+02
2.37519e-01 9.51052e+02
2.42519e-01 -4.46081e+01
2.47519e-01 -3.75807e+02
2.52518e-01 -3.92919e+02
2.57516e-01 -3.55299e+02
2.62515e-01 -4.24558e+02
2.67514e-01 -8.15904e+02
2.72514e-01 -4.49026e+02
2.77515e-01 4.89376e+02
2.82515e-01 -3.45011e+02
2.87515e-01 8.56279e+02
2.92514e-01 5.20495e+01
2.97513e-01 -5.60481e+02
