59 2
k power
8.00271e-03 5.05382e+04
1.28497e-02 3.86432e+04
1.77641e-02 3.16978e+04
2.26842e-02 4.10955e+04
2.76464e-02 3.06500e+04
3.26361e-02 2.79155e+04
3.76229e-02 2.62417e+04
4.26066e-02 2.49726e+04
4.75842e-02 2.20666e+04
5.25722e-02 1.79767e+04
5.75659e-02 1.84821e+04
6.25589e-02 1.58756e+04
6.75629e-02 1.86810e+04
7.25605e-02 1.38048e+04
7.75516e-02 1.19663e+04
8.25500e-02 1.13898e+04
8.75455e-02 9.09184e+03
9.25437e-02 9.96073e+03
9.75415e-02 8.45223e+03
1.02534e-01 6.18033e+03
1.07536e-01 4.11677e+03
1.12540e-01 5.70452e+03
1.17537e-01 4.57043e+03
1.22533e-01 4.06864e+03
1.27534e-01 4.13613e+03
1.32530e-01 3.37891e+03
1.37531e-01 3.59598e+03
1.42530e-01 3.70988e+03
1.47526e-01 2.91664e+03
1.52527e-01 2.85852e+03
1.57528e-01 3.26120e+03
1.62527e-01 2.83132e+03
1.67526e-01 1.84046e+03
1.72526e-01 2.76542e+03
1.77526e-01 2.60686e+03
1.82527e-01 2.15934e+03
1.87525e-01 1.67092e+03
1.92520e-01 1.93084e+03
1.97516e-01 1.32974e+03
2.02513e-01 1.97943e+03
2.07516e-01 2.52575e+03
2.12517e-01 2.19059e+03
2.17519e-01 1.18001e+03
2.22521e-01 1.14578e+03
2.27519e-01 7.26883e+02
2.32521e-01 2.12005e+03
2.37520e-01 1.46730e+03
2.42520e-01 6.75406e+02
2.47519e-01 5.91031e+02
2.52516e-01 7.84102e+02
2.57514e-01 6.73281e+02
2.62513e-01 1.09396e+03
2.67513e-01 8.48547e+02
2.72514e-01 5.77867e+02
2.77515e-01 6.56711e+02
2.82516e-01 2.55977e+02
2.87514e-01 5.02773e+02
2.92512e-01 -2.57812e+01
2.97514e-01 4.60352e+02
8.00271e-03 -3.69437e+04
1.28497e-02 4.46187e+03
1.77641e-02 8.55198e+03
2.26842e-02 2.89747e+04
2.76464e-02 2.20541e+04
3.26361e-02 1.92672e+04
3.76229e-02 1.55633e+04
4.26066e-02 6.22287e+03
4.75842e-02 4.31106e+03
5.25722e-02 6.73269e+03
5.75659e-02 5.77736e+03
6.25589e-02 3.34490e+03
6.75629e-02 1.46781e+03
7.25605e-02 3.55261e+03
7.75516e-02 2.10204e+03
8.25500e-02 4.90753e+03
8.75455e-02 5.54283e+03
9.25437e-02 1.48252e+03
9.75415e-02 3.44625e+03
1.02534e-01 1.60097e+03
1.07536e-01 9.82932e+02
1.12540e-01 -2.23543e+02
1.17537e-01 3.20533e+02
1.22533e-01 -4.48718e+02
1.27534e-01 -1.36647e+03
1.32530e-01 -9.32301e+02
1.37531e-01 5.72405e+02
1.42530e-01 -1.28961e+03
1.47526e-01 -5.50518e+02
1.52527e-01 -1.09395e+02
1.57528e-01 4.82758e+02
1.62527e-01 1.62771e+02
1.67526e-01 -6.51805e+02
1.72526e-01 1.39424e+02
1.77526e-01 -5.75896e+02
1.82527e-01 2.47576e+03
1.87525e-01 3.48832e+01
1.92520e-01 -2.60068e+02
1.97516e-01 -6.49853e+02
2.02513e-01 -7.68074e+02
2.07516e-01 -8.91750e+02
2.12517e-01 3.11064e+02
2.17519e-01 5.60037e+02
2.22521e-01 7.85294e+01
2.27519e-01 -1.53117e+02
2.32521e-01 -2.90555e+02
2.37520e-01 -3.62065e+02
2.42520e-01 4.35842e+01
2.47519e-01 -2.16522e+02
2.52516e-01 -2.96542e+02
2.57514e-01 -6.58348e+02
2.62513e-01 -7.20878e+02
2.67513e-01 -2.70870e+02
2.72514e-01 5.29630e+01
2.77515e-01 -1.76967e+02
2.82516e-01 -1.54107e+02
2.87514e-01 -5.39705e+02
2.92512e-01 1.39480e+02
2.97514e-01 2.69501e+01
