80 2
k power
3.70544e-03 6.09162e+04
8.00271e-03 2.32123e+04
1.28497e-02 1.90074e+04
1.77641e-02 3.76425e+04
2.26842e-02 3.59459e+04
2.76464e-02 3.66379e+04
3.26361e-02 3.41103e+04
3.76229e-02 2.57511e+04
4.26066e-02 2.22775e+04
4.75842e-02 2.01078e+04
5.25722e-02 1.73843e+04
5.75659e-02 1.61075e+04
6.25589e-02 1.52296e+04
6.75629e-02 1.45627e+04
7.25605e-02 1.29503e+04
7.75516e-02 1.13780e+04
8.25500e-02 9.76087e+03
8.75455e-02 7.80141e+03
9.25437e-02 6.94991e+03
9.75415e-02 6.45692e+03
1.02534e-01 6.20265e+03
1.07536e-01 7.26909e+03
1.12540e-01 5.73377e+03
1.17537e-01 6.17159e+03
1.22533e-01 5.83091e+03
1.27534e-01 4.37016e+03
1.32530e-01 4.44127e+03
1.37531e-01 4.02389e+03
1.42530e-01 4.50728e+03
1.47526e-01 3.62717e+03
1.52527e-01 3.33313e+03
1.57528e-01 3.46959e+03
1.62527e-01 3.52926e+03
1.67526e-01 2.65070e+03
1.72526e-01 2.87366e+03
1.77526e-01 2.19939e+03
1.82527e-01 1.96524e+03
1.87525e-01 2.38624e+03
1.92520e-01 2.22420e+03
1.97516e-01 1.96006e+03
2.02513e-01 2.25867e+03
2.07516e-01 1.55573e+03
2.12517e-01 1.68228e+03
2.17519e-01 1.46553e+03
2.22521e-01 1.40570e+03
2.27519e-01 5.36094e+02
2.32521e-01 7.08398e+02
2.37520e-01 1.30542e+03
2.42520e-01 1.06160e+03
2.47519e-01 9.89977e+02
2.52516e-01 1.13957e+03
2.57514e-01 8.22367e+02
2.62513e-01 1.39187e+03
2.67513e-01 5.31477e+02
2.72514e-01 9.13914e+02
2.77515e-01 8.89688e+02
2.82516e-01 4.93156e+02
2.87514e-01 1.11253e+03
2.92512e-01 6.02508e+02
2.97514e-01 2.98633e+02
3.02516e-01 3.00023e+02
3.07515e-01 6.31109e+02
3.12512e-01 5.93922e+02
3.17510e-01 4.18266e+02
3.22511e-01 2.90305e+02
3.27512e-01 4.47633e+02
3.32512e-01 3.46219e+02
3.37512e-01 6.87328e+02
3.42513e-01 4.45664e+02
3.47513e-01 -8.56953e+01
3.52513e-01 1.48141e+02
3.57513e-01 2.11242e+02
3.62512e-01 8.02500e+01
3.67512e-01 3.26648e+02
3.72512e-01 2.80586e+02
3.77511e-01 1.74062e+02
3.82510e-01 2.63945e+02
3.87510e-01 5.33836e+02
3.92510e-01 3.73008e+02
3.97510e-01 -3.71094e+00
3.70544e-03 -2.93392e+04
8.00271e-03 -7.88361e+03
1.28497e-02 2.36178e+04
1.77641e-02 3.47342e+04
2.26842e-02 1.59673e+04
2.76464e-02 -9.60743e+02
3.26361e-02 9.49005e+03
3.76229e-02 1.66654e+04
4.26066e-02 1.09250e+04
4.75842e-02 3.76097e+03
5.25722e-02 1.20584e+04
5.75659e-02 4.36971e+03
6.25589e-02 5.14058e+03
6.75629e-02 1.45345e+03
7.25605e-02 3.89809e+03
7.75516e-02 4.93434e+03
8.25500e-02 4.56516e+03
8.75455e-02 1.41849e+03
9.25437e-02 2.59946e+03
9.75415e-02 7.01366e+02
1.02534e-01 -1.46915e+03
1.07536e-01 8.44701e+02
1.12540e-01 1.35872e+03
1.17537e-01 3.03216e+03
1.22533e-01 2.45195e+02
1.27534e-01 4.54448e+02
1.32530e-01 1.10525e+03
1.37531e-01 -6.81258e+02
1.42530e-01 -5.93018e+02
1.47526e-01 -1.52381e+02
1.52527e-01 3.25974e+02
1.57528e-01 1.08164e+03
1.62527e-01 1.04471e+03
1.67526e-01 2.09910e+03
1.72526e-01 -3.10937e+02
1.77526e-01 3.79039e+02
1.82527e-01 6.98244e+02
1.87525e-01 -2.48380e+02
1.92520e-01 7.48967e+01
1.97516e-01 -9.17071e+02
2.02513e-01 5.43807e+01
2.07516e-01 1.60034e+02
2.12517e-01 2.13050e+02
2.17519e-01 1.49171e+03
2.22521e-01 6.13917e+02
2.27519e-01 -1.07961e+02
2.32521e-01 4.23797e+02
2.37520e-01 -1.01063e+03
2.42520e-01 -6.68074e+02
2.47519e-01 -1.21194e+03
2.52516e-01 -1.08947e+03
2.57514e-01 -6.13906e+02
2.62513e-01 -1.32076e+03
2.67513e-01 -6.08020e+01
2.72514e-01 5.08669e+02
2.77515e-01 2.18330e+02
2.82516e-01 2.35083e+02
2.87514e-01 2.97783e+02
2.92512e-01 8.59372e+01
2.97514e-01 2.53402e+02
3.02516e-01 -3.70831e+02
3.07515e-01 -5.19132e+02
3.12512e-01 -2.37022e+02
3.17510e-01 6.97557e+01
3.22511e-01 5.92479e+02
3.27512e-01 3.04341e+02
3.32512e-01 2.39110e+02
3.37512e-01 4.41722e+02
3.42513e-01 5.40839e+02
3.47513e-01 -2.10639e+02
3.52513e-01 -2.42019e+02
3.57513e-01 8.03232e+01
3.62512e-01 4.75721e+02
3.67512e-01 -8.19807e+01
3.72512e-01 3.90548e+02
3.77511e-01 -3.38239e+02
3.82510e-01 1.76198e+02
3.87510e-01 3.50596e+02
3.92510e-01 -7.86856e+02
3.97510e-01 1.52964e+02
