60 2
k power
3.70814e-03 -1.13006e+04
8.01858e-03 2.25518e+03
1.28441e-02 3.14008e+04
1.77514e-02 2.69111e+04
2.26910e-02 4.04926e+04
2.76613e-02 3.56080e+04
3.26316e-02 2.91867e+04
3.76089e-02 2.10097e+04
4.25899e-02 2.13205e+04
4.75838e-02 1.97087e+04
5.25894e-02 1.98522e+04
5.75770e-02 1.83005e+04
6.25679e-02 1.54278e+04
6.75637e-02 1.26081e+04
7.25587e-02 1.31280e+04
7.75534e-02 1.07677e+04
8.25494e-02 1.05004e+04
8.75470e-02 9.69658e+03
9.25421e-02 9.63593e+03
9.75420e-02 9.53194e+03
1.02542e-01 7.73994e+03
1.07541e-01 7.22440e+03
1.12539e-01 5.42730e+03
1.17536e-01 6.57023e+03
1.22536e-01 5.69174e+03
1.27533e-01 5.36540e+03
1.32529e-01 4.83666e+03
1.37528e-01 4.20248e+03
1.42529e-01 4.75628e+03
1.47530e-01 3.18439e+03
1.52529e-01 3.48177e+03
1.57528e-01 3.45287e+03
1.62527e-01 3.29144e+03
1.67527e-01 3.43373e+03
1.72526e-01 3.21109e+03
1.77523e-01 2.66475e+03
1.82522e-01 2.33939e+03
1.87521e-01 2.09486e+03
1.92521e-01 2.02834e+03
1.97520e-01 2.12786e+03
2.02519e-01 2.18320e+03
2.07520e-01 2.26077e+03
2.12519e-01 1.57856e+03
2.17519e-01 2.17076e+03
2.22518e-01 1.48973e+03
2.27517e-01 1.84299e+03
2.32518e-01 1.24848e+03
2.37519e-01 1.41744e+03
2.42519e-01 1.55895e+03
2.47519e-01 1.52131e+03
2.52518e-01 1.18542e+03
2.57516e-01 1.04400e+03
2.62515e-01 1.04823e+03
2.67514e-01 1.16562e+03
2.72514e-01 1.07420e+03
2.77515e-01 7.67586e+02
2.82515e-01 3.90820e+02
2.87515e-01 4.83297e+02
2.92514e-01 5.47070e+02
2.97513e-01 8.05562e+02
3.70814e-03 2.30987e+04
8.01858e-03 3.49113e+04
1.28441e-02 2.17823e+04
1.77514e-02 2.17494e+04
2.26910e-02 2.44563e+04
2.76613e-02 1.04845e+04
3.26316e-02 8.37574e+03
3.76089e-02 1.18791e+04
4.25899e-02 1.95671e+04
4.75838e-02 7.74021e+03
5.25894e-02 4.08075e+03
5.75770e-02 -2.55354e+03
6.25679e-02 -2.87204e+03
6.75637e-02 5.32368e+02
7.25587e-02 2.53452e+03
7.75534e-02 3.53666e+03
8.25494e-02 2.56733e+03
8.75470e-02 1.94201e+03
9.25421e-02 4.04279e+03
9.75420e-02 4.41108e+03
1.02542e-01 1.16170e+03
1.07541e-01 3.88491e+03
1.12539e-01 3.29364e+03
1.17536e-01 1.29718e+03
1.22536e-01 -1.77221e+02
1.27533e-01 7.01963e+02
1.32529e-01 1.51257e+03
1.37528e-01 1.30175e+03
1.42529e-01 2.31444e+03
1.47530e-01 1.77735e+03
1.52529e-01 1.91322e+03
1.57528e-01 8.63537e+02
1.62527e-01 1.15118e+03
1.67527e-01 9.91639e+02
1.72526e-01 7.84013e+02
1.77523e-01 1.98996e+02
1.82522e-01 -4.97758e+01
1.87521e-01 4.01423e+02
1.92521e-01 9.97790e+02
1.97520e-01 1.16071e+03
2.02519e-01 -2.85496e+02
2.07520e-01 2.36400e+02
2.12519e-01 3.23322e+02
2.17519e-01 8.61115e+02
2.22518e-01 2.77035e+02
2.27517e-01 -4.32399e+01
2.32518e-01 8.12270e+02
2.37519e-01 -4.10388e+02
2.42519e-01 -2.50901e+02
2.47519e-01 -1.39632e+02
2.52518e-01 3.59879e+02
2.57516e-01 -9.74557e+01
2.62515e-01 -3.95626e+02
2.67514e-01 2.54815e+02
2.72514e-01 6.33496e+02
2.77515e-01 -5.59624e+02
2.82515e-01 -4.21379e+02
2.87515e-01 -3.34379e+02
2.92514e-01 -9.67990e+02
2.97513e-01 -5.92726e+02
