80 2
k power
3.75378e-03 3.29296e+04
8.05040e-03 3.70398e+04
1.28486e-02 5.51328e+04
1.77516e-02 4.62687e+04
2.26918e-02 4.55903e+04
2.76480e-02 3.57727e+04
3.26126e-02 2.94629e+04
3.76111e-02 2.60522e+04
4.26130e-02 2.19810e+04
4.76051e-02 1.91490e+04
5.25913e-02 1.78490e+04
5.75684e-02 1.98352e+04
6.25625e-02 1.58153e+04
6.75666e-02 1.52238e+04
7.25730e-02 1.48149e+04
7.75647e-02 1.31729e+04
8.25476e-02 1.15490e+04
8.75441e-02 1.13212e+04
9.25437e-02 1.00468e+04
9.75415e-02 8.40728e+03
1.02541e-01 6.85593e+03
1.07542e-01 7.57735e+03
1.12541e-01 5.20145e+03
1.17533e-01 5.71717e+03
1.22524e-01 5.26080e+03
1.27531e-01 4.26861e+03
1.32537e-01 5.44920e+03
1.37532e-01 4.27448e+03
1.42526e-01 4.37060e+03
1.47525e-01 4.93970e+03
1.52527e-01 4.13241e+03
1.57525e-01 3.50962e+03
1.62524e-01 2.51134e+03
1.67524e-01 3.42988e+03
1.72523e-01 2.61836e+03
1.77521e-01 3.37884e+03
1.82521e-01 2.84549e+03
1.87522e-01 2.62284e+03
1.92522e-01 2.80470e+03
1.97522e-01 3.17281e+03
2.02520e-01 2.21321e+03
2.07516e-01 1.92702e+03
2.12515e-01 1.60616e+03
2.17519e-01 1.33378e+03
2.22521e-01 1.33477e+03
2.27520e-01 1.55914e+03
2.32521e-01 1.49186e+03
2.37519e-01 1.06553e+03
2.42517e-01 1.20604e+03
2.47516e-01 1.28727e+03
2.52517e-01 1.39527e+03
2.57519e-01 9.52047e+02
2.62519e-01 1.31282e+03
2.67517e-01 8.94547e+02
2.72515e-01 7.69555e+02
2.77516e-01 9.45336e+02
2.82516e-01 1.06409e+03
2.87515e-01 9.20500e+02
2.92513e-01 5.46688e+02
2.97512e-01 7.74586e+02
3.02513e-01 9.25258e+02
3.07511e-01 7.73719e+02
3.12511e-01 5.95977e+02
3.17513e-01 7.20297e+02
3.22513e-01 5.54055e+02
3.27512e-01 7.28984e+02
3.32509e-01 4.79281e+02
3.37510e-01 2.79516e+02
3.42513e-01 6.45000e+01
3.47514e-01 1.49938e+02
3.52514e-01 2.70656e+02
3.57512e-01 2.32969e+02
3.62512e-01 1.94516e+02
3.67512e-01 7.30312e+01
3.72510e-01 9.02422e+01
3.77511e-01 8.22656e+00
3.82512e-01 7.98125e+01
3.87512e-01 -7.04844e+01
3.92510e-01 2.95211e+02
3.97510e-01 2.08516e+02
3.75378e-03 -4.50621e+04
8.05040e-03 -1.15308e+03
1.28486e-02 1.05771e+04
1.77516e-02 1.50143e+04
2.26918e-02 -1.89839e+04
2.76480e-02 -1.93453e+03
3.26126e-02 5.82012e+03
3.76111e-02 1.19826e+02
4.26130e-02 6.24186e+03
4.76051e-02 2.75295e+03
5.25913e-02 2.15236e+03
5.75684e-02 9.00162e+03
6.25625e-02 9.97298e+02
6.75666e-02 4.07819e+03
7.25730e-02 -3.01988e+01
7.75647e-02 9.41532e+02
8.25476e-02 4.67322e+03
8.75441e-02 4.35440e+03
9.25437e-02 1.37138e+03
9.75415e-02 2.85661e+03
1.02541e-01 1.47073e+03
1.07542e-01 4.49492e+03
1.12541e-01 -1.25932e+03
1.17533e-01 2.60670e+03
1.22524e-01 -3.68574e+02
1.27531e-01 -4.67596e+02
1.32537e-01 8.78476e+02
1.37532e-01 1.32154e+03
1.42526e-01 6.38501e+02
1.47525e-01 2.75020e+03
1.52527e-01 2.10284e+03
1.57525e-01 2.70642e+03
1.62524e-01 3.27156e+03
1.67524e-01 5.85504e+01
1.72523e-01 1.72806e+03
1.77521e-01 6.95868e+02
1.82521e-01 8.92010e+02
1.87522e-01 -8.85872e+02
1.92522e-01 6.08308e+02
1.97522e-01 -7.56687e+01
2.02520e-01 4.52275e+01
2.07516e-01 9.88647e+01
2.12515e-01 2.15978e+02
2.17519e-01 1.27073e+03
2.22521e-01 1.52781e+03
2.27520e-01 9.78850e+02
2.32521e-01 1.37402e+03
2.37519e-01 9.41926e+02
2.42517e-01 3.78802e+02
2.47516e-01 5.85596e+01
2.52517e-01 5.65699e+02
2.57519e-01 -5.42085e+02
2.62519e-01 -1.25908e+02
2.67517e-01 -4.75181e+02
2.72515e-01 -2.54288e+02
2.77516e-01 3.59826e+02
2.82516e-01 -1.93361e+01
2.87515e-01 -3.12432e+02
2.92513e-01 -1.53941e+02
2.97512e-01 3.26022e+02
3.02513e-01 3.80134e+02
3.07511e-01 5.88974e+02
3.12511e-01 -4.20088e+02
3.17513e-01 1.25101e+01
3.22513e-01 -1.23725e+02
3.27512e-01 -4.01267e+02
3.32509e-01 -6.12859e+02
3.37510e-01 -2.57632e+02
3.42513e-01 -1.18574e+01
3.47514e-01 1.90346e+02
3.52514e-01 -1.36778e+02
3.57512e-01 4.95953e+02
3.62512e-01 8.06907e+02
3.67512e-01 -2.85309e+02
3.72510e-01 2.36632e+02
3.77511e-01 1.61364e+02
3.82512e-01 6.03560e+02
3.87512e-01 4.06578e+02
3.92510e-01 -1.59152e+02
3.97510e-01 3.15952e+02
