60 2
k power
3.70814e-03 3.14142e+04
8.01858e-03 3.31086e+04
1.28441e-02 2.75770e+04
1.77514e-02 3.86672e+04
2.26910e-02 3.31939e+04
2.76613e-02 3.83200e+04
3.26316e-02 2.38808e+04
3.76089e-02 2.26803e+04
4.25899e-02 2.33262e+04
4.75838e-02 1.89620e+04
5.25894e-02 1.89503e+04
5.75770e-02 1.66829e+04
6.25679e-02 1.49806e+04
6.75637e-02 1.29592e+04
7.25587e-02 1.02619e+04
7.75534e-02 1.12354e+04
8.25494e-02 1.22339e+04
8.75470e-02 9.28152e+03
9.25421e-02 9.06670e+03
9.75420e-02 9.29444e+03
1.02542e-01 7.30686e+03
1.07541e-01 6.16257e+03
1.12539e-01 5.77000e+03
1.17536e-01 5.15114e+03
1.22536e-01 5.53288e+03
1.27533e-01 4.58978e+03
1.32529e-01 4.49777e+03
1.37528e-01 4.54477e+03
1.42529e-01 5.57151e+03
1.47530e-01 3.79490e+03
1.52529e-01 3.80358e+03
1.57528e-01 4.01303e+03
1.62527e-01 4.22759e+03
1.67527e-01 4.03563e+03
1.72526e-01 2.63786e+03
1.77523e-01 3.34568e+03
1.82522e-01 3.11446e+03
1.87521e-01 2.25557e+03
1.92521e-01 2.21462e+03
1.97520e-01 2.18913e+03
2.02519e-01 2.55948e+03
2.07520e-01 1.83562e+03
2.12519e-01 1.91948e+03
2.17519e-01 1.77980e+03
2.22518e-01 1.50316e+03
2.27517e-01 2.04072e+03
2.32518e-01 1.53695e+03
2.37519e-01 1.37698e+03
2.42519e-01 1.18465e+03
2.47519e-01 9.22117e+02
2.52518e-01 9.18375e+02
2.57516e-01 1.22290e+03
2.62515e-01 7.08539e+02
2.67514e-01 1.22413e+03
2.72514e-01 1.09191e+03
2.77515e-01 8.18664e+02
2.82515e-01 6.42336e+02
2.87515e-01 8.83352e+02
2.92514e-01 5.03781e+02
2.97513e-01 6.93891e+02
3.70814e-03 -1.55645e+04
8.01858e-03 -1.29024e+03
1.28441e-02 -3.46897e+02
1.77514e-02 1.67587e+04
2.26910e-02 -1.15876e+03
2.76613e-02 4.83014e+03
3.26316e-02 1.02118e+04
3.76089e-02 1.40291e+04
4.25899e-02 1.26136e+04
4.75838e-02 1.71931e+04
5.25894e-02 7.42603e+03
5.75770e-02 5.56421e+03
6.25679e-02 2.50633e+03
6.75637e-02 2.05862e+03
7.25587e-02 2.53704e+03
7.75534e-02 8.13574e+03
8.25494e-02 4.10172e+03
8.75470e-02 1.98179e+03
9.25421e-02 3.36829e+03
9.75420e-02 1.02247e+03
1.02542e-01 3.04668e+03
1.07541e-01 5.08549e+03
1.12539e-01 3.65230e+03
1.17536e-01 7.40871e+02
1.22536e-01 2.72994e+03
1.27533e-01 2.96517e+03
1.32529e-01 6.67113e+02
1.37528e-01 2.20032e+03
1.42529e-01 2.00989e+03
1.47530e-01 2.27998e+03
1.52529e-01 1.25586e+03
1.57528e-01 -4.82152e+02
1.62527e-01 -6.23747e+02
1.67527e-01 1.11456e+03
1.72526e-01 2.49978e+03
1.77523e-01 2.91083e+03
1.82522e-01 4.13101e+03
1.87521e-01 1.00092e+03
1.92521e-01 4.97770e+02
1.97520e-01 -6.42943e+02
2.02519e-01 -6.11872e+02
2.07520e-01 -7.88780e+02
2.12519e-01 -1.80914e+02
2.17519e-01 -2.14849e+02
2.22518e-01 -1.80907e+03
2.27517e-01 -1.32163e+03
2.32518e-01 -1.33729e+03
2.37519e-01 6.98697e+02
2.42519e-01 -5.09653e+01
2.47519e-01 -6.02764e+02
2.52518e-01 5.60196e+02
2.57516e-01 6.04151e+02
2.62515e-01 7.46584e+02
2.67514e-01 8.67375e+02
2.72514e-01 -4.41756e+02
2.77515e-01 5.91685e+02
2.82515e-01 6.68844e+02
2.87515e-01 2.20045e+02
2.92514e-01 7.96655e+02
2.97513e-01 -9.27830e+02
