80 2
k power
3.75378e-03 8.10219e+02
8.05040e-03 3.93061e+04
1.28486e-02 4.47254e+04
1.77516e-02 3.70674e+04
2.26918e-02 4.62654e+04
2.76480e-02 2.64145e+04
3.26126e-02 2.95479e+04
3.76111e-02 2.56260e+04
4.26130e-02 2.55867e+04
4.76051e-02 1.81730e+04
5.25913e-02 2.00178e+04
5.75684e-02 1.71717e+04
6.25625e-02 1.63804e+04
6.75666e-02 1.55830e+04
7.25730e-02 1.12396e+04
7.75647e-02 1.05070e+04
8.25476e-02 1.00731e+04
8.75441e-02 8.99140e+03
9.25437e-02 9.54933e+03
9.75415e-02 8.15720e+03
1.02541e-01 6.09188e+03
1.07542e-01 7.55161e+03
1.12541e-01 6.67170e+03
1.17533e-01 7.03722e+03
1.22524e-01 6.07855e+03
1.27531e-01 4.56684e+03
1.32537e-01 4.50839e+03
1.37532e-01 4.49982e+03
1.42526e-01 4.64467e+03
1.47525e-01 3.71627e+03
1.52527e-01 4.42771e+03
1.57525e-01 3.81550e+03
1.62524e-01 2.54802e+03
1.67524e-01 2.45505e+03
1.72523e-01 2.81205e+03
1.77521e-01 2.65498e+03
1.82521e-01 2.27985e+03
1.87522e-01 2.43274e+03
1.92522e-01 2.20401e+03
1.97522e-01 1.61441e+03
2.02520e-01 2.46943e+03
2.07516e-01 1.38987e+03
2.12515e-01 1.48145e+03
2.17519e-01 1.39137e+03
2.22521e-01 1.45028e+03
2.27520e-01 1.21327e+03
2.32521e-01 5.43594e+02
2.37519e-01 1.33023e+03
2.42517e-01 1.81152e+03
2.47516e-01 1.17420e+03
2.52517e-01 3.68297e+02
2.57519e-01 4.78688e+02
2.62519e-01 3.25570e+02
2.67517e-01 4.83023e+02
2.72515e-01 4.09789e+02
2.77516e-01 4.92367e+02
2.82516e-01 3.17625e+02
2.87515e-01 4.97047e+02
2.92513e-01 6.40695e+02
2.97512e-01 7.81211e+02
3.02513e-01 6.79508e+02
3.07511e-01 2.88211e+02
3.12511e-01 5.01023e+02
3.17513e-01 5.81047e+02
3.22513e-01 4.12469e+02
3.27512e-01 6.95914e+02
3.32509e-01 5.07984e+02
3.37510e-01 1.54641e+02
3.42513e-01 1.66805e+02
3.47514e-01 4.38438e+01
3.52514e-01 4.09086e+02
3.57512e-01 3.86422e+02
3.62512e-01 6.29688e+00
3.67512e-01 1.87266e+02
3.72510e-01 2.38281e+02
3.77511e-01 1.73758e+02
3.82512e-01 3.79719e+02
3.87512e-01 3.28750e+02
3.92510e-01 1.21617e+02
3.97510e-01 1.99758e+02
3.75378e-03 -4.22625e+04
8.05040e-03 -1.95699e+04
1.28486e-02 5.38634e+03
1.77516e-02 2.57420e+04
2.26918e-02 1.88479e+04
2.76480e-02 5.35830e+03
3.26126e-02 7.85096e+03
3.76111e-02 1.04689e+04
4.26130e-02 6.57941e+03
4.76051e-02 3.21797e+03
5.25913e-02 1.51863e+04
5.75684e-02 1.28974e+04
6.25625e-02 3.94176e+03
6.75666e-02 7.40736e+03
7.25730e-02 2.84172e+03
7.75647e-02 8.87496e+03
8.25476e-02 6.88544e+03
8.75441e-02 2.97484e+03
9.25437e-02 8.31429e+03
9.75415e-02 5.73047e+03
1.02541e-01 4.62725e+03
1.07542e-01 5.78491e+03
1.12541e-01 3.66563e+03
1.17533e-01 1.42462e+03
1.22524e-01 1.50679e+03
1.27531e-01 3.00759e+02
1.32537e-01 2.88775e+02
1.37532e-01 3.53733e+03
1.42526e-01 -8.54235e+01
1.47525e-01 1.02384e+03
1.52527e-01 1.46056e+03
1.57525e-01 5.90010e+02
1.62524e-01 1.40615e+03
1.67524e-01 1.56775e+02
1.72523e-01 1.12336e+03
1.77521e-01 8.82378e+02
1.82521e-01 9.12219e+02
1.87522e-01 5.84417e+02
1.92522e-01 2.54526e+02
1.97522e-01 1.57256e+03
2.02520e-01 -1.81664e+02
2.07516e-01 -6.72965e+02
2.12515e-01 2.27092e+02
2.17519e-01 -2.35031e+02
2.22521e-01 -1.61912e+02
2.27520e-01 -6.34417e+02
2.32521e-01 -3.47826e+02
2.37519e-01 -4.56834e+01
2.42517e-01 -2.88228e+02
2.47516e-01 -5.29210e+00
2.52517e-01 8.53619e+02
2.57519e-01 -4.20156e+02
2.62519e-01 1.37083e+02
2.67517e-01 1.69763e+02
2.72515e-01 9.76102e+01
2.77516e-01 -4.37498e+02
2.82516e-01 -3.06963e+02
2.87515e-01 9.86826e+01
2.92513e-01 -2.39888e+02
2.97512e-01 -1.40289e+03
3.02513e-01 -1.22163e+03
3.07511e-01 -3.81822e+02
3.12511e-01 8.49867e+00
3.17513e-01 8.71651e+00
3.22513e-01 -2.55936e+02
3.27512e-01 6.23359e+02
3.32509e-01 7.32092e+02
3.37510e-01 -2.45300e+02
3.42513e-01 -2.60089e+02
3.47514e-01 3.45051e+02
3.52514e-01 5.41651e+02
3.57512e-01 5.39651e+02
3.62512e-01 -3.40815e+02
3.67512e-01 -2.73321e+02
3.72510e-01 3.29976e+02
3.77511e-01 -5.13810e+02
3.82512e-01 3.03985e+02
3.87512e-01 2.32824e+02
3.92510e-01 1.42221e+02
3.97510e-01 7.82264e+02
