80 2
k power
3.70544e-03 5.62304e+04
8.00271e-03 3.06522e+04
1.28497e-02 3.25877e+04
1.77641e-02 3.76155e+04
2.26842e-02 3.88082e+04
2.76464e-02 3.43157e+04
3.26361e-02 2.97570e+04
3.76229e-02 2.52597e+04
4.26066e-02 2.12454e+04
4.75842e-02 2.00838e+04
5.25722e-02 1.93231e+04
5.75659e-02 1.67667e+04
6.25589e-02 1.40046e+04
6.75629e-02 1.40466e+04
7.25605e-02 1.30270e+04
7.75516e-02 1.07966e+04
8.25500e-02 1.07371e+04
8.75455e-02 9.64195e+03
9.25437e-02 8.01037e+03
9.75415e-02 7.92478e+03
1.02534e-01 7.36467e+03
1.07536e-01 5.58405e+03
1.12540e-01 6.04520e+03
1.17537e-01 6.39307e+03
1.22533e-01 4.77307e+03
1.27534e-01 4.59816e+03
1.32530e-01 5.07762e+03
1.37531e-01 4.38940e+03
1.42530e-01 3.80910e+03
1.47526e-01 4.13450e+03
1.52527e-01 2.94511e+03
1.57528e-01 3.15477e+03
1.62527e-01 3.19885e+03
1.67526e-01 2.56838e+03
1.72526e-01 2.88098e+03
1.77526e-01 2.12707e+03
1.82527e-01 2.56171e+03
1.87525e-01 2.90379e+03
1.92520e-01 1.93844e+03
1.97516e-01 2.09476e+03
2.02513e-01 2.28896e+03
2.07516e-01 1.63862e+03
2.12517e-01 1.74020e+03
2.17519e-01 1.96854e+03
2.22521e-01 1.43104e+03
2.27519e-01 1.24574e+03
2.32521e-01 1.61413e+03
2.37520e-01 1.57554e+03
2.42520e-01 1.41476e+03
2.47519e-01 4.73320e+02
2.52516e-01 9.72727e+02
2.57514e-01 1.04273e+03
2.62513e-01 8.43008e+02
2.67513e-01 6.02477e+02
2.72514e-01 7.79609e+02
2.77515e-01 6.55961e+02
2.82516e-01 5.75328e+02
2.87514e-01 8.21250e+02
2.92512e-01 5.40602e+02
2.97514e-01 9.03516e+01
3.02516e-01 6.98867e+02
3.07515e-01 6.67969e+02
3.12512e-01 1.72648e+02
3.17510e-01 7.39039e+02
3.22511e-01 3.69992e+02
3.27512e-01 3.59391e+02
3.32512e-01 3.10094e+02
3.37512e-01 8.37969e+01
3.42513e-01 7.03883e+02
3.47513e-01 4.53852e+02
3.52513e-01 5.87008e+02
3.57513e-01 3.03938e+02
3.62512e-01 3.36914e+02
3.67512e-01 1.86828e+02
3.72512e-01 3.43906e+01
3.77511e-01 1.68367e+02
3.82510e-01 2.65977e+02
3.87510e-01 1.21156e+02
3.92510e-01 4.83180e+02
3.97510e-01 1.67375e+02
3.70544e-03 -1.30833e+05
8.00271e-03 1.82470e+04
1.28497e-02 2.43747e+04
1.77641e-02 5.64245e+03
2.26842e-02 1.46115e+04
2.76464e-02 3.29715e+03
3.26361e-02 1.57740e+04
3.76229e-02 4.65862e+03
4.26066e-02 -1.28058e+02
4.75842e-02 -4.40402e+03
5.25722e-02 7.22205e+03
5.75659e-02 8.67752e+03
6.25589e-02 1.02932e+04
6.75629e-02 2.53450e+03
7.25605e-02 6.29365e+03
7.75516e-02 4.53870e+03
8.25500e-02 3.84775e+03
8.75455e-02 1.17545e+03
9.25437e-02 2.91461e+03
9.75415e-02 2.39042e+03
1.02534e-01 2.23864e+03
1.07536e-01 2.27277e+03
1.12540e-01 1.19657e+03
1.17537e-01 -6.38512e+02
1.22533e-01 3.91459e+03
1.27534e-01 1.79245e+03
1.32530e-01 6.55610e+02
1.37531e-01 1.08426e+03
1.42530e-01 2.24482e+03
1.47526e-01 -3.24621e+02
1.52527e-01 -4.84434e+02
1.57528e-01 -7.07754e+02
1.62527e-01 6.28243e+02
1.67526e-01 -4.82230e+02
1.72526e-01 1.67578e+03
1.77526e-01 -4.64179e+02
1.82527e-01 5.89872e+02
1.87525e-01 5.46223e+02
1.92520e-01 1.07139e+03
1.97516e-01 4.81064e+02
2.02513e-01 -2.41122e+02
2.07516e-01 -2.53883e+02
2.12517e-01 3.75484e+02
2.17519e-01 3.26134e+02
2.22521e-01 4.59041e+02
2.27519e-01 -3.34297e+02
2.32521e-01 3.33308e+02
2.37520e-01 6.11258e+02
2.42520e-01 -3.01721e+02
2.47519e-01 -8.70276e+02
2.52516e-01 9.27809e+01
2.57514e-01 4.61082e+02
2.62513e-01 1.56516e+02
2.67513e-01 4.64426e+02
2.72514e-01 5.47513e+02
2.77515e-01 1.69436e+02
2.82516e-01 -2.91003e+02
2.87514e-01 1.74761e+02
2.92512e-01 3.20552e+02
2.97514e-01 3.58739e+02
3.02516e-01 8.04421e+02
3.07515e-01 1.84831e+02
3.12512e-01 -1.81907e+01
3.17510e-01 6.91717e+02
3.22511e-01 2.34998e+02
3.27512e-01 -2.79625e+02
3.32512e-01 -9.21121e+02
3.37512e-01 -2.17232e+02
3.42513e-01 2.72066e+02
3.47513e-01 3.14596e+01
3.52513e-01 1.86504e+02
3.57513e-01 -8.35078e+01
3.62512e-01 -4.16636e+02
3.67512e-01 -3.70001e+01
3.72512e-01 5.32872e+01
3.77511e-01 -3.96164e+02
3.82510e-01 -4.67531e+02
3.87510e-01 -8.16046e-01
3.92510e-01 8.62788e+02
3.97510e-01 1.51780e+02
