60 2
k power
3.70814e-03 1.14869e+04
8.01858e-03 3.77615e+04
1.28441e-02 2.08599e+04
1.77514e-02 1.63308e+04
2.26910e-02 2.24742e+04
2.76613e-02 2.97559e+04
3.26316e-02 2.58444e+04
3.76089e-02 2.80777e+04
4.25899e-02 2.19533e+04
4.75838e-02 1.60391e+04
5.25894e-02 1.54441e+04
5.75770e-02 1.54744e+04
6.25679e-02 1.66808e+04
6.75637e-02 1.28236e+04
7.25587e-02 1.13401e+04
7.75534e-02 1.22174e+04
8.25494e-02 1.06035e+04
8.75470e-02 1.10828e+04
9.25421e-02 9.56048e+03
9.75420e-02 7.92095e+03
1.02542e-01 6.79817e+03
1.07541e-01 5.17032e+03
1.12539e-01 5.17687e+03
1.17536e-01 6.46636e+03
1.22536e-01 4.90791e+03
1.27533e-01 5.53527e+03
1.32529e-01 4.61673e+03
1.37528e-01 4.22013e+03
1.42529e-01 4.44493e+03
1.47530e-01 3.61991e+03
1.52529e-01 3.98377e+03
1.57528e-01 3.36245e+03
1.62527e-01 3.16312e+03
1.67527e-01 3.14716e+03
1.72526e-01 3.31966e+03
1.77523e-01 2.79612e+03
1.82522e-01 2.13269e+03
1.87521e-01 2.08524e+03
1.92521e-01 2.06051e+03
1.97520e-01 2.13605e+03
2.02519e-01 2.02573e+03
2.07520e-01 2.20326e+03
2.12519e-01 1.65078e+03
2.17519e-01 1.50530e+03
2.22518e-01 1.89205e+03
2.27517e-01 1.11048e+03
2.32518e-01 1.34473e+03
2.37519e-01 1.66498e+03
2.42519e-01 1.22918e+03
2.47519e-01 7.96250e+02
2.52518e-01 7.28070e+02
2.57516e-01 3.46242e+02
2.62515e-01 6.65859e+02
2.67514e-01 6.99492e+02
2.72514e-01 7.46211e+02
2.77515e-01 7.64773e+02
2.82515e-01 7.54883e+02
2.87515e-01 8.74695e+02
2.92514e-01 5.15844e+02
2.97513e-01 1.06044e+03
3.70814e-03 3.63476e+04
8.01858e-03 2.09766e+04
1.28441e-02 6.02695e+03
1.77514e-02 1.50851e+04
2.26910e-02 1.41631e+04
2.76613e-02 9.85158e+03
3.26316e-02 1.92197e+04
3.76089e-02 1.80012e+04
4.25899e-02 1.54507e+04
4.75838e-02 -9.01625e+02
5.25894e-02 8.46303e+03
5.75770e-02 3.50785e+03
6.25679e-02 5.43641e+03
6.75637e-02 4.38448e+03
7.25587e-02 6.65535e+03
7.75534e-02 5.80566e+03
8.25494e-02 4.35600e+03
8.75470e-02 5.39520e+03
9.25421e-02 3.41149e+03
9.75420e-02 3.99314e+03
1.02542e-01 2.97904e+03
1.07541e-01 2.25647e+03
1.12539e-01 1.59214e+03
1.17536e-01 3.11094e+03
1.22536e-01 9.38836e+02
1.27533e-01 5.21529e+03
1.32529e-01 3.08848e+03
1.37528e-01 1.13585e+03
1.42529e-01 -8.42287e+01
1.47530e-01 7.12770e+02
1.52529e-01 2.03543e+03
1.57528e-01 1.72244e+02
1.62527e-01 -9.73298e+02
1.67527e-01 1.78534e+03
1.72526e-01 6.04487e+02
1.77523e-01 1.98659e+03
1.82522e-01 2.81164e+03
1.87521e-01 1.42088e+02
1.92521e-01 2.67040e+02
1.97520e-01 6.26213e+01
2.02519e-01 4.80361e+02
2.07520e-01 -5.56468e+02
2.12519e-01 -1.40376e+03
2.17519e-01 2.77187e+01
2.22518e-01 6.06941e+02
2.27517e-01 -3.85574e+02
2.32518e-01 -5.41698e+02
2.37519e-01 -8.15831e+02
2.42519e-01 -1.05851e+02
2.47519e-01 -6.53208e+02
2.52518e-01 -5.55428e+02
2.57516e-01 -1.15473e+02
2.62515e-01 -1.78443e+02
2.67514e-01 -1.73416e+03
2.72514e-01 -6.89374e+02
2.77515e-01 -7.00639e+02
2.82515e-01 -9.59225e+00
2.87515e-01 1.35753e+02
2.92514e-01 -5.51789e+02
2.97513e-01 -5.66291e+02
