60 2
k power
3.78596e-03 6.66056e+04
8.05565e-03 3.53657e+04
1.28387e-02 2.68375e+04
1.77584e-02 3.04146e+04
2.26862e-02 3.33402e+04
2.76450e-02 2.60992e+04
3.26261e-02 2.76789e+04
3.76152e-02 2.43253e+04
4.26121e-02 2.31612e+04
4.75881e-02 2.02850e+04
5.25764e-02 1.93573e+04
5.75766e-02 1.73701e+04
6.25706e-02 1.47978e+04
6.75643e-02 1.42521e+04
7.25546e-02 1.29952e+04
7.75520e-02 1.34362e+04
8.25499e-02 1.10442e+04
8.75466e-02 1.02833e+04
9.25461e-02 7.96492e+03
9.75410e-02 7.59395e+03
1.02539e-01 7.89060e+03
1.07538e-01 7.70896e+03
1.12539e-01 6.00944e+03
1.17539e-01 7.03856e+03
1.22534e-01 5.16198e+03
1.27532e-01 4.98763e+03
1.32531e-01 4.95110e+03
1.37529e-01 4.61619e+03
1.42529e-01 4.84745e+03
1.47527e-01 3.96303e+03
1.52526e-01 3.77800e+03
1.57526e-01 2.55254e+03
1.62527e-01 2.33604e+03
1.67528e-01 2.38316e+03
1.72524e-01 2.51703e+03
1.77522e-01 2.70891e+03
1.82524e-01 2.45296e+03
1.87522e-01 2.37762e+03
1.92522e-01 2.09223e+03
1.97523e-01 2.02166e+03
2.02522e-01 1.94220e+03
2.07520e-01 1.60498e+03
2.12520e-01 1.34332e+03
2.17519e-01 1.69527e+03
2.22517e-01 1.70430e+03
2.27517e-01 1.06135e+03
2.32517e-01 9.09016e+02
2.37517e-01 1.30227e+03
2.42517e-01 1.20266e+03
2.47517e-01 8.76586e+02
2.52517e-01 1.02102e+03
2.57516e-01 1.11038e+03
2.62515e-01 7.60922e+02
2.67515e-01 1.16047e+03
2.72514e-01 7.66375e+02
2.77515e-01 8.39242e+02
2.82515e-01 4.84852e+02
2.87514e-01 3.21898e+02
2.92514e-01 5.92734e+02
2.97513e-01 5.48648e+02
3.78596e-03 1.50686e+05
8.05565e-03 6.38137e+04
1.28387e-02 1.32499e+04
1.77584e-02 2.37294e+04
2.26862e-02 1.37946e+04
2.76450e-02 2.63991e+04
3.26261e-02 1.92502e+04
3.76152e-02 1.32601e+04
4.26121e-02 8.64615e+03
4.75881e-02 6.10392e+03
5.25764e-02 8.10105e+03
5.75766e-02 6.78053e+03
6.25706e-02 1.33138e+03
6.75643e-02 6.79554e+03
7.25546e-02 6.36120e+03
7.75520e-02 4.60968e+03
8.25499e-02 3.67626e+03
8.75466e-02 4.53098e+03
9.25461e-02 3.60676e+03
9.75410e-02 2.62181e+03
1.02539e-01 4.29593e+03
1.07538e-01 4.19586e+03
1.12539e-01 1.49913e+03
1.17539e-01 9.47844e+02
1.22534e-01 1.17902e+03
1.27532e-01 -7.63001e+02
1.32531e-01 1.80930e+03
1.37529e-01 8.39886e+02
1.42529e-01 3.79031e+02
1.47527e-01 -2.50675e+02
1.52526e-01 3.47471e+02
1.57526e-01 7.69246e+02
1.62527e-01 1.49063e+03
1.67528e-01 -1.48703e+02
1.72524e-01 1.41409e+02
1.77522e-01 1.29080e+03
1.82524e-01 1.28385e+03
1.87522e-01 -1.91490e+02
1.92522e-01 5.45268e+02
1.97523e-01 4.28884e+02
2.02522e-01 6.85525e+02
2.07520e-01 5.75272e+02
2.12520e-01 5.22897e+02
2.17519e-01 2.56843e+02
2.22517e-01 -2.39941e+02
2.27517e-01 -6.58777e+02
2.32517e-01 2.57864e+02
2.37517e-01 -6.48503e+02
2.42517e-01 9.86696e+02
2.47517e-01 -2.29578e+02
2.52517e-01 7.49530e+02
2.57516e-01 -4.02391e+02
2.62515e-01 7.93784e+01
2.67515e-01 3.35088e+02
2.72514e-01 -2.71215e+02
2.77515e-01 -5.09708e+02
2.82515e-01 3.76221e+01
2.87514e-01 8.07410e+01
2.92514e-01 6.53137e+02
2.97513e-01 -4.64318e+02
