60 2
k power
3.78596e-03 3.42006e+04
8.05565e-03 3.05018e+04
1.28387e-02 2.98156e+04
1.77584e-02 2.77401e+04
2.26862e-02 2.81872e+04
2.76450e-02 3.82290e+04
3.26261e-02 2.93317e+04
3.76152e-02 3.14119e+04
4.26121e-02 2.21972e+04
4.75881e-02 1.88737e+04
5.25764e-02 1.66905e+04
5.75766e-02 1.53929e+04
6.25706e-02 1.71309e+04
6.75643e-02 1.63642e+04
7.25546e-02 1.43103e+04
7.75520e-02 1.36137e+04
8.25499e-02 1.04075e+04
8.75466e-02 9.91760e+03
9.25461e-02 8.16262e+03
9.75410e-02 8.70181e+03
1.02539e-01 7.16101e+03
1.07538e-01 6.10795e+03
1.12539e-01 7.10248e+03
1.17539e-01 6.03110e+03
1.22534e-01 6.24395e+03
1.27532e-01 4.74220e+03
1.32531e-01 4.76251e+03
1.37529e-01 4.51394e+03
1.42529e-01 4.37555e+03
1.47527e-01 4.31061e+03
1.52526e-01 4.30718e+03
1.57526e-01 2.36052e+03
1.62527e-01 2.53829e+03
1.67528e-01 3.24445e+03
1.72524e-01 3.58950e+03
1.77522e-01 2.56088e+03
1.82524e-01 3.37402e+03
1.87522e-01 1.88727e+03
1.92522e-01 1.86042e+03
1.97523e-01 2.18877e+03
2.02522e-01 1.64408e+03
2.07520e-01 2.12860e+03
2.12520e-01 1.55383e+03
2.17519e-01 1.32717e+03
2.22517e-01 1.67746e+03
2.27517e-01 1.38970e+03
2.32517e-01 1.04765e+03
2.37517e-01 1.18884e+03
2.42517e-01 1.11509e+03
2.47517e-01 1.00683e+03
2.52517e-01 1.27288e+03
2.57516e-01 1.06984e+03
2.62515e-01 9.06383e+02
2.67515e-01 7.39008e+02
2.72514e-01 5.78945e+02
2.77515e-01 5.75492e+02
2.82515e-01 7.08141e+02
2.87514e-01 9.17844e+02
2.92514e-01 6.43969e+02
2.97513e-01 2.45727e+02
3.78596e-03 3.42866e+04
8.05565e-03 -5.64851e+03
1.28387e-02 3.75680e+04
1.77584e-02 1.21600e+04
2.26862e-02 3.24602e+03
2.76450e-02 1.48971e+04
3.26261e-02 1.39598e+04
3.76152e-02 4.89859e+03
4.26121e-02 5.54429e+03
4.75881e-02 1.07171e+04
5.25764e-02 3.73862e+03
5.75766e-02 7.43955e+03
6.25706e-02 1.98864e+03
6.75643e-02 1.87761e+03
7.25546e-02 -1.94887e+03
7.75520e-02 2.97843e+03
8.25499e-02 5.30156e+02
8.75466e-02 4.20585e+03
9.25461e-02 3.72570e+03
9.75410e-02 3.77992e+03
1.02539e-01 3.28516e+02
1.07538e-01 1.22160e+03
1.12539e-01 -7.76772e+02
1.17539e-01 6.56320e+02
1.22534e-01 -1.66236e+03
1.27532e-01 3.59920e+02
1.32531e-01 1.30156e+03
1.37529e-01 2.15239e+03
1.42529e-01 2.25820e+03
1.47527e-01 1.45278e+03
1.52526e-01 7.78918e+02
1.57526e-01 2.97626e+02
1.62527e-01 1.30465e+03
1.67528e-01 -2.75021e+02
1.72524e-01 3.47514e+02
1.77522e-01 1.16936e+02
1.82524e-01 -3.21821e+02
1.87522e-01 -9.46011e+02
1.92522e-01 -1.07821e+03
1.97523e-01 3.81583e+02
2.02522e-01 -4.04796e+02
2.07520e-01 7.96094e+02
2.12520e-01 -4.97458e+02
2.17519e-01 2.61903e+02
2.22517e-01 -5.34910e+02
2.27517e-01 1.00975e+03
2.32517e-01 -1.05744e+03
2.37517e-01 -1.51309e+03
2.42517e-01 -1.47309e+03
2.47517e-01 -1.39852e+02
2.52517e-01 1.02788e+03
2.57516e-01 -1.16866e+02
2.62515e-01 1.27931e+03
2.67515e-01 5.94117e+02
2.72514e-01 -2.65120e+01
2.77515e-01 -3.53446e+02
2.82515e-01 -5.40189e+02
2.87514e-01 1.27645e+01
2.92514e-01 -9.98764e+02
2.97513e-01 -3.70633e+02
