59 2
k power
8.05040e-03 4.58163e+04
1.28486e-02 4.35432e+04
1.77516e-02 4.25908e+04
2.26918e-02 3.83214e+04
2.76480e-02 3.36363e+04
3.26126e-02 2.53736e+04
3.76111e-02 1.95654e+04
4.26130e-02 1.92943e+04
4.76051e-02 1.87558e+04
5.25913e-02 2.01579e+04
5.75684e-02 1.59522e+04
6.25625e-02 1.52608e+04
6.75666e-02 1.35011e+04
7.25730e-02 1.30948e+04
7.75647e-02 1.39324e+04
8.25476e-02 1.26291e+04
8.75441e-02 1.01933e+04
9.25437e-02 9.56863e+03
9.75415e-02 9.83607e+03
1.02541e-01 7.88323e+03
1.07542e-01 7.76839e+03
1.12541e-01 7.19202e+03
1.17533e-01 6.43915e+03
1.22524e-01 6.20723e+03
1.27531e-01 5.28476e+03
1.32537e-01 5.53038e+03
1.37532e-01 5.12979e+03
1.42526e-01 4.36552e+03
1.47525e-01 3.66326e+03
1.52527e-01 3.45739e+03
1.57525e-01 3.38327e+03
1.62524e-01 2.56924e+03
1.67524e-01 2.68810e+03
1.72523e-01 3.25546e+03
1.77521e-01 3.36498e+03
1.82521e-01 2.52561e+03
1.87522e-01 1.55079e+03
1.92522e-01 2.60763e+03
1.97522e-01 2.93979e+03
2.02520e-01 2.63477e+03
2.07516e-01 2.19762e+03
2.12515e-01 1.58435e+03
2.17519e-01 1.58234e+03
2.22521e-01 1.25942e+03
2.27520e-01 1.14558e+03
2.32521e-01 1.61973e+03
2.37519e-01 1.40785e+03
2.42517e-01 1.56289e+03
2.47516e-01 1.27519e+03
2.52517e-01 8.28734e+02
2.57519e-01 1.08705e+03
2.62519e-01 1.00906e+03
2.67517e-01 7.07055e+02
2.72515e-01 1.25864e+03
2.77516e-01 8.86609e+02
2.82516e-01 1.06991e+03
2.87515e-01 1.65391e+03
2.92513e-01 9.86195e+02
2.97512e-01 3.54992e+02
8.05040e-03 -1.52168e+04
1.28486e-02 3.57749e+04
1.77516e-02 2.46090e+03
2.26918e-02 1.69519e+04
2.76480e-02 2.49597e+04
3.26126e-02 7.60624e+03
3.76111e-02 2.00833e+04
4.26130e-02 5.99045e+03
4.76051e-02 6.07471e+03
5.25913e-02 5.00503e+03
5.75684e-02 3.82637e+03
6.25625e-02 1.30365e+02
6.75666e-02 7.88978e+03
7.25730e-02 6.09060e+03
7.75647e-02 2.71093e+03
8.25476e-02 9.17101e+03
8.75441e-02 4.54906e+03
9.25437e-02 3.39275e+03
9.75415e-02 7.23611e+03
1.02541e-01 6.04641e+03
1.07542e-01 -1.08903e+03
1.12541e-01 3.25463e+03
1.17533e-01 4.84938e+03
1.22524e-01 2.17843e+03
1.27531e-01 3.75716e+03
1.32537e-01 2.39459e+02
1.37532e-01 3.82480e+01
1.42526e-01 1.69560e+03
1.47525e-01 1.07815e+03
1.52527e-01 2.81421e+02
1.57525e-01 1.04371e+03
1.62524e-01 8.55433e+02
1.67524e-01 1.12456e+03
1.72523e-01 1.42701e+03
1.77521e-01 -1.95499e+03
1.82521e-01 4.65442e+02
1.87522e-01 -2.60150e+02
1.92522e-01 8.33860e+02
1.97522e-01 4.39648e+02
2.02520e-01 -7.07744e+02
2.07516e-01 -1.94640e+03
2.12515e-01 4.92649e+02
2.17519e-01 1.92872e+02
2.22521e-01 5.41709e+02
2.27520e-01 -6.99495e+02
2.32521e-01 -7.44979e+02
2.37519e-01 8.12920e+02
2.42517e-01 -4.61739e+02
2.47516e-01 -1.09019e+03
2.52517e-01 -7.52129e+02
2.57519e-01 -5.36751e+02
2.62519e-01 7.74633e+02
2.67517e-01 6.55470e+02
2.72515e-01 9.43790e+02
2.77516e-01 3.64994e+02
2.82516e-01 -1.04518e+02
2.87515e-01 -6.39820e+01
2.92513e-01 -1.55875e+02
2.97512e-01 -2.94394e+02
