59 2
k power
8.01858e-03 2.47539e+04
1.28441e-02 3.03536e+04
1.77514e-02 4.62254e+04
2.26910e-02 3.97674e+04
2.76613e-02 3.74134e+04
3.26316e-02 2.19655e+04
3.76089e-02 2.52777e+04
4.25899e-02 2.04664e+04
4.75838e-02 1.72353e+04
5.25894e-02 1.58628e+04
5.75770e-02 1.53681e+04
6.25679e-02 1.52559e+04
6.75637e-02 1.34338e+04
7.25587e-02 1.15419e+04
7.75534e-02 1.21269e+04
8.25494e-02 1.18863e+04
8.75470e-02 1.07605e+04
9.25421e-02 1.06412e+04
9.75420e-02 7.86663e+03
1.02542e-01 6.39262e+03
1.07541e-01 7.31668e+03
1.12539e-01 6.96505e+03
1.17536e-01 5.98734e+03
1.22536e-01 4.54015e+03
1.27533e-01 4.54023e+03
1.32529e-01 4.51680e+03
1.37528e-01 3.68905e+03
1.42529e-01 4.53202e+03
1.47530e-01 4.25113e+03
1.52529e-01 4.09463e+03
1.57528e-01 3.85288e+03
1.62527e-01 3.53754e+03
1.67527e-01 3.39177e+03
1.72526e-01 3.29176e+03
1.77523e-01 2.96958e+03
1.82522e-01 1.54952e+03
1.87521e-01 1.11465e+03
1.92521e-01 1.64091e+03
1.97520e-01 1.75201e+03
2.02519e-01 1.97316e+03
2.07520e-01 1.55197e+03
2.12519e-01 2.10447e+03
2.17519e-01 1.68625e+03
2.22518e-01 1.39607e+03
2.27517e-01 1.55338e+03
2.32518e-01 1.37377e+03
2.37519e-01 1.54655e+03
2.42519e-01 1.12418e+03
2.47519e-01 1.44200e+03
2.52518e-01 1.24512e+03
2.57516e-01 9.22148e+02
2.62515e-01 7.19609e+02
2.67514e-01 6.02281e+02
2.72514e-01 5.62766e+02
2.77515e-01 6.20922e+02
2.82515e-01 8.82164e+02
2.87515e-01 6.87719e+02
2.92514e-01 9.26859e+02
2.97513e-01 4.90461e+02
8.01858e-03 1.28043e+04
1.28441e-02 -1.07695e+04
1.77514e-02 2.28482e+04
2.26910e-02 4.86087e+04
2.76613e-02 2.17847e+04
3.26316e-02 8.59320e+03
3.76089e-02 8.91498e+03
4.25899e-02 2.25270e+04
4.75838e-02 1.52765e+04
5.25894e-02 1.37450e+04
5.75770e-02 1.00259e+04
6.25679e-02 9.89716e+03
6.75637e-02 7.33957e+03
7.25587e-02 5.86735e+03
7.75534e-02 4.44434e+03
8.25494e-02 4.23808e+03
8.75470e-02 2.20840e+03
9.25421e-02 7.38922e+03
9.75420e-02 2.18430e+03
1.02542e-01 -9.42519e+02
1.07541e-01 3.60646e+03
1.12539e-01 5.14438e+03
1.17536e-01 2.53071e+03
1.22536e-01 1.23382e+03
1.27533e-01 -1.66204e+02
1.32529e-01 -3.13462e+02
1.37528e-01 1.59800e+03
1.42529e-01 8.72115e+02
1.47530e-01 1.72156e+03
1.52529e-01 4.62931e+02
1.57528e-01 5.62437e+02
1.62527e-01 -9.34871e+02
1.67527e-01 -1.18950e+03
1.72526e-01 1.06285e+02
1.77523e-01 2.46042e+03
1.82522e-01 1.73617e+03
1.87521e-01 1.14543e+03
1.92521e-01 3.06415e+02
1.97520e-01 3.48710e+02
2.02519e-01 1.12592e+03
2.07520e-01 8.88872e+02
2.12519e-01 3.32492e+02
2.17519e-01 2.99927e+02
2.22518e-01 -2.60499e+02
2.27517e-01 7.54923e+02
2.32518e-01 4.76283e+02
2.37519e-01 -6.01609e+02
2.42519e-01 -9.81547e+02
2.47519e-01 1.08338e+03
2.52518e-01 1.78309e+01
2.57516e-01 -5.28290e+02
2.62515e-01 4.12681e+02
2.67514e-01 3.68230e+02
2.72514e-01 7.17243e+01
2.77515e-01 4.61198e+02
2.82515e-01 -4.14931e+02
2.87515e-01 -7.03140e+02
2.92514e-01 -5.36841e+02
2.97513e-01 -5.43906e+02
