80 2
k power
3.70544e-03 7.93105e+04
8.00271e-03 1.97021e+04
1.28497e-02 2.84430e+04
1.77641e-02 4.41110e+04
2.26842e-02 3.41776e+04
2.76464e-02 3.45060e+04
3.26361e-02 3.08302e+04
3.76229e-02 2.38423e+04
4.26066e-02 2.38305e+04
4.75842e-02 2.48691e+04
5.25722e-02 1.84913e+04
5.75659e-02 1.58191e+04
6.25589e-02 1.43663e+04
6.75629e-02 1.43555e+04
7.25605e-02 1.50778e+04
7.75516e-02 1.19704e+04
8.25500e-02 1.07729e+04
8.75455e-02 9.79467e+03
9.25437e-02 8.97862e+03
9.75415e-02 7.68480e+03
1.02534e-01 7.15030e+03
1.07536e-01 6.48835e+03
1.12540e-01 6.21319e+03
1.17537e-01 5.60248e+03
1.22533e-01 4.65730e+03
1.27534e-01 4.86589e+03
1.32530e-01 5.99027e+03
1.37531e-01 4.73822e+03
1.42530e-01 4.08675e+03
1.47526e-01 3.45882e+03
1.52527e-01 3.41434e+03
1.57528e-01 3.36369e+03
1.62527e-01 2.93784e+03
1.67526e-01 2.97645e+03
1.72526e-01 2.90324e+03
1.77526e-01 2.62468e+03
1.82527e-01 2.06521e+03
1.87525e-01 2.20605e+03
1.92520e-01 2.35276e+03
1.97516e-01 2.06907e+03
2.02513e-01 2.00851e+03
2.07516e-01 1.55338e+03
2.12517e-01 1.73977e+03
2.17519e-01 1.75751e+03
2.22521e-01 1.50682e+03
2.27519e-01 1.49736e+03
2.32521e-01 1.35707e+03
2.37520e-01 1.26652e+03
2.42520e-01 1.41855e+03
2.47519e-01 1.29373e+03
2.52516e-01 9.79695e+02
2.57514e-01 6.50000e+02
2.62513e-01 9.17516e+02
2.67513e-01 5.77172e+02
2.72514e-01 4.81938e+02
2.77515e-01 9.05922e+02
2.82516e-01 6.96703e+02
2.87514e-01 6.18023e+02
2.92512e-01 3.12453e+02
2.97514e-01 2.51234e+02
3.02516e-01 5.65586e+02
3.07515e-01 2.89242e+02
3.12512e-01 5.54336e+02
3.17510e-01 4.64023e+02
3.22511e-01 4.52969e+01
3.27512e-01 3.68484e+02
3.32512e-01 1.52391e+02
3.37512e-01 4.33031e+02
3.42513e-01 1.63828e+02
3.47513e-01 6.25570e+02
3.52513e-01 5.24883e+02
3.57513e-01 2.31188e+02
3.62512e-01 4.30039e+02
3.67512e-01 3.58555e+02
3.72512e-01 1.74211e+02
3.77511e-01 -5.89609e+01
3.82510e-01 3.96875e+00
3.87510e-01 2.14125e+02
3.92510e-01 2.23766e+02
3.97510e-01 1.55625e+01
3.70544e-03 3.07030e+04
8.00271e-03 6.65885e+03
1.28497e-02 2.48198e+04
1.77641e-02 8.18101e+03
2.26842e-02 1.02636e+04
2.76464e-02 1.03344e+04
3.26361e-02 7.31345e+03
3.76229e-02 2.18948e+03
4.26066e-02 4.39067e+03
4.75842e-02 1.02548e+04
5.25722e-02 8.68117e+03
5.75659e-02 1.30846e+04
6.25589e-02 9.02738e+03
6.75629e-02 5.99889e+03
7.25605e-02 3.27612e+03
7.75516e-02 4.39620e+03
8.25500e-02 -1.69215e+03
8.75455e-02 4.94472e+03
9.25437e-02 5.15316e+03
9.75415e-02 1.94154e+03
1.02534e-01 3.57117e+03
1.07536e-01 1.89463e+03
1.12540e-01 2.07083e+03
1.17537e-01 2.79727e+03
1.22533e-01 1.08179e+03
1.27534e-01 2.12303e+03
1.32530e-01 1.33462e+02
1.37531e-01 -2.29407e+01
1.42530e-01 7.78627e+02
1.47526e-01 -2.68425e+01
1.52527e-01 1.66045e+03
1.57528e-01 2.04113e+03
1.62527e-01 -1.27782e+02
1.67526e-01 -3.75209e+02
1.72526e-01 1.08151e+02
1.77526e-01 -4.64197e+00
1.82527e-01 7.87565e+01
1.87525e-01 1.31824e+02
1.92520e-01 -1.78760e+02
1.97516e-01 -8.17099e+02
2.02513e-01 4.96013e+02
2.07516e-01 -1.10154e+03
2.12517e-01 -4.78014e+02
2.17519e-01 3.53378e+02
2.22521e-01 -3.98453e+02
2.27519e-01 4.74884e+02
2.32521e-01 -2.91236e+01
2.37520e-01 -2.70645e+02
2.42520e-01 -1.38685e+03
2.47519e-01 -6.02578e+02
2.52516e-01 -2.61505e+02
2.57514e-01 -1.50768e+02
2.62513e-01 -7.13421e+01
2.67513e-01 -6.43211e+02
2.72514e-01 5.56571e+02
2.77515e-01 -8.80788e+02
2.82516e-01 -5.79112e+02
2.87514e-01 1.36479e+02
2.92512e-01 -3.66210e+02
2.97514e-01 -3.13596e+02
3.02516e-01 -1.03608e+02
3.07515e-01 -4.38841e+02
3.12512e-01 2.17316e+02
3.17510e-01 -1.69485e+02
3.22511e-01 -2.06746e+01
3.27512e-01 -2.15217e+02
3.32512e-01 -1.34587e+02
3.37512e-01 -1.96172e+02
3.42513e-01 -1.86698e+02
3.47513e-01 -1.69908e+02
3.52513e-01 3.43430e+02
3.57513e-01 4.13995e+02
3.62512e-01 -8.56005e+02
3.67512e-01 -7.20876e+01
3.72512e-01 -9.85698e+01
3.77511e-01 4.27368e+02
3.82510e-01 -2.45605e+02
3.87510e-01 -1.47608e+02
3.92510e-01 1.32613e+02
3.97510e-01 -2.86898e+02
