59 2
k power
8.05565e-03 2.00026e+04
1.28387e-02 3.49176e+04
1.77584e-02 4.11628e+04
2.26862e-02 3.38294e+04
2.76450e-02 3.10082e+04
3.26261e-02 2.62931e+04
3.76152e-02 2.27394e+04
4.26121e-02 2.20162e+04
4.75881e-02 1.81644e+04
5.25764e-02 1.55066e+04
5.75766e-02 1.69308e+04
6.25706e-02 1.61250e+04
6.75643e-02 1.48445e+04
7.25546e-02 1.32282e+04
7.75520e-02 1.23620e+04
8.25499e-02 1.06449e+04
8.75466e-02 9.68787e+03
9.25461e-02 8.47743e+03
9.75410e-02 8.03253e+03
1.02539e-01 7.94230e+03
1.07538e-01 6.49779e+03
1.12539e-01 6.90610e+03
1.17539e-01 5.71247e+03
1.22534e-01 6.22916e+03
1.27532e-01 5.67826e+03
1.32531e-01 4.22293e+03
1.37529e-01 4.80440e+03
1.42529e-01 4.13884e+03
1.47527e-01 4.15563e+03
1.52526e-01 3.60330e+03
1.57526e-01 3.89605e+03
1.62527e-01 3.48491e+03
1.67528e-01 3.26995e+03
1.72524e-01 3.03858e+03
1.77522e-01 3.09431e+03
1.82524e-01 2.29252e+03
1.87522e-01 2.22180e+03
1.92522e-01 2.12286e+03
1.97523e-01 1.68446e+03
2.02522e-01 1.74502e+03
2.07520e-01 1.99566e+03
2.12520e-01 1.43645e+03
2.17519e-01 1.52364e+03
2.22517e-01 1.41667e+03
2.27517e-01 1.77485e+03
2.32517e-01 1.34665e+03
2.37517e-01 1.19391e+03
2.42517e-01 8.57727e+02
2.47517e-01 1.00883e+03
2.52517e-01 7.03742e+02
2.57516e-01 8.93539e+02
2.62515e-01 1.18031e+03
2.67515e-01 8.72906e+02
2.72514e-01 1.17322e+03
2.77515e-01 8.41383e+02
2.82515e-01 6.14109e+02
2.87514e-01 7.91844e+02
2.92514e-01 6.05641e+02
2.97513e-01 7.69602e+02
8.05565e-03 -3.43183e+03
1.28387e-02 5.12754e+02
1.77584e-02 1.54712e+04
2.26862e-02 2.11754e+04
2.76450e-02 2.84982e+04
3.26261e-02 8.60580e+03
3.76152e-02 5.93669e+03
4.26121e-02 6.57652e+03
4.75881e-02 4.93618e+03
5.25764e-02 2.94464e+03
5.75766e-02 6.79804e+03
6.25706e-02 1.10146e+04
6.75643e-02 9.01356e+03
7.25546e-02 -1.64852e+03
7.75520e-02 1.18113e+03
8.25499e-02 4.19493e+03
8.75466e-02 4.60499e+03
9.25461e-02 2.14814e+03
9.75410e-02 2.86723e+03
1.02539e-01 1.85889e+03
1.07538e-01 9.20822e+02
1.12539e-01 1.69561e+03
1.17539e-01 2.86294e+03
1.22534e-01 2.99006e+03
1.27532e-01 1.48629e+02
1.32531e-01 7.64474e+02
1.37529e-01 2.25350e+03
1.42529e-01 9.35776e+02
1.47527e-01 2.03352e+03
1.52526e-01 9.29754e+02
1.57526e-01 1.22014e+03
1.62527e-01 1.39532e+03
1.67528e-01 2.81748e+03
1.72524e-01 9.10428e+02
1.77522e-01 -5.04045e+02
1.82524e-01 1.06933e+03
1.87522e-01 6.08602e+01
1.92522e-01 2.89246e+02
1.97523e-01 -2.34496e+02
2.02522e-01 1.31872e+02
2.07520e-01 1.78396e+02
2.12520e-01 8.42215e+02
2.17519e-01 3.59775e+02
2.22517e-01 -3.71424e+01
2.27517e-01 -1.34542e+03
2.32517e-01 -3.10210e+02
2.37517e-01 -8.74829e+02
2.42517e-01 -7.69409e+02
2.47517e-01 1.47062e+02
2.52517e-01 -1.33516e+02
2.57516e-01 -6.84002e+01
2.62515e-01 -7.64706e+01
2.67515e-01 2.44616e+02
2.72514e-01 -6.73046e+00
2.77515e-01 1.28455e+02
2.82515e-01 -4.35416e+02
2.87514e-01 -8.10852e+02
2.92514e-01 8.85147e+01
2.97513e-01 -1.16125e+02
