59 2
k power
8.00271e-03 3.82946e+04
1.28497e-02 4.87870e+04
1.77641e-02 3.77891e+04
2.26842e-02 3.46342e+04
2.76464e-02 3.49438e+04
3.26361e-02 2.96670e+04
3.76229e-02 2.59234e+04
4.26066e-02 2.16840e+04
4.75842e-02 1.98471e+04
5.25722e-02 1.85091e+04
5.75659e-02 1.71002e+04
6.25589e-02 1.78433e+04
6.75629e-02 1.52154e+04
7.25605e-02 1.38274e+04
7.75516e-02 1.33047e+04
8.25500e-02 1.24080e+04
8.75455e-02 8.40019e+03
9.25437e-02 7.79313e+03
9.75415e-02 7.38593e+03
1.02534e-01 6.22947e+03
1.07536e-01 6.44462e+03
1.12540e-01 5.67597e+03
1.17537e-01 5.30281e+03
1.22533e-01 4.52700e+03
1.27534e-01 4.87432e+03
1.32530e-01 4.52196e+03
1.37531e-01 4.85144e+03
1.42530e-01 3.61328e+03
1.47526e-01 4.08563e+03
1.52527e-01 3.96639e+03
1.57528e-01 3.61092e+03
1.62527e-01 2.12358e+03
1.67526e-01 2.06528e+03
1.72526e-01 2.29676e+03
1.77526e-01 2.47870e+03
1.82527e-01 1.77935e+03
1.87525e-01 2.34888e+03
1.92520e-01 1.68048e+03
1.97516e-01 1.86486e+03
2.02513e-01 1.98990e+03
2.07516e-01 2.06606e+03
2.12517e-01 1.21971e+03
2.17519e-01 1.53526e+03
2.22521e-01 1.23146e+03
2.27519e-01 1.54684e+03
2.32521e-01 1.54821e+03
2.37520e-01 1.35742e+03
2.42520e-01 1.21077e+03
2.47519e-01 9.01523e+02
2.52516e-01 9.70938e+02
2.57514e-01 1.05607e+03
2.62513e-01 1.17760e+03
2.67513e-01 1.18630e+03
2.72514e-01 8.14539e+02
2.77515e-01 6.25750e+02
2.82516e-01 7.36680e+02
2.87514e-01 5.41867e+02
2.92512e-01 8.83711e+02
2.97514e-01 4.75039e+02
8.00271e-03 2.94243e+04
1.28497e-02 5.19180e+04
1.77641e-02 4.27619e+04
2.26842e-02 2.28074e+04
2.76464e-02 9.41925e+03
3.26361e-02 1.60781e+04
3.76229e-02 1.38298e+04
4.26066e-02 6.52298e+03
4.75842e-02 7.94479e+03
5.25722e-02 7.65416e+03
5.75659e-02 2.51874e+03
6.25589e-02 1.08988e+04
6.75629e-02 5.03639e+03
7.25605e-02 5.07497e+03
7.75516e-02 5.49665e+03
8.25500e-02 8.95369e+03
8.75455e-02 2.01848e+03
9.25437e-02 -8.06028e+02
9.75415e-02 5.46097e+03
1.02534e-01 9.89465e+02
1.07536e-01 3.86145e+02
1.12540e-01 2.68176e+03
1.17537e-01 2.45145e+03
1.22533e-01 4.31760e+02
1.27534e-01 5.29525e+02
1.32530e-01 -9.53520e+02
1.37531e-01 -2.97835e+02
1.42530e-01 9.45868e+02
1.47526e-01 -5.49796e+02
1.52527e-01 1.54787e+03
1.57528e-01 1.44003e+03
1.62527e-01 1.44301e+03
1.67526e-01 -5.35581e+02
1.72526e-01 4.17169e+02
1.77526e-01 3.71417e+02
1.82527e-01 -2.21044e+01
1.87525e-01 -8.69486e+01
1.92520e-01 -9.44536e+02
1.97516e-01 1.01186e+02
2.02513e-01 -5.92751e+02
2.07516e-01 -1.71051e+03
2.12517e-01 -7.64273e+01
2.17519e-01 -7.97107e+01
2.22521e-01 -9.53239e+02
2.27519e-01 -1.15507e+03
2.32521e-01 -7.53060e+02
2.37520e-01 7.52345e+01
2.42520e-01 -8.30568e+02
2.47519e-01 -1.67319e+02
2.52516e-01 -6.35286e+02
2.57514e-01 -8.90604e+02
2.62513e-01 9.89063e+01
2.67513e-01 2.98480e+01
2.72514e-01 8.75062e+02
2.77515e-01 8.95527e+01
2.82516e-01 -7.59552e+01
2.87514e-01 -3.24001e+02
2.92512e-01 -1.37390e+02
2.97514e-01 -5.68874e+02
