60 2
k power
3.75378e-03 5.32239e+04
8.05040e-03 3.60808e+04
1.28486e-02 3.22477e+04
1.77516e-02 2.90596e+04
2.26918e-02 3.82751e+04
2.76480e-02 3.26426e+04
3.26126e-02 2.78822e+04
3.76111e-02 2.25615e+04
4.26130e-02 2.07547e+04
4.76051e-02 1.85402e+04
5.25913e-02 1.83616e+04
5.75684e-02 1.78185e+04
6.25625e-02 1.47670e+04
6.75666e-02 1.43283e+04
7.25730e-02 1.37054e+04
7.75647e-02 1.32940e+04
8.25476e-02 1.10499e+04
8.75441e-02 9.06881e+03
9.25437e-02 8.46666e+03
9.75415e-02 9.51140e+03
1.02541e-01 7.58484e+03
1.07542e-01 5.98429e+03
1.12541e-01 7.29288e+03
1.17533e-01 6.12209e+03
1.22524e-01 5.57420e+03
1.27531e-01 6.14172e+03
1.32537e-01 5.42404e+03
1.37532e-01 5.21273e+03
1.42526e-01 4.69034e+03
1.47525e-01 3.72307e+03
1.52527e-01 2.91541e+03
1.57525e-01 3.71856e+03
1.62524e-01 3.79155e+03
1.67524e-01 2.73292e+03
1.72523e-01 3.34285e+03
1.77521e-01 3.31423e+03
1.82521e-01 2.87026e+03
1.87522e-01 1.87829e+03
1.92522e-01 1.96894e+03
1.97522e-01 2.00642e+03
2.02520e-01 1.47710e+03
2.07516e-01 2.01337e+03
2.12515e-01 2.26896e+03
2.17519e-01 1.88766e+03
2.22521e-01 1.66723e+03
2.27520e-01 1.61708e+03
2.32521e-01 1.09638e+03
2.37519e-01 1.57750e+03
2.42517e-01 1.45770e+03
2.47516e-01 1.53319e+03
2.52517e-01 1.30258e+03
2.57519e-01 8.81562e+02
2.62519e-01 7.81562e+02
2.67517e-01 9.23266e+02
2.72515e-01 1.00343e+03
2.77516e-01 6.61711e+02
2.82516e-01 9.16055e+02
2.87515e-01 8.55836e+02
2.92513e-01 5.59117e+02
2.97512e-01 4.46250e+02
3.75378e-03 -5.65084e+04
8.05040e-03 2.49855e+04
1.28486e-02 -7.38139e+02
1.77516e-02 2.13726e+04
2.26918e-02 2.03550e+04
2.76480e-02 3.05542e+03
3.26126e-02 1.32024e+04
3.76111e-02 6.26381e+02
4.26130e-02 -1.60434e+03
4.76051e-02 1.56927e+03
5.25913e-02 1.33672e+04
5.75684e-02 7.47853e+03
6.25625e-02 6.11472e+03
6.75666e-02 3.48170e+03
7.25730e-02 2.66656e+03
7.75647e-02 2.38991e+03
8.25476e-02 5.43226e+03
8.75441e-02 5.67119e+02
9.25437e-02 -2.18203e+03
9.75415e-02 7.82654e+02
1.02541e-01 2.91570e+03
1.07542e-01 3.43680e+03
1.12541e-01 2.07165e+03
1.17533e-01 1.38832e+03
1.22524e-01 1.78423e+03
1.27531e-01 1.34302e+03
1.32537e-01 4.58654e+03
1.37532e-01 1.41400e+03
1.42526e-01 6.66924e+02
1.47525e-01 1.42581e+03
1.52527e-01 2.17920e+03
1.57525e-01 -2.23789e+02
1.62524e-01 -5.23924e+02
1.67524e-01 -9.80629e+02
1.72523e-01 1.03617e+03
1.77521e-01 -8.70452e+02
1.82521e-01 1.30364e+03
1.87522e-01 6.78492e+02
1.92522e-01 -9.35885e+02
1.97522e-01 -1.24519e+03
2.02520e-01 -1.02335e+03
2.07516e-01 -7.45141e+02
2.12515e-01 8.05839e+02
2.17519e-01 3.10800e+02
2.22521e-01 3.31981e+02
2.27520e-01 -9.42613e+02
2.32521e-01 -1.24151e+03
2.37519e-01 -4.01147e+02
2.42517e-01 5.14502e+02
2.47516e-01 5.83303e+02
2.52517e-01 -1.58828e+02
2.57519e-01 5.69533e+02
2.62519e-01 8.85818e+01
2.67517e-01 6.83100e+02
2.72515e-01 -5.31999e+01
2.77516e-01 4.37472e+02
2.82516e-01 -3.60136e+02
2.87515e-01 -1.91069e+02
2.92513e-01 1.23465e+02
2.97512e-01 -8.52266e+02
