60 2
k power
3.78596e-03 1.54619e+03
8.05565e-03 3.90350e+04
1.28387e-02 3.04595e+04
1.77584e-02 4.22148e+04
2.26862e-02 4.16152e+04
2.76450e-02 2.95248e+04
3.26261e-02 2.65481e+04
3.76152e-02 2.38063e+04
4.26121e-02 2.20010e+04
4.75881e-02 1.90177e+04
5.25764e-02 1.81515e+04
5.75766e-02 1.86657e+04
6.25706e-02 1.44855e+04
6.75643e-02 1.49991e+04
7.25546e-02 1.44731e+04
7.75520e-02 1.21500e+04
8.25499e-02 1.17377e+04
8.75466e-02 1.01680e+04
9.25461e-02 1.04000e+04
9.75410e-02 9.47446e+03
1.02539e-01 7.36403e+03
1.07538e-01 7.24214e+03
1.12539e-01 6.64129e+03
1.17539e-01 6.25472e+03
1.22534e-01 5.26412e+03
1.27532e-01 5.80427e+03
1.32531e-01 5.02884e+03
1.37529e-01 4.64108e+03
1.42529e-01 4.46110e+03
1.47527e-01 3.97108e+03
1.52526e-01 3.98914e+03
1.57526e-01 3.63127e+03
1.62527e-01 2.65708e+03
1.67528e-01 3.06849e+03
1.72524e-01 2.93693e+03
1.77522e-01 2.69407e+03
1.82524e-01 3.47966e+03
1.87522e-01 2.67292e+03
1.92522e-01 2.88881e+03
1.97523e-01 2.70208e+03
2.02522e-01 1.83985e+03
2.07520e-01 1.60278e+03
2.12520e-01 1.81523e+03
2.17519e-01 1.11115e+03
2.22517e-01 1.43573e+03
2.27517e-01 1.63342e+03
2.32517e-01 1.07430e+03
2.37517e-01 1.09723e+03
2.42517e-01 9.12391e+02
2.47517e-01 1.38700e+03
2.52517e-01 7.72562e+02
2.57516e-01 1.00513e+03
2.62515e-01 1.16657e+03
2.67515e-01 6.64008e+02
2.72514e-01 5.61945e+02
2.77515e-01 4.13297e+02
2.82515e-01 7.20484e+02
2.87514e-01 3.88594e+02
2.92514e-01 7.16172e+02
2.97513e-01 6.73094e+02
3.78596e-03 3.82294e+04
8.05565e-03 -5.80567e+03
1.28387e-02 9.63685e+03
1.77584e-02 2.66868e+04
2.26862e-02 3.05400e+04
2.76450e-02 1.44039e+04
3.26261e-02 2.14297e+04
3.76152e-02 7.17900e+03
4.26121e-02 1.05854e+04
4.75881e-02 8.21673e+03
5.25764e-02 7.54081e+03
5.75766e-02 6.51524e+03
6.25706e-02 8.82069e+03
6.75643e-02 5.80748e+03
7.25546e-02 4.54970e+03
7.75520e-02 5.30376e+03
8.25499e-02 4.91787e+03
8.75466e-02 3.88688e+03
9.25461e-02 2.50950e+03
9.75410e-02 5.30022e+02
1.02539e-01 2.44833e+03
1.07538e-01 8.75685e+02
1.12539e-01 1.90936e+03
1.17539e-01 2.37671e+02
1.22534e-01 7.25558e+02
1.27532e-01 1.49967e+03
1.32531e-01 1.96059e+03
1.37529e-01 2.59923e+03
1.42529e-01 7.05970e+02
1.47527e-01 1.47787e+02
1.52526e-01 -5.28643e+02
1.57526e-01 -5.17764e+02
1.62527e-01 7.40597e+02
1.67528e-01 1.91781e+03
1.72524e-01 -1.17901e+02
1.77522e-01 1.31908e+03
1.82524e-01 2.76894e+02
1.87522e-01 3.16894e+02
1.92522e-01 4.54449e+02
1.97523e-01 5.92333e+01
2.02522e-01 8.53778e+02
2.07520e-01 1.86817e+03
2.12520e-01 1.28395e+02
2.17519e-01 3.91193e+02
2.22517e-01 -4.71750e+01
2.27517e-01 -4.63936e+02
2.32517e-01 -1.20097e+03
2.37517e-01 -6.12952e+01
2.42517e-01 3.19360e+02
2.47517e-01 9.65948e+02
2.52517e-01 -9.27118e+02
2.57516e-01 8.67990e+01
2.62515e-01 -1.48499e+01
2.67515e-01 -2.23351e+02
2.72514e-01 -9.84619e+02
2.77515e-01 7.95685e+02
2.82515e-01 7.53287e+01
2.87514e-01 1.25936e+02
2.92514e-01 3.05236e+02
2.97513e-01 4.01824e+02
