80 2
k power
3.70544e-03 6.11686e+04
8.00271e-03 2.96165e+04
1.28497e-02 3.13417e+04
1.77641e-02 3.17201e+04
2.26842e-02 3.58962e+04
2.76464e-02 3.79784e+04
3.26361e-02 2.63403e+04
3.76229e-02 2.54682e+04
4.26066e-02 2.25348e+04
4.75842e-02 1.67278e+04
5.25722e-02 1.60323e+04
5.75659e-02 1.46271e+04
6.25589e-02 1.48039e+04
6.75629e-02 1.46600e+04
7.25605e-02 1.27118e+04
7.75516e-02 1.04561e+04
8.25500e-02 8.58545e+03
8.75455e-02 8.88705e+03
9.25437e-02 7.90640e+03
9.75415e-02 6.72005e+03
1.02534e-01 6.75692e+03
1.07536e-01 6.05105e+03
1.12540e-01 5.75665e+03
1.17537e-01 5.96734e+03
1.22533e-01 6.19802e+03
1.27534e-01 5.36269e+03
1.32530e-01 5.18334e+03
1.37531e-01 4.88986e+03
1.42530e-01 4.63778e+03
1.47526e-01 3.66540e+03
1.52527e-01 3.53444e+03
1.57528e-01 2.39319e+03
1.62527e-01 3.36360e+03
1.67526e-01 2.41731e+03
1.72526e-01 1.89420e+03
1.77526e-01 2.34067e+03
1.82527e-01 2.12732e+03
1.87525e-01 2.11057e+03
1.92520e-01 1.93895e+03
1.97516e-01 1.85388e+03
2.02513e-01 1.95405e+03
2.07516e-01 1.41178e+03
2.12517e-01 1.62012e+03
2.17519e-01 1.43895e+03
2.22521e-01 1.04772e+03
2.27519e-01 1.00544e+03
2.32521e-01 9.69484e+02
2.37520e-01 8.22203e+02
2.42520e-01 7.98992e+02
2.47519e-01 1.05042e+03
2.52516e-01 8.52750e+02
2.57514e-01 9.42812e+02
2.62513e-01 8.27344e+02
2.67513e-01 6.33344e+02
2.72514e-01 7.91617e+02
2.77515e-01 6.86328e+02
2.82516e-01 5.16922e+02
2.87514e-01 8.60727e+02
2.92512e-01 5.92250e+02
2.97514e-01 4.01570e+02
3.02516e-01 4.64000e+02
3.07515e-01 5.08523e+02
3.12512e-01 4.57953e+02
3.17510e-01 4.20352e+02
3.22511e-01 7.72102e+02
3.27512e-01 7.14898e+02
3.32512e-01 4.26945e+02
3.37512e-01 2.17133e+02
3.42513e-01 4.64852e+02
3.47513e-01 2.82836e+02
3.52513e-01 2.98047e+01
3.57513e-01 1.16852e+02
3.62512e-01 -8.65312e+01
3.67512e-01 5.43828e+02
3.72512e-01 3.06453e+02
3.77511e-01 2.09672e+02
3.82510e-01 -6.13672e+01
3.87510e-01 2.17633e+02
3.92510e-01 3.28922e+02
3.97510e-01 2.38336e+02
3.70544e-03 -3.72930e+04
8.00271e-03 8.90623e+02
1.28497e-02 1.55276e+04
1.77641e-02 4.63454e+03
2.26842e-02 1.96101e+04
2.76464e-02 1.34668e+04
3.26361e-02 1.48518e+04
3.76229e-02 7.35641e+03
4.26066e-02 3.49312e+03
4.75842e-02 1.22249e+04
5.25722e-02 4.82434e+03
5.75659e-02 2.10131e+03
6.25589e-02 4.21248e+03
6.75629e-02 5.95688e+03
7.25605e-02 -7.67283e+02
7.75516e-02 8.01033e+02
8.25500e-02 3.88703e+03
8.75455e-02 4.26534e+03
9.25437e-02 5.48043e+03
9.75415e-02 2.99897e+03
1.02534e-01 1.87257e+03
1.07536e-01 1.87380e+03
1.12540e-01 2.50777e+03
1.17537e-01 9.99030e+02
1.22533e-01 3.40768e+03
1.27534e-01 1.59051e+03
1.32530e-01 2.03200e+03
1.37531e-01 2.13229e+03
1.42530e-01 3.21017e+03
1.47526e-01 1.21240e+03
1.52527e-01 1.14186e+03
1.57528e-01 1.54562e+03
1.62527e-01 -8.38792e+02
1.67526e-01 1.10807e+03
1.72526e-01 -1.45946e+03
1.77526e-01 3.62454e+02
1.82527e-01 1.18977e+03
1.87525e-01 5.99463e+02
1.92520e-01 -1.67515e+03
1.97516e-01 1.13651e+03
2.02513e-01 -6.10538e+01
2.07516e-01 2.72488e+02
2.12517e-01 4.29365e+02
2.17519e-01 -2.47390e+02
2.22521e-01 -3.62381e+02
2.27519e-01 -6.16449e+01
2.32521e-01 2.80269e+02
2.37520e-01 1.37196e+03
2.42520e-01 -4.08087e+02
2.47519e-01 2.15150e+02
2.52516e-01 -3.63686e+02
2.57514e-01 -4.62299e+02
2.62513e-01 -3.77624e+02
2.67513e-01 -1.89428e+02
2.72514e-01 2.16898e+02
2.77515e-01 1.71054e+02
2.82516e-01 -5.35712e+02
2.87514e-01 2.51288e+02
2.92512e-01 -3.58993e+02
2.97514e-01 -2.67541e+02
3.02516e-01 -8.29213e+01
3.07515e-01 -9.14335e+01
3.12512e-01 -9.63275e+01
3.17510e-01 -1.84450e+02
3.22511e-01 9.60310e+01
3.27512e-01 -2.00994e+02
3.32512e-01 -5.28174e+02
3.37512e-01 2.97668e+02
3.42513e-01 3.01293e+01
3.47513e-01 -1.63954e+02
3.52513e-01 -1.66580e+02
3.57513e-01 -5.68224e+02
3.62512e-01 -4.59583e+02
3.67512e-01 2.38760e+02
3.72512e-01 -1.97552e+02
3.77511e-01 1.66058e+02
3.82510e-01 -5.53207e+01
3.87510e-01 4.31932e+02
3.92510e-01 6.90975e+02
3.97510e-01 4.16724e+02
