60 2
k power
3.78596e-03 1.63563e+04
8.05565e-03 3.52839e+04
1.28387e-02 4.19458e+04
1.77584e-02 3.88385e+04
2.26862e-02 3.28834e+04
2.76450e-02 3.71272e+04
3.26261e-02 2.74756e+04
3.76152e-02 2.32009e+04
4.26121e-02 2.12308e+04
4.75881e-02 1.91845e+04
5.25764e-02 1.76651e+04
5.75766e-02 1.57584e+04
6.25706e-02 1.32254e+04
6.75643e-02 1.52888e+04
7.25546e-02 1.33330e+04
7.75520e-02 1.22243e+04
8.25499e-02 1.21942e+04
8.75466e-02 1.05311e+04
9.25461e-02 8.68108e+03
9.75410e-02 6.45369e+03
1.02539e-01 6.41447e+03
1.07538e-01 6.74198e+03
1.12539e-01 6.00905e+03
1.17539e-01 5.89475e+03
1.22534e-01 5.18937e+03
1.27532e-01 5.98880e+03
1.32531e-01 5.90002e+03
1.37529e-01 4.54019e+03
1.42529e-01 4.66677e+03
1.47527e-01 4.37692e+03
1.52526e-01 3.19433e+03
1.57526e-01 3.64429e+03
1.62527e-01 3.54203e+03
1.67528e-01 3.58110e+03
1.72524e-01 3.09254e+03
1.77522e-01 2.11166e+03
1.82524e-01 2.38253e+03
1.87522e-01 2.62741e+03
1.92522e-01 2.27165e+03
1.97523e-01 2.35886e+03
2.02522e-01 1.95135e+03
2.07520e-01 1.69559e+03
2.12520e-01 2.30521e+03
2.17519e-01 1.84326e+03
2.22517e-01 1.74549e+03
2.27517e-01 1.57784e+03
2.32517e-01 1.33206e+03
2.37517e-01 9.72211e+02
2.42517e-01 5.17523e+02
2.47517e-01 7.85109e+02
2.52517e-01 1.08623e+03
2.57516e-01 1.28777e+03
2.62515e-01 7.31875e+02
2.67515e-01 1.23581e+03
2.72514e-01 7.86844e+02
2.77515e-01 3.35812e+02
2.82515e-01 8.12625e+02
2.87514e-01 1.05748e+03
2.92514e-01 5.87289e+02
2.97513e-01 7.74469e+02
3.78596e-03 5.46900e+04
8.05565e-03 4.13477e+04
1.28387e-02 -1.80763e+04
1.77584e-02 3.31968e+03
2.26862e-02 4.59743e+03
2.76450e-02 4.81419e+03
3.26261e-02 3.59566e+03
3.76152e-02 1.42632e+04
4.26121e-02 6.79897e+03
4.75881e-02 4.93526e+03
5.25764e-02 9.06512e+03
5.75766e-02 8.43819e+03
6.25706e-02 8.70970e+03
6.75643e-02 1.12600e+04
7.25546e-02 5.15411e+03
7.75520e-02 3.54014e+03
8.25499e-02 2.67171e+03
8.75466e-02 5.41463e+03
9.25461e-02 5.46362e+03
9.75410e-02 1.76110e+03
1.02539e-01 2.18538e+03
1.07538e-01 1.95399e+03
1.12539e-01 2.32384e+03
1.17539e-01 2.02996e+03
1.22534e-01 1.10198e+03
1.27532e-01 2.45039e+03
1.32531e-01 2.64546e+03
1.37529e-01 3.05088e+02
1.42529e-01 1.71767e+03
1.47527e-01 4.17050e+02
1.52526e-01 1.32826e+03
1.57526e-01 1.79987e+03
1.62527e-01 1.66373e+03
1.67528e-01 -2.75785e+02
1.72524e-01 4.44374e+02
1.77522e-01 6.42868e+02
1.82524e-01 7.70006e+02
1.87522e-01 -7.81273e+02
1.92522e-01 -1.00921e+02
1.97523e-01 -4.05186e+02
2.02522e-01 7.31975e+02
2.07520e-01 -8.61206e+02
2.12520e-01 5.33521e+02
2.17519e-01 6.23193e+01
2.22517e-01 -3.98301e+02
2.27517e-01 4.58777e+02
2.32517e-01 5.39305e+02
2.37517e-01 -3.47752e+02
2.42517e-01 5.55203e+02
2.47517e-01 -4.08919e+02
2.52517e-01 4.54282e+02
2.57516e-01 8.30988e+02
2.62515e-01 1.98836e+02
2.67515e-01 -3.46121e+02
2.72514e-01 7.06464e+02
2.77515e-01 -2.86423e+02
2.82515e-01 -8.68525e+00
2.87514e-01 1.56219e+01
2.92514e-01 -6.19441e+02
2.97513e-01 1.12065e+02
