59 2
k power
8.05040e-03 5.34466e+04
1.28486e-02 3.42248e+04
1.77516e-02 4.65257e+04
2.26918e-02 3.45458e+04
2.76480e-02 2.29443e+04
3.26126e-02 2.01565e+04
3.76111e-02 2.63589e+04
4.26130e-02 2.34634e+04
4.76051e-02 2.02566e+04
5.25913e-02 1.54597e+04
5.75684e-02 1.36548e+04
6.25625e-02 1.20133e+04
6.75666e-02 1.39454e+04
7.25730e-02 1.45358e+04
7.75647e-02 1.11023e+04
8.25476e-02 1.08492e+04
8.75441e-02 1.20978e+04
9.25437e-02 7.74959e+03
9.75415e-02 6.69470e+03
1.02541e-01 7.43237e+03
1.07542e-01 6.61161e+03
1.12541e-01 6.90434e+03
1.17533e-01 5.58262e+03
1.22524e-01 4.53655e+03
1.27531e-01 4.48187e+03
1.32537e-01 4.91444e+03
1.37532e-01 4.60631e+03
1.42526e-01 4.36543e+03
1.47525e-01 3.57435e+03
1.52527e-01 3.72106e+03
1.57525e-01 3.85244e+03
1.62524e-01 3.72010e+03
1.67524e-01 2.48846e+03
1.72523e-01 2.94670e+03
1.77521e-01 3.12596e+03
1.82521e-01 2.47473e+03
1.87522e-01 2.87395e+03
1.92522e-01 2.04770e+03
1.97522e-01 1.84048e+03
2.02520e-01 1.51445e+03
2.07516e-01 1.44423e+03
2.12515e-01 2.03248e+03
2.17519e-01 1.64930e+03
2.22521e-01 8.94094e+02
2.27520e-01 1.17014e+03
2.32521e-01 1.27816e+03
2.37519e-01 1.08973e+03
2.42517e-01 8.44055e+02
2.47516e-01 1.04343e+03
2.52517e-01 1.53094e+03
2.57519e-01 1.05630e+03
2.62519e-01 6.65266e+02
2.67517e-01 4.97000e+02
2.72515e-01 3.69680e+02
2.77516e-01 5.71469e+02
2.82516e-01 4.76703e+02
2.87515e-01 6.91336e+02
2.92513e-01 6.84398e+02
2.97512e-01 6.31656e+02
8.05040e-03 1.26930e+04
1.28486e-02 -2.58009e+03
1.77516e-02 1.64766e+04
2.26918e-02 1.84713e+04
2.76480e-02 1.43180e+04
3.26126e-02 3.67324e+03
3.76111e-02 6.50884e+03
4.26130e-02 4.74743e+03
4.76051e-02 8.46773e+03
5.25913e-02 4.45514e+03
5.75684e-02 7.49479e+02
6.25625e-02 4.28456e+03
6.75666e-02 8.24307e+03
7.25730e-02 3.36979e+03
7.75647e-02 5.78547e+03
8.25476e-02 -2.25783e+03
8.75441e-02 6.36687e+03
9.25437e-02 -2.30087e+03
9.75415e-02 -4.62064e+02
1.02541e-01 -1.12401e+03
1.07542e-01 2.82779e+03
1.12541e-01 1.99431e+03
1.17533e-01 -1.45776e+03
1.22524e-01 1.57721e+03
1.27531e-01 4.01551e+03
1.32537e-01 1.37133e+03
1.37532e-01 3.25016e+01
1.42526e-01 -3.73065e+02
1.47525e-01 -4.25434e+02
1.52527e-01 1.91867e+03
1.57525e-01 -2.67000e+02
1.62524e-01 -5.29713e+02
1.67524e-01 -2.56834e+02
1.72523e-01 3.20831e+02
1.77521e-01 -2.64843e+02
1.82521e-01 -6.28992e+01
1.87522e-01 -5.38271e+02
1.92522e-01 -6.77740e+02
1.97522e-01 8.61021e+02
2.02520e-01 2.16329e+02
2.07516e-01 9.91647e+01
2.12515e-01 -4.77041e+01
2.17519e-01 -3.34585e+02
2.22521e-01 9.67429e+02
2.27520e-01 1.17883e+03
2.32521e-01 6.39429e+02
2.37519e-01 9.03372e+02
2.42517e-01 4.88358e+02
2.47516e-01 6.50143e+02
2.52517e-01 -1.16005e+02
2.57519e-01 1.71849e+02
2.62519e-01 5.66760e+02
2.67517e-01 6.89481e+02
2.72515e-01 7.07961e+01
2.77516e-01 -9.59644e+02
2.82516e-01 -2.47874e+02
2.87515e-01 1.47554e+03
2.92513e-01 9.04965e+02
2.97512e-01 6.78251e+02
