59 2
k power
8.05040e-03 9.21752e+03
1.28486e-02 2.79544e+04
1.77516e-02 4.98256e+04
2.26918e-02 3.96741e+04
2.76480e-02 3.70617e+04
3.26126e-02 2.74610e+04
3.76111e-02 2.25153e+04
4.26130e-02 2.39927e+04
4.76051e-02 2.39792e+04
5.25913e-02 2.35439e+04
5.75684e-02 2.16298e+04
6.25625e-02 2.13505e+04
6.75666e-02 1.59329e+04
7.25730e-02 1.40329e+04
7.75647e-02 1.42026e+04
8.25476e-02 1.34733e+04
8.75441e-02 9.75835e+03
9.25437e-02 7.55982e+03
9.75415e-02 9.10347e+03
1.02541e-01 8.52777e+03
1.07542e-01 7.69307e+03
1.12541e-01 7.25116e+03
1.17533e-01 6.07918e+03
1.22524e-01 6.91879e+03
1.27531e-01 6.06112e+03
1.32537e-01 5.39077e+03
1.37532e-01 4.07588e+03
1.42526e-01 4.85768e+03
1.47525e-01 4.54959e+03
1.52527e-01 4.12444e+03
1.57525e-01 3.92273e+03
1.62524e-01 2.95109e+03
1.67524e-01 2.59123e+03
1.72523e-01 2.34400e+03
1.77521e-01 2.52265e+03
1.82521e-01 2.30295e+03
1.87522e-01 2.55853e+03
1.92522e-01 2.13859e+03
1.97522e-01 2.13410e+03
2.02520e-01 2.05407e+03
2.07516e-01 8.44430e+02
2.12515e-01 2.25666e+03
2.17519e-01 2.40308e+03
2.22521e-01 1.53884e+03
2.27520e-01 1.09385e+03
2.32521e-01 4.12125e+02
2.37519e-01 9.15406e+02
2.42517e-01 4.08125e+02
2.47516e-01 3.97070e+02
2.52517e-01 7.46641e+02
2.57519e-01 9.83852e+02
2.62519e-01 8.84305e+02
2.67517e-01 8.15086e+02
2.72515e-01 5.84523e+02
2.77516e-01 4.48961e+02
2.82516e-01 2.88820e+02
2.87515e-01 5.77000e+02
2.92513e-01 1.11887e+03
2.97512e-01 9.72109e+02
8.05040e-03 -2.34476e+04
1.28486e-02 1.14218e+04
1.77516e-02 2.46366e+04
2.26918e-02 2.16324e+04
2.76480e-02 1.10497e+04
3.26126e-02 2.37290e+03
3.76111e-02 6.13351e+03
4.26130e-02 2.13856e+03
4.76051e-02 3.99142e+03
5.25913e-02 3.78322e+03
5.75684e-02 6.41880e+03
6.25625e-02 2.13821e+03
6.75666e-02 2.88506e+03
7.25730e-02 5.85144e+02
7.75647e-02 2.20294e+03
8.25476e-02 -1.24388e+03
8.75441e-02 5.03037e+03
9.25437e-02 4.90140e+02
9.75415e-02 -7.58061e+02
1.02541e-01 3.80041e+03
1.07542e-01 5.72116e+03
1.12541e-01 6.16425e+02
1.17533e-01 -1.99149e+03
1.22524e-01 4.30251e+03
1.27531e-01 3.08566e+03
1.32537e-01 -1.88094e+03
1.37532e-01 -2.00344e+03
1.42526e-01 -3.27745e+02
1.47525e-01 1.21546e+03
1.52527e-01 1.16051e+03
1.57525e-01 1.70581e+02
1.62524e-01 7.75642e+02
1.67524e-01 8.03392e+02
1.72523e-01 2.69299e+03
1.77521e-01 -6.55485e+02
1.82521e-01 1.15423e+03
1.87522e-01 1.29878e+03
1.92522e-01 -4.05085e+02
1.97522e-01 -1.99964e+03
2.02520e-01 -1.04255e+03
2.07516e-01 9.71993e+02
2.12515e-01 1.33863e+03
2.17519e-01 -8.73456e+01
2.22521e-01 1.27330e+03
2.27520e-01 1.11968e+03
2.32521e-01 6.46577e+02
2.37519e-01 -1.31129e+03
2.42517e-01 -7.80095e+02
2.47516e-01 -1.14216e+02
2.52517e-01 4.78644e+02
2.57519e-01 -9.38219e+01
2.62519e-01 3.00850e+02
2.67517e-01 -2.30146e+01
2.72515e-01 4.64664e+02
2.77516e-01 -1.18254e+03
2.82516e-01 -1.71990e+03
2.87515e-01 -1.58626e+03
2.92513e-01 -1.13000e+03
2.97512e-01 -5.54653e+02
