59 2
k power
8.05565e-03 5.18298e+04
1.28387e-02 3.82751e+04
1.77584e-02 3.73880e+04
2.26862e-02 3.35103e+04
2.76450e-02 3.73230e+04
3.26261e-02 3.18599e+04
3.76152e-02 2.78229e+04
4.26121e-02 2.26026e+04
4.75881e-02 2.30215e+04
5.25764e-02 1.95509e+04
5.75766e-02 1.64912e+04
6.25706e-02 1.48297e+04
6.75643e-02 1.37323e+04
7.25546e-02 1.27672e+04
7.75520e-02 1.35341e+04
8.25499e-02 1.28259e+04
8.75466e-02 1.17788e+04
9.25461e-02 8.81981e+03
9.75410e-02 7.51902e+03
1.02539e-01 8.02619e+03
1.07538e-01 7.10270e+03
1.12539e-01 7.26668e+03
1.17539e-01 5.83961e+03
1.22534e-01 6.23977e+03
1.27532e-01 4.79412e+03
1.32531e-01 4.28373e+03
1.37529e-01 4.21901e+03
1.42529e-01 3.45073e+03
1.47527e-01 4.28217e+03
1.52526e-01 4.01530e+03
1.57526e-01 3.37153e+03
1.62527e-01 2.78659e+03
1.67528e-01 2.64102e+03
1.72524e-01 2.09088e+03
1.77522e-01 2.30408e+03
1.82524e-01 1.93923e+03
1.87522e-01 1.88691e+03
1.92522e-01 2.49529e+03
1.97523e-01 2.52848e+03
2.02522e-01 1.70084e+03
2.07520e-01 1.67060e+03
2.12520e-01 1.16008e+03
2.17519e-01 1.22752e+03
2.22517e-01 1.28532e+03
2.27517e-01 1.65320e+03
2.32517e-01 1.24840e+03
2.37517e-01 1.06321e+03
2.42517e-01 9.34539e+02
2.47517e-01 1.04248e+03
2.52517e-01 8.19586e+02
2.57516e-01 1.17645e+03
2.62515e-01 1.04154e+03
2.67515e-01 9.72844e+02
2.72514e-01 7.10008e+02
2.77515e-01 7.96688e+02
2.82515e-01 8.11602e+02
2.87514e-01 7.57148e+02
2.92514e-01 7.14891e+02
2.97513e-01 8.78500e+02
8.05565e-03 1.78589e+04
1.28387e-02 3.24481e+04
1.77584e-02 5.12026e+02
2.26862e-02 1.07745e+04
2.76450e-02 3.07623e+04
3.26261e-02 1.81587e+04
3.76152e-02 1.84411e+04
4.26121e-02 1.26299e+04
4.75881e-02 3.54822e+03
5.25764e-02 2.14980e+03
5.75766e-02 6.47133e+03
6.25706e-02 5.12362e+03
6.75643e-02 8.19535e+03
7.25546e-02 4.79604e+03
7.75520e-02 8.28351e+03
8.25499e-02 1.96105e+03
8.75466e-02 8.12925e+03
9.25461e-02 1.33360e+03
9.75410e-02 1.57642e+03
1.02539e-01 -9.51975e+02
1.07538e-01 1.38613e+03
1.12539e-01 2.80794e+03
1.17539e-01 8.70391e+02
1.22534e-01 1.15494e+03
1.27532e-01 -2.31982e+03
1.32531e-01 -6.05316e+02
1.37529e-01 -3.47511e+03
1.42529e-01 8.94437e+02
1.47527e-01 -1.03925e+03
1.52526e-01 1.85246e+02
1.57526e-01 2.73289e+02
1.62527e-01 -2.33154e+02
1.67528e-01 -1.52351e+02
1.72524e-01 -2.27724e+02
1.77522e-01 1.05213e+02
1.82524e-01 9.92808e+02
1.87522e-01 1.36096e+02
1.92522e-01 8.49115e+02
1.97523e-01 -6.86468e+02
2.02522e-01 2.04535e+02
2.07520e-01 3.50654e+02
2.12520e-01 1.37538e+02
2.17519e-01 4.99104e+02
2.22517e-01 -1.51550e+03
2.27517e-01 -1.39256e+03
2.32517e-01 -9.91127e+02
2.37517e-01 -3.85792e+02
2.42517e-01 1.70487e+02
2.47517e-01 3.39834e+02
2.52517e-01 -3.74841e+02
2.57516e-01 3.45784e+01
2.62515e-01 1.64719e+03
2.67515e-01 5.45846e+02
2.72514e-01 -3.30636e+02
2.77515e-01 -6.40290e+02
2.82515e-01 -2.91464e+02
2.87514e-01 -1.35838e+02
2.92514e-01 2.33707e+02
2.97513e-01 6.12334e+02
