60 2
k power
3.75378e-03 2.04798e+04
8.05040e-03 2.91095e+04
1.28486e-02 4.03150e+04
1.77516e-02 4.02061e+04
2.26918e-02 4.14340e+04
2.76480e-02 3.40781e+04
3.26126e-02 2.86053e+04
3.76111e-02 2.65163e+04
4.26130e-02 2.44325e+04
4.76051e-02 2.42017e+04
5.25913e-02 2.21894e+04
5.75684e-02 1.77417e+04
6.25625e-02 1.49832e+04
6.75666e-02 1.62013e+04
7.25730e-02 1.41173e+04
7.75647e-02 1.29104e+04
8.25476e-02 9.76316e+03
8.75441e-02 1.03351e+04
9.25437e-02 8.30415e+03
9.75415e-02 7.71722e+03
1.02541e-01 7.04087e+03
1.07542e-01 8.19290e+03
1.12541e-01 6.60733e+03
1.17533e-01 5.44777e+03
1.22524e-01 5.33191e+03
1.27531e-01 6.56924e+03
1.32537e-01 5.87416e+03
1.37532e-01 6.19891e+03
1.42526e-01 4.75805e+03
1.47525e-01 3.46515e+03
1.52527e-01 3.71708e+03
1.57525e-01 3.47702e+03
1.62524e-01 3.31684e+03
1.67524e-01 2.85560e+03
1.72523e-01 2.53984e+03
1.77521e-01 1.75315e+03
1.82521e-01 1.93510e+03
1.87522e-01 2.63695e+03
1.92522e-01 2.34368e+03
1.97522e-01 2.45959e+03
2.02520e-01 1.74999e+03
2.07516e-01 2.00876e+03
2.12515e-01 1.44077e+03
2.17519e-01 1.46637e+03
2.22521e-01 8.76602e+02
2.27520e-01 1.05102e+03
2.32521e-01 1.38226e+03
2.37519e-01 1.14757e+03
2.42517e-01 1.68933e+03
2.47516e-01 1.21586e+03
2.52517e-01 1.54852e+03
2.57519e-01 1.71644e+03
2.62519e-01 1.46141e+03
2.67517e-01 1.26241e+03
2.72515e-01 1.31245e+03
2.77516e-01 9.81312e+02
2.82516e-01 7.74289e+02
2.87515e-01 2.19133e+02
2.92513e-01 3.63969e+02
2.97512e-01 9.49367e+02
3.75378e-03 -3.34270e+04
8.05040e-03 5.06327e+04
1.28486e-02 5.49830e+04
1.77516e-02 1.14965e+04
2.26918e-02 6.59482e+03
2.76480e-02 -3.78905e+03
3.26126e-02 -4.55673e+03
3.76111e-02 2.02076e+04
4.26130e-02 1.12941e+04
4.76051e-02 1.61261e+04
5.25913e-02 9.63167e+02
5.75684e-02 1.13105e+04
6.25625e-02 7.82075e+03
6.75666e-02 7.36777e+03
7.25730e-02 5.33378e+03
7.75647e-02 1.87597e+03
8.25476e-02 3.97614e+03
8.75441e-02 5.20815e+03
9.25437e-02 1.90956e+03
9.75415e-02 2.10827e+03
1.02541e-01 7.49248e+02
1.07542e-01 4.40963e+02
1.12541e-01 -4.93131e+02
1.17533e-01 6.38975e+02
1.22524e-01 2.21567e+03
1.27531e-01 3.11583e+03
1.32537e-01 1.35882e+03
1.37532e-01 6.57004e+02
1.42526e-01 3.01338e+03
1.47525e-01 4.97310e+02
1.52527e-01 2.63377e+03
1.57525e-01 3.07906e+01
1.62524e-01 2.27570e+03
1.67524e-01 -8.90180e+02
1.72523e-01 2.71124e+03
1.77521e-01 2.45389e+03
1.82521e-01 2.07062e+02
1.87522e-01 6.48305e+02
1.92522e-01 2.20610e+03
1.97522e-01 1.74800e+03
2.02520e-01 -4.64313e+02
2.07516e-01 -1.07070e+03
2.12515e-01 -1.96861e+03
2.17519e-01 6.28812e+02
2.22521e-01 9.22980e+02
2.27520e-01 7.07378e+02
2.32521e-01 9.69378e+02
2.37519e-01 8.12028e+02
2.42517e-01 1.04597e+03
2.47516e-01 -1.40307e+03
2.52517e-01 -4.54693e+01
2.57519e-01 -5.05211e+02
2.62519e-01 -5.91330e+02
2.67517e-01 -5.20293e+01
2.72515e-01 7.52855e+02
2.77516e-01 3.42751e+02
2.82516e-01 1.11202e+02
2.87515e-01 1.42005e+02
2.92513e-01 1.52038e+02
2.97512e-01 3.01033e+02
