80 2
k power
3.75378e-03 1.19367e+04
8.05040e-03 3.40269e+04
1.28486e-02 3.83904e+04
1.77516e-02 3.45127e+04
2.26918e-02 2.90099e+04
2.76480e-02 3.25426e+04
3.26126e-02 3.13439e+04
3.76111e-02 2.80655e+04
4.26130e-02 2.29955e+04
4.76051e-02 1.86372e+04
5.25913e-02 1.44568e+04
5.75684e-02 1.31684e+04
6.25625e-02 1.57967e+04
6.75666e-02 1.46408e+04
7.25730e-02 1.34724e+04
7.75647e-02 1.31064e+04
8.25476e-02 1.14183e+04
8.75441e-02 8.10464e+03
9.25437e-02 6.87284e+03
9.75415e-02 7.13760e+03
1.02541e-01 6.52355e+03
1.07542e-01 6.83765e+03
1.12541e-01 7.34291e+03
1.17533e-01 6.31440e+03
1.22524e-01 6.28393e+03
1.27531e-01 5.44690e+03
1.32537e-01 5.70468e+03
1.37532e-01 5.50347e+03
1.42526e-01 4.44622e+03
1.47525e-01 2.79708e+03
1.52527e-01 3.78186e+03
1.57525e-01 3.22699e+03
1.62524e-01 2.96618e+03
1.67524e-01 2.80949e+03
1.72523e-01 2.40567e+03
1.77521e-01 2.20331e+03
1.82521e-01 2.74234e+03
1.87522e-01 2.45432e+03
1.92522e-01 2.16254e+03
1.97522e-01 2.18793e+03
2.02520e-01 1.13515e+03
2.07516e-01 1.68313e+03
2.12515e-01 1.70389e+03
2.17519e-01 1.24655e+03
2.22521e-01 1.46373e+03
2.27520e-01 1.45541e+03
2.32521e-01 7.54312e+02
2.37519e-01 8.07719e+02
2.42517e-01 9.51414e+02
2.47516e-01 9.95391e+02
2.52517e-01 1.34728e+03
2.57519e-01 7.47273e+02
2.62519e-01 8.50711e+02
2.67517e-01 5.33805e+02
2.72515e-01 1.06662e+03
2.77516e-01 9.51016e+02
2.82516e-01 8.10156e+02
2.87515e-01 6.63617e+02
2.92513e-01 4.20609e+02
2.97512e-01 4.34211e+02
3.02513e-01 4.18586e+02
3.07511e-01 3.96875e+01
3.12511e-01 2.45688e+02
3.17513e-01 5.64797e+02
3.22513e-01 2.64344e+02
3.27512e-01 3.60953e+02
3.32509e-01 2.44711e+02
3.37510e-01 2.76867e+02
3.42513e-01 6.01078e+02
3.47514e-01 6.20781e+02
3.52514e-01 4.29164e+02
3.57512e-01 4.07734e+02
3.62512e-01 4.36781e+02
3.67512e-01 2.07266e+02
3.72510e-01 2.04844e+02
3.77511e-01 7.90469e+01
3.82512e-01 -7.91094e+01
3.87512e-01 -4.19922e+01
3.92510e-01 1.18352e+02
3.97510e-01 1.02844e+02
3.75378e-03 -4.35555e+04
8.05040e-03 -1.07081e+03
1.28486e-02 6.16301e+03
1.77516e-02 -2.70099e+03
2.26918e-02 -1.15390e+03
2.76480e-02 7.02728e+03
3.26126e-02 1.52447e+04
3.76111e-02 1.17884e+04
4.26130e-02 7.87349e+03
4.76051e-02 8.95711e+03
5.25913e-02 6.55223e+03
5.75684e-02 4.52039e+03
6.25625e-02 8.38845e+03
6.75666e-02 6.22483e+03
7.25730e-02 3.38436e+03
7.75647e-02 2.09286e+03
8.25476e-02 6.16288e+03
8.75441e-02 2.75473e+03
9.25437e-02 2.49349e+03
9.75415e-02 4.80930e+03
1.02541e-01 2.13862e+03
1.07542e-01 1.10307e+03
1.12541e-01 -1.67026e+02
1.17533e-01 1.17451e+03
1.22524e-01 2.01298e+03
1.27531e-01 1.81679e+03
1.32537e-01 2.31094e+02
1.37532e-01 2.11133e+03
1.42526e-01 5.37147e+02
1.47525e-01 -1.18391e+03
1.52527e-01 1.43704e+03
1.57525e-01 8.88456e+02
1.62524e-01 7.62477e+02
1.67524e-01 -9.68493e+01
1.72523e-01 -3.72638e+02
1.77521e-01 -7.24910e+02
1.82521e-01 7.18687e+02
1.87522e-01 1.13018e+03
1.92522e-01 9.74157e+02
1.97522e-01 3.01386e+00
2.02520e-01 -1.06932e+03
2.07516e-01 -2.17913e+03
2.12515e-01 4.69474e+01
2.17519e-01 5.21148e+02
2.22521e-01 -5.84340e+02
2.27520e-01 -7.24418e+02
2.32521e-01 7.35215e+02
2.37519e-01 2.96602e+02
2.42517e-01 -1.08313e+02
2.47516e-01 1.32244e+03
2.52517e-01 3.81505e+01
2.57519e-01 -9.07207e+02
2.62519e-01 -9.71086e+02
2.67517e-01 -3.65449e+02
2.72515e-01 4.13304e+02
2.77516e-01 -4.62156e+01
2.82516e-01 -1.09616e+02
2.87515e-01 -5.62118e+01
2.92513e-01 7.96185e+02
2.97512e-01 -4.26819e+02
3.02513e-01 -8.98874e+01
3.07511e-01 -3.38832e+02
3.12511e-01 -3.45302e+02
3.17513e-01 9.06920e+02
3.22513e-01 4.67708e+02
3.27512e-01 7.49523e+02
3.32509e-01 -3.31425e+02
3.37510e-01 -5.75305e+02
3.42513e-01 3.38546e+02
3.47514e-01 5.96542e+02
3.52514e-01 4.99979e+02
3.57512e-01 -7.97153e+02
3.62512e-01 -3.45319e+02
3.67512e-01 -3.63590e+00
3.72510e-01 -1.43426e+02
3.77511e-01 -1.62694e+02
3.82512e-01 -2.80855e+01
3.87512e-01 -9.52926e+01
3.92510e-01 -6.10680e+02
3.97510e-01 -4.44979e+02
