80 2
k power
3.70544e-03 2.18074e+04
8.00271e-03 1.65359e+04
1.28497e-02 2.57233e+04
1.77641e-02 3.38641e+04
2.26842e-02 3.21604e+04
2.76464e-02 3.26184e+04
3.26361e-02 2.88790e+04
3.76229e-02 2.59807e+04
4.26066e-02 2.06846e+04
4.75842e-02 2.26217e+04
5.25722e-02 1.83370e+04
5.75659e-02 1.65397e+04
6.25589e-02 1.47739e+04
6.75629e-02 1.26756e+04
7.25605e-02 1.14978e+04
7.75516e-02 1.10065e+04
8.25500e-02 9.57577e+03
8.75455e-02 9.26198e+03
9.25437e-02 7.54749e+03
9.75415e-02 7.51299e+03
1.02534e-01 6.92172e+03
1.07536e-01 5.95327e+03
1.12540e-01 5.47805e+03
1.17537e-01 6.51520e+03
1.22533e-01 6.19422e+03
1.27534e-01 5.18708e+03
1.32530e-01 5.80523e+03
1.37531e-01 5.22178e+03
1.42530e-01 4.87562e+03
1.47526e-01 3.95430e+03
1.52527e-01 4.18608e+03
1.57528e-01 3.03223e+03
1.62527e-01 3.26317e+03
1.67526e-01 3.02018e+03
1.72526e-01 2.63225e+03
1.77526e-01 2.86113e+03
1.82527e-01 3.00111e+03
1.87525e-01 2.74940e+03
1.92520e-01 2.62107e+03
1.97516e-01 2.26677e+03
2.02513e-01 2.46548e+03
2.07516e-01 1.53241e+03
2.12517e-01 1.43355e+03
2.17519e-01 2.10686e+03
2.22521e-01 1.76973e+03
2.27519e-01 1.36397e+03
2.32521e-01 7.29828e+02
2.37520e-01 1.51395e+03
2.42520e-01 1.00560e+03
2.47519e-01 8.29953e+02
2.52516e-01 1.22434e+03
2.57514e-01 1.10073e+03
2.62513e-01 7.77703e+02
2.67513e-01 7.22469e+02
2.72514e-01 8.81664e+02
2.77515e-01 4.74469e+02
2.82516e-01 8.67227e+02
2.87514e-01 9.78609e+02
2.92512e-01 9.56992e+02
2.97514e-01 8.00547e+02
3.02516e-01 8.23156e+02
3.07515e-01 3.72414e+02
3.12512e-01 3.03789e+02
3.17510e-01 8.31000e+02
3.22511e-01 5.97633e+02
3.27512e-01 5.88297e+02
3.32512e-01 2.47031e+02
3.37512e-01 2.55078e+01
3.42513e-01 5.62258e+02
3.47513e-01 6.56430e+02
3.52513e-01 4.91148e+02
3.57513e-01 -1.72031e+01
3.62512e-01 -7.31328e+01
3.67512e-01 1.99172e+02
3.72512e-01 2.45391e+02
3.77511e-01 4.54609e+01
3.82510e-01 2.61594e+02
3.87510e-01 5.52734e+02
3.92510e-01 2.60625e+01
3.97510e-01 2.49609e+02
3.70544e-03 -4.97398e+04
8.00271e-03 -1.43690e+04
1.28497e-02 7.60685e+03
1.77641e-02 2.23400e+04
2.26842e-02 3.35081e+03
2.76464e-02 1.70276e+04
3.26361e-02 2.03540e+04
3.76229e-02 1.79719e+04
4.26066e-02 1.22722e+04
4.75842e-02 7.93232e+03
5.25722e-02 4.97983e+03
5.75659e-02 1.16607e+04
6.25589e-02 4.05056e+03
6.75629e-02 3.52901e+03
7.25605e-02 3.50930e+03
7.75516e-02 8.61042e+02
8.25500e-02 2.36519e+03
8.75455e-02 4.43079e+03
9.25437e-02 1.90828e+03
9.75415e-02 1.65427e+03
1.02534e-01 2.63207e+01
1.07536e-01 2.82468e+02
1.12540e-01 1.59268e+03
1.17537e-01 3.22694e+02
1.22533e-01 -4.93154e+02
1.27534e-01 1.16614e+02
1.32530e-01 6.98227e+02
1.37531e-01 2.42943e+02
1.42530e-01 5.59813e+02
1.47526e-01 1.09262e+02
1.52527e-01 -1.51235e+03
1.57528e-01 3.77029e+02
1.62527e-01 8.13208e+02
1.67526e-01 1.44303e+02
1.72526e-01 1.59486e+03
1.77526e-01 1.06701e+03
1.82527e-01 4.10518e+01
1.87525e-01 1.07002e+03
1.92520e-01 1.01013e+03
1.97516e-01 -1.37583e+03
2.02513e-01 -1.37993e+03
2.07516e-01 -8.99402e+02
2.12517e-01 -1.56050e+03
2.17519e-01 -2.73570e+02
2.22521e-01 -1.40384e+02
2.27519e-01 -1.45393e+02
2.32521e-01 8.06252e+02
2.37520e-01 7.85811e+02
2.42520e-01 -2.94993e+02
2.47519e-01 -1.25677e+03
2.52516e-01 -9.38986e+02
2.57514e-01 -9.60562e+00
2.62513e-01 -2.47537e+01
2.67513e-01 -4.17558e+02
2.72514e-01 -2.20230e+02
2.77515e-01 -1.10118e+02
2.82516e-01 -4.73943e+02
2.87514e-01 4.55925e+02
2.92512e-01 -2.86121e+02
2.97514e-01 -3.58751e+02
3.02516e-01 -7.31264e+01
3.07515e-01 -3.71576e+02
3.12512e-01 -7.68913e+02
3.17510e-01 -4.02591e+02
3.22511e-01 -1.77744e+02
3.27512e-01 -8.21877e+02
3.32512e-01 6.53265e+01
3.37512e-01 -1.72925e+01
3.42513e-01 8.84875e+01
3.47513e-01 -1.32723e+02
3.52513e-01 -5.10194e+02
3.57513e-01 -2.95148e+02
3.62512e-01 -3.00835e+02
3.67512e-01 5.40419e+02
3.72512e-01 -2.50335e+02
3.77511e-01 5.87661e+02
3.82510e-01 -2.72565e+02
3.87510e-01 -9.41179e+02
3.92510e-01 -8.25385e+02
3.97510e-01 -3.18255e+02
