80 2
k power
3.70544e-03 2.98937e+04
8.00271e-03 2.20250e+04
1.28497e-02 3.28723e+04
1.77641e-02 3.68794e+04
2.26842e-02 3.90909e+04
2.76464e-02 3.38895e+04
3.26361e-02 2.70396e+04
3.76229e-02 2.47413e+04
4.26066e-02 2.16461e+04
4.75842e-02 1.93972e+04
5.25722e-02 1.96387e+04
5.75659e-02 1.80231e+04
6.25589e-02 1.59630e+04
6.75629e-02 1.31653e+04
7.25605e-02 1.30629e+04
7.75516e-02 1.25686e+04
8.25500e-02 1.03180e+04
8.75455e-02 1.06789e+04
9.25437e-02 9.85217e+03
9.75415e-02 7.87413e+03
1.02534e-01 6.75252e+03
1.07536e-01 6.72139e+03
1.12540e-01 5.74063e+03
1.17537e-01 5.23215e+03
1.22533e-01 5.71046e+03
1.27534e-01 5.62043e+03
1.32530e-01 5.47266e+03
1.37531e-01 4.47521e+03
1.42530e-01 3.88102e+03
1.47526e-01 3.55877e+03
1.52527e-01 3.72527e+03
1.57528e-01 3.76177e+03
1.62527e-01 2.96190e+03
1.67526e-01 2.69448e+03
1.72526e-01 3.04687e+03
1.77526e-01 2.36204e+03
1.82527e-01 2.30527e+03
1.87525e-01 2.19955e+03
1.92520e-01 1.62795e+03
1.97516e-01 2.21441e+03
2.02513e-01 2.14060e+03
2.07516e-01 1.81949e+03
2.12517e-01 1.20649e+03
2.17519e-01 9.95203e+02
2.22521e-01 8.99656e+02
2.27519e-01 1.21342e+03
2.32521e-01 1.11340e+03
2.37520e-01 1.57496e+03
2.42520e-01 9.76664e+02
2.47519e-01 7.40148e+02
2.52516e-01 8.97117e+02
2.57514e-01 3.41898e+02
2.62513e-01 4.66078e+02
2.67513e-01 1.03884e+03
2.72514e-01 9.27938e+02
2.77515e-01 9.15414e+02
2.82516e-01 8.93719e+02
2.87514e-01 7.64906e+02
2.92512e-01 6.61914e+02
2.97514e-01 4.94188e+02
3.02516e-01 9.25508e+02
3.07515e-01 6.05891e+02
3.12512e-01 8.88250e+02
3.17510e-01 8.00555e+02
3.22511e-01 7.92133e+02
3.27512e-01 6.18211e+02
3.32512e-01 5.24812e+02
3.37512e-01 4.09281e+02
3.42513e-01 3.27578e+02
3.47513e-01 5.26664e+02
3.52513e-01 4.04750e+02
3.57513e-01 3.89844e+02
3.62512e-01 2.50367e+02
3.67512e-01 5.36812e+02
3.72512e-01 4.11617e+02
3.77511e-01 3.68352e+02
3.82510e-01 4.27383e+02
3.87510e-01 5.58250e+02
3.92510e-01 5.34859e+02
3.97510e-01 3.04727e+02
3.70544e-03 -1.00126e+05
8.00271e-03 3.03786e+04
1.28497e-02 -7.91154e+03
1.77641e-02 -5.79912e+03
2.26842e-02 1.36676e+03
2.76464e-02 4.44804e+03
3.26361e-02 1.96415e+03
3.76229e-02 4.25366e+03
4.26066e-02 1.03262e+04
4.75842e-02 6.14557e+03
5.25722e-02 1.35287e+04
5.75659e-02 8.19799e+03
6.25589e-02 2.73167e+03
6.75629e-02 1.62699e+03
7.25605e-02 6.71368e+03
7.75516e-02 -4.92783e+02
8.25500e-02 2.98823e+03
8.75455e-02 -1.79621e+02
9.25437e-02 1.21932e+03
9.75415e-02 -1.22562e+03
1.02534e-01 8.27925e+00
1.07536e-01 1.93368e+03
1.12540e-01 2.23969e+03
1.17537e-01 -1.20610e+03
1.22533e-01 -1.86301e+03
1.27534e-01 4.87254e+02
1.32530e-01 2.05480e+03
1.37531e-01 7.66214e+02
1.42530e-01 1.03275e+03
1.47526e-01 4.21554e+02
1.52527e-01 1.09703e+03
1.57528e-01 1.47784e+03
1.62527e-01 1.56966e+02
1.67526e-01 -1.73852e+03
1.72526e-01 1.01242e+03
1.77526e-01 -6.51538e+02
1.82527e-01 3.01584e+02
1.87525e-01 5.30017e+02
1.92520e-01 1.11497e+03
1.97516e-01 -1.04917e+03
2.02513e-01 1.86005e+01
2.07516e-01 2.10792e+02
2.12517e-01 3.60905e+02
2.17519e-01 -6.18689e+02
2.22521e-01 -5.30324e+02
2.27519e-01 -7.38652e+02
2.32521e-01 -4.81883e+02
2.37520e-01 -9.90882e+01
2.42520e-01 -1.03572e+03
2.47519e-01 -1.11526e+03
2.52516e-01 -2.58490e+02
2.57514e-01 4.84740e+02
2.62513e-01 -2.26184e+02
2.67513e-01 -1.47343e+02
2.72514e-01 5.74514e+02
2.77515e-01 -7.41129e+02
2.82516e-01 -1.65395e+02
2.87514e-01 -1.84260e+02
2.92512e-01 -3.78756e+02
2.97514e-01 -2.64573e+01
3.02516e-01 1.24980e+02
3.07515e-01 -3.70052e+02
3.12512e-01 3.69190e+02
3.17510e-01 -4.69295e+02
3.22511e-01 2.77481e+01
3.27512e-01 8.33225e+01
3.32512e-01 -8.14414e+02
3.37512e-01 -3.57634e+02
3.42513e-01 5.85960e+02
3.47513e-01 -2.37104e+02
3.52513e-01 -1.82981e+02
3.57513e-01 -3.86739e+02
3.62512e-01 -2.84921e+02
3.67512e-01 -3.42700e+02
3.72512e-01 -8.94881e+01
3.77511e-01 3.69909e+02
3.82510e-01 4.69962e+01
3.87510e-01 7.44857e+02
3.92510e-01 -1.20133e+02
3.97510e-01 -1.63363e+02
