80 2
k power
3.75378e-03 -7.87483e+03
8.05040e-03 4.97487e+04
1.28486e-02 4.29737e+04
1.77516e-02 3.98419e+04
2.26918e-02 4.32783e+04
2.76480e-02 3.27034e+04
3.26126e-02 2.71199e+04
3.76111e-02 2.53309e+04
4.26130e-02 2.11634e+04
4.76051e-02 1.97045e+04
5.25913e-02 1.91356e+04
5.75684e-02 1.69138e+04
6.25625e-02 1.61044e+04
6.75666e-02 1.35093e+04
7.25730e-02 1.44914e+04
7.75647e-02 1.23862e+04
8.25476e-02 8.79823e+03
8.75441e-02 1.05863e+04
9.25437e-02 9.27819e+03
9.75415e-02 8.46382e+03
1.02541e-01 6.61785e+03
1.07542e-01 5.69693e+03
1.12541e-01 5.40627e+03
1.17533e-01 4.42740e+03
1.22524e-01 4.78639e+03
1.27531e-01 4.03555e+03
1.32537e-01 4.94600e+03
1.37532e-01 5.40731e+03
1.42526e-01 4.40484e+03
1.47525e-01 2.93179e+03
1.52527e-01 3.93454e+03
1.57525e-01 3.78487e+03
1.62524e-01 3.55771e+03
1.67524e-01 2.85261e+03
1.72523e-01 2.68996e+03
1.77521e-01 2.44266e+03
1.82521e-01 2.51498e+03
1.87522e-01 2.24614e+03
1.92522e-01 2.30493e+03
1.97522e-01 1.96372e+03
2.02520e-01 2.04095e+03
2.07516e-01 1.81012e+03
2.12515e-01 1.85731e+03
2.17519e-01 1.41320e+03
2.22521e-01 1.28644e+03
2.27520e-01 1.41799e+03
2.32521e-01 1.43163e+03
2.37519e-01 1.26341e+03
2.42517e-01 1.45893e+03
2.47516e-01 1.72984e+03
2.52517e-01 8.31656e+02
2.57519e-01 7.56836e+02
2.62519e-01 8.40383e+02
2.67517e-01 8.53273e+02
2.72515e-01 8.94508e+02
2.77516e-01 6.29398e+02
2.82516e-01 5.60914e+02
2.87515e-01 9.37148e+02
2.92513e-01 8.23789e+02
2.97512e-01 7.19836e+02
3.02513e-01 5.39188e+02
3.07511e-01 2.96992e+02
3.12511e-01 6.75867e+02
3.17513e-01 6.01844e+02
3.22513e-01 2.95812e+02
3.27512e-01 -6.29453e+01
3.32509e-01 2.23727e+02
3.37510e-01 8.09883e+02
3.42513e-01 4.07445e+02
3.47514e-01 7.21039e+02
3.52514e-01 7.11180e+02
3.57512e-01 7.41836e+02
3.62512e-01 5.81844e+02
3.67512e-01 3.75195e+02
3.72510e-01 3.36406e+02
3.77511e-01 -9.41406e+00
3.82512e-01 2.95367e+02
3.87512e-01 3.85695e+02
3.92510e-01 2.32273e+02
3.97510e-01 9.96641e+01
3.75378e-03 2.10564e+04
8.05040e-03 1.25439e+04
1.28486e-02 -3.56082e+03
1.77516e-02 1.78225e+04
2.26918e-02 1.18788e+04
2.76480e-02 4.61546e+03
3.26126e-02 3.69653e+03
3.76111e-02 1.00210e+04
4.26130e-02 7.30376e+03
4.76051e-02 6.98231e+03
5.25913e-02 6.62060e+03
5.75684e-02 -9.03403e+01
6.25625e-02 7.31089e+03
6.75666e-02 6.51721e+03
7.25730e-02 5.85735e+03
7.75647e-02 6.83293e+02
8.25476e-02 2.02924e+03
8.75441e-02 5.59957e+03
9.25437e-02 5.94930e+03
9.75415e-02 4.24623e+03
1.02541e-01 5.40168e+03
1.07542e-01 4.51132e+03
1.12541e-01 2.34541e+03
1.17533e-01 -9.50286e+02
1.22524e-01 1.72673e+03
1.27531e-01 1.05132e+03
1.32537e-01 4.90010e+02
1.37532e-01 3.02775e+03
1.42526e-01 5.89707e+02
1.47525e-01 -2.89932e+02
1.52527e-01 5.15881e+02
1.57525e-01 2.06309e+03
1.62524e-01 2.31855e+03
1.67524e-01 7.12567e+02
1.72523e-01 -6.01349e+02
1.77521e-01 1.56903e+03
1.82521e-01 1.06073e+03
1.87522e-01 1.24813e+03
1.92522e-01 -4.50245e+02
1.97522e-01 7.39280e+02
2.02520e-01 1.35540e+03
2.07516e-01 2.89826e+02
2.12515e-01 9.79049e+02
2.17519e-01 8.73784e+02
2.22521e-01 -2.50232e+01
2.27520e-01 -7.93662e+02
2.32521e-01 -8.53114e+01
2.37519e-01 6.79882e+02
2.42517e-01 1.82508e+02
2.47516e-01 2.35991e+02
2.52517e-01 -8.65028e+01
2.57519e-01 5.70044e+02
2.62519e-01 1.88254e+02
2.67517e-01 -2.54784e+02
2.72515e-01 -1.05785e+03
2.77516e-01 -1.35528e+02
2.82516e-01 1.13725e+03
2.87515e-01 1.58584e+00
2.92513e-01 8.79156e+02
2.97512e-01 1.05205e+03
3.02513e-01 7.66707e+02
3.07511e-01 2.74489e+02
3.12511e-01 2.58242e+02
3.17513e-01 3.69738e+02
3.22513e-01 1.93885e+02
3.27512e-01 4.10408e+02
3.32509e-01 6.84592e+02
3.37510e-01 1.07173e+03
3.42513e-01 1.17502e+03
3.47514e-01 6.40063e+02
3.52514e-01 8.11655e+02
3.57512e-01 2.04788e+02
3.62512e-01 1.99587e+01
3.67512e-01 -7.87452e+00
3.72510e-01 3.93929e+02
3.77511e-01 8.55771e+02
3.82512e-01 3.90191e+02
3.87512e-01 6.74504e+02
3.92510e-01 -1.79323e+01
3.97510e-01 3.36119e+02
