60 2
k power
3.70544e-03 3.69202e+03
8.00271e-03 2.48662e+04
1.28497e-02 4.82651e+04
1.77641e-02 3.29313e+04
2.26842e-02 3.36541e+04
2.76464e-02 3.20205e+04
3.26361e-02 3.37397e+04
3.76229e-02 2.34146e+04
4.26066e-02 1.92142e+04
4.75842e-02 2.12241e+04
5.25722e-02 1.78046e+04
5.75659e-02 1.77035e+04
6.25589e-02 1.61241e+04
6.75629e-02 1.45743e+04
7.25605e-02 1.39694e+04
7.75516e-02 1.34496e+04
8.25500e-02 1.09515e+04
8.75455e-02 1.15879e+04
9.25437e-02 9.28179e+03
9.75415e-02 6.74080e+03
1.02534e-01 7.97135e+03
1.07536e-01 7.80114e+03
1.12540e-01 7.05605e+03
1.17537e-01 6.18253e+03
1.22533e-01 5.91184e+03
1.27534e-01 4.96259e+03
1.32530e-01 3.94697e+03
1.37531e-01 4.30202e+03
1.42530e-01 4.54991e+03
1.47526e-01 3.81942e+03
1.52527e-01 3.84527e+03
1.57528e-01 3.24357e+03
1.62527e-01 3.23135e+03
1.67526e-01 2.58781e+03
1.72526e-01 2.60645e+03
1.77526e-01 2.36316e+03
1.82527e-01 2.50951e+03
1.87525e-01 2.78441e+03
1.92520e-01 1.92445e+03
1.97516e-01 1.94460e+03
2.02513e-01 2.52591e+03
2.07516e-01 1.77417e+03
2.12517e-01 1.59120e+03
2.17519e-01 1.29269e+03
2.22521e-01 1.44579e+03
2.27519e-01 1.17305e+03
2.32521e-01 1.51611e+03
2.37520e-01 1.10590e+03
2.42520e-01 1.58301e+03
2.47519e-01 1.09803e+03
2.52516e-01 1.04886e+03
2.57514e-01 9.38922e+02
2.62513e-01 6.14289e+02
2.67513e-01 7.95398e+02
2.72514e-01 8.77227e+02
2.77515e-01 9.08461e+02
2.82516e-01 6.92102e+02
2.87514e-01 5.55086e+02
2.92512e-01 6.43883e+02
2.97514e-01 5.85578e+02
3.70544e-03 -1.84571e+04
8.00271e-03 -1.46477e+03
1.28497e-02 1.26449e+04
1.77641e-02 4.24511e+02
2.26842e-02 1.29353e+04
2.76464e-02 1.36816e+04
3.26361e-02 1.19631e+04
3.76229e-02 8.84652e+03
4.26066e-02 8.43682e+03
4.75842e-02 1.03401e+04
5.25722e-02 9.87822e+03
5.75659e-02 5.13995e+03
6.25589e-02 5.95625e+03
6.75629e-02 4.79516e+03
7.25605e-02 1.00445e+04
7.75516e-02 1.86969e+03
8.25500e-02 6.28560e+03
8.75455e-02 3.72505e+03
9.25437e-02 4.19526e+03
9.75415e-02 2.27547e+02
1.02534e-01 1.31650e+03
1.07536e-01 2.22426e+03
1.12540e-01 2.73870e+03
1.17537e-01 1.76543e+02
1.22533e-01 -1.39926e+03
1.27534e-01 2.23633e+03
1.32530e-01 3.05544e+02
1.37531e-01 2.22647e+03
1.42530e-01 2.92369e+03
1.47526e-01 -6.68590e+01
1.52527e-01 -4.28275e+02
1.57528e-01 2.20079e+02
1.62527e-01 7.05893e+02
1.67526e-01 1.88769e+03
1.72526e-01 -6.14199e+01
1.77526e-01 7.93579e+02
1.82527e-01 2.95637e+02
1.87525e-01 1.31554e+02
1.92520e-01 1.52716e+02
1.97516e-01 9.44612e+01
2.02513e-01 9.90957e+02
2.07516e-01 -1.07876e+03
2.12517e-01 -1.22909e+03
2.17519e-01 -9.24758e+02
2.22521e-01 -1.22524e+03
2.27519e-01 -5.82331e+02
2.32521e-01 -6.37323e+02
2.37520e-01 2.37403e+02
2.42520e-01 1.46331e+02
2.47519e-01 3.23670e+02
2.52516e-01 -1.34236e+03
2.57514e-01 -3.45283e+02
2.62513e-01 1.76559e+02
2.67513e-01 -5.71368e+02
2.72514e-01 -1.09056e+03
2.77515e-01 6.84542e+01
2.82516e-01 -2.81664e+02
2.87514e-01 -2.34184e+02
2.92512e-01 -6.90055e+02
2.97514e-01 -4.07653e+02
