59 2
k power
8.01858e-03 3.18158e+04
1.28441e-02 2.34357e+04
1.77514e-02 4.16655e+04
2.26910e-02 3.59151e+04
2.76613e-02 3.28860e+04
3.26316e-02 2.95994e+04
3.76089e-02 2.73623e+04
4.25899e-02 2.36050e+04
4.75838e-02 2.16576e+04
5.25894e-02 2.01210e+04
5.75770e-02 1.88299e+04
6.25679e-02 1.71338e+04
6.75637e-02 1.73475e+04
7.25587e-02 1.46126e+04
7.75534e-02 1.44295e+04
8.25494e-02 1.18425e+04
8.75470e-02 1.00383e+04
9.25421e-02 1.01436e+04
9.75420e-02 7.63123e+03
1.02542e-01 8.38501e+03
1.07541e-01 7.81844e+03
1.12539e-01 7.24562e+03
1.17536e-01 6.89653e+03
1.22536e-01 6.69255e+03
1.27533e-01 4.79931e+03
1.32529e-01 4.56083e+03
1.37528e-01 4.93939e+03
1.42529e-01 4.18214e+03
1.47530e-01 3.77386e+03
1.52529e-01 3.33516e+03
1.57528e-01 2.75607e+03
1.62527e-01 2.27341e+03
1.67527e-01 2.89443e+03
1.72526e-01 2.31070e+03
1.77523e-01 2.40530e+03
1.82522e-01 2.17083e+03
1.87521e-01 1.92516e+03
1.92521e-01 1.60961e+03
1.97520e-01 1.66287e+03
2.02519e-01 1.66045e+03
2.07520e-01 1.59556e+03
2.12519e-01 1.31797e+03
2.17519e-01 1.78735e+03
2.22518e-01 1.82848e+03
2.27517e-01 1.52302e+03
2.32518e-01 1.64252e+03
2.37519e-01 1.49270e+03
2.42519e-01 1.56827e+03
2.47519e-01 1.30739e+03
2.52518e-01 8.13625e+02
2.57516e-01 6.62367e+02
2.62515e-01 1.22531e+03
2.67514e-01 1.00058e+03
2.72514e-01 9.50383e+02
2.77515e-01 8.18039e+02
2.82515e-01 1.03222e+03
2.87515e-01 1.03365e+03
2.92514e-01 5.87062e+02
2.97513e-01 5.82672e+02
8.01858e-03 8.91035e+03
1.28441e-02 -3.41319e+03
1.77514e-02 1.52341e+04
2.26910e-02 1.30912e+03
2.76613e-02 1.27116e+04
3.26316e-02 1.43098e+04
3.76089e-02 1.15277e+04
4.25899e-02 1.71396e+04
4.75838e-02 9.84324e+03
5.25894e-02 7.69823e+03
5.75770e-02 9.71765e+03
6.25679e-02 9.25385e+03
6.75637e-02 7.16812e+03
7.25587e-02 7.70930e+03
7.75534e-02 7.33331e+03
8.25494e-02 7.62815e+03
8.75470e-02 8.45680e+03
9.25421e-02 2.39607e+03
9.75420e-02 3.95545e+02
1.02542e-01 3.63656e+03
1.07541e-01 1.94184e+03
1.12539e-01 -1.98734e+02
1.17536e-01 -1.42893e+03
1.22536e-01 3.72435e+02
1.27533e-01 -5.43159e+02
1.32529e-01 -1.40685e+03
1.37528e-01 -5.88450e+01
1.42529e-01 -2.34568e+02
1.47530e-01 1.14415e+03
1.52529e-01 6.26818e+02
1.57528e-01 -8.88588e+02
1.62527e-01 6.31276e+02
1.67527e-01 8.07697e+02
1.72526e-01 1.17436e+03
1.77523e-01 6.77782e+02
1.82522e-01 -1.39498e+03
1.87521e-01 -2.14724e+03
1.92521e-01 -5.30435e+02
1.97520e-01 1.00017e+03
2.02519e-01 2.07132e+02
2.07520e-01 1.30205e+02
2.12519e-01 -8.43347e+02
2.17519e-01 -8.45652e+02
2.22518e-01 -2.45243e+02
2.27517e-01 6.00054e+02
2.32518e-01 7.09329e+02
2.37519e-01 -1.81902e+02
2.42519e-01 2.49506e+02
2.47519e-01 2.26859e+02
2.52518e-01 -3.30729e+02
2.57516e-01 5.22466e+02
2.62515e-01 -2.71978e+02
2.67514e-01 -6.14079e+02
2.72514e-01 -4.58229e+02
2.77515e-01 -2.35211e+02
2.82515e-01 -9.75954e+02
2.87515e-01 6.37925e+02
2.92514e-01 -3.22174e+02
2.97513e-01 -1.29294e+03
