80 2
k power
3.75378e-03 4.20363e+04
8.05040e-03 4.45735e+04
1.28486e-02 5.03694e+04
1.77516e-02 4.45957e+04
2.26918e-02 3.70130e+04
2.76480e-02 3.03318e+04
3.26126e-02 2.90028e+04
3.76111e-02 1.89566e+04
4.26130e-02 1.82407e+04
4.76051e-02 1.74340e+04
5.25913e-02 1.77468e+04
5.75684e-02 1.95694e+04
6.25625e-02 1.84555e+04
6.75666e-02 1.50269e+04
7.25730e-02 1.24383e+04
7.75647e-02 1.19616e+04
8.25476e-02 1.08719e+04
8.75441e-02 8.31623e+03
9.25437e-02 8.49131e+03
9.75415e-02 8.09021e+03
1.02541e-01 7.88409e+03
1.07542e-01 7.12033e+03
1.12541e-01 7.78833e+03
1.17533e-01 7.79848e+03
1.22524e-01 6.56070e+03
1.27531e-01 5.71662e+03
1.32537e-01 4.65395e+03
1.37532e-01 5.81406e+03
1.42526e-01 4.04610e+03
1.47525e-01 4.44518e+03
1.52527e-01 4.37466e+03
1.57525e-01 4.14041e+03
1.62524e-01 2.63198e+03
1.67524e-01 3.00987e+03
1.72523e-01 2.66266e+03
1.77521e-01 2.80633e+03
1.82521e-01 3.25487e+03
1.87522e-01 2.45826e+03
1.92522e-01 2.77877e+03
1.97522e-01 2.20570e+03
2.02520e-01 1.83705e+03
2.07516e-01 1.79330e+03
2.12515e-01 2.32137e+03
2.17519e-01 1.45000e+03
2.22521e-01 1.64581e+03
2.27520e-01 1.10609e+03
2.32521e-01 1.41155e+03
2.37519e-01 1.29028e+03
2.42517e-01 1.31947e+03
2.47516e-01 1.40888e+03
2.52517e-01 1.21673e+03
2.57519e-01 6.82359e+02
2.62519e-01 4.11469e+02
2.67517e-01 6.92836e+02
2.72515e-01 9.09805e+02
2.77516e-01 5.24625e+02
2.82516e-01 8.53797e+02
2.87515e-01 6.88695e+02
2.92513e-01 7.81594e+02
2.97512e-01 6.88188e+02
3.02513e-01 7.37305e+02
3.07511e-01 4.18047e+02
3.12511e-01 1.18586e+02
3.17513e-01 6.35039e+02
3.22513e-01 1.52664e+02
3.27512e-01 3.27188e+01
3.32509e-01 4.43984e+01
3.37510e-01 2.71008e+02
3.42513e-01 2.09141e+02
3.47514e-01 3.24078e+02
3.52514e-01 5.32938e+02
3.57512e-01 -5.08203e+01
3.62512e-01 3.42008e+02
3.67512e-01 -5.40078e+01
3.72510e-01 -1.03148e+02
3.77511e-01 -1.00688e+02
3.82512e-01 -4.65938e+01
3.87512e-01 2.29453e+02
3.92510e-01 3.39758e+02
3.97510e-01 -1.48469e+02
3.75378e-03 -1.07929e+05
8.05040e-03 -6.10953e+04
1.28486e-02 3.30762e+03
1.77516e-02 3.76227e+02
2.26918e-02 6.33183e+03
2.76480e-02 1.95482e+04
3.26126e-02 2.58031e+04
3.76111e-02 1.33412e+03
4.26130e-02 2.19608e+03
4.76051e-02 8.78557e+03
5.25913e-02 3.93682e+03
5.75684e-02 8.69744e+03
6.25625e-02 8.70930e+03
6.75666e-02 1.09949e+04
7.25730e-02 9.01910e+03
7.75647e-02 6.33000e+03
8.25476e-02 3.18299e+03
8.75441e-02 1.62815e+02
9.25437e-02 3.37215e+03
9.75415e-02 3.81370e+03
1.02541e-01 -5.99990e+01
1.07542e-01 5.10016e+03
1.12541e-01 3.71962e+03
1.17533e-01 2.63407e+03
1.22524e-01 3.24020e+02
1.27531e-01 1.13301e+03
1.32537e-01 9.61137e+02
1.37532e-01 1.22954e+03
1.42526e-01 1.41897e+02
1.47525e-01 1.15259e+03
1.52527e-01 1.21896e+03
1.57525e-01 1.20556e+03
1.62524e-01 1.13621e+03
1.67524e-01 6.68061e+02
1.72523e-01 -8.75053e+01
1.77521e-01 2.53522e+02
1.82521e-01 1.36988e+03
1.87522e-01 -1.05049e+03
1.92522e-01 3.66388e+02
1.97522e-01 6.64433e+02
2.02520e-01 -5.29775e+02
2.07516e-01 5.75828e+02
2.12515e-01 -2.43565e+02
2.17519e-01 2.53041e+02
2.22521e-01 1.86062e+02
2.27520e-01 -6.19424e+02
2.32521e-01 1.04139e+03
2.37519e-01 1.05447e+03
2.42517e-01 -3.19703e+02
2.47516e-01 -8.17812e+02
2.52517e-01 4.15789e+02
2.57519e-01 4.92276e+02
2.62519e-01 6.59100e+02
2.67517e-01 -6.50398e+02
2.72515e-01 6.47793e+02
2.77516e-01 4.68047e+02
2.82516e-01 6.95757e+01
2.87515e-01 4.44589e+02
2.92513e-01 -5.02698e+02
2.97512e-01 5.33535e+02
3.02513e-01 6.15555e+01
3.07511e-01 1.38167e+01
3.12511e-01 -3.03575e+02
3.17513e-01 1.38505e+02
3.22513e-01 1.89028e+02
3.27512e-01 -9.12307e+02
3.32509e-01 -4.90912e+02
3.37510e-01 -1.97544e+02
3.42513e-01 7.68474e+02
3.47514e-01 1.82039e+03
3.52514e-01 8.56445e+02
3.57512e-01 -2.35166e+02
3.62512e-01 2.84644e+02
3.67512e-01 4.64909e+02
3.72510e-01 -1.89764e+01
3.77511e-01 -6.68254e+01
3.82512e-01 -4.31010e+02
3.87512e-01 -4.54871e+02
3.92510e-01 -1.87200e+02
3.97510e-01 2.63201e+02
