60 2
k power
3.75378e-03 2.53176e+03
8.05040e-03 1.15713e+04
1.28486e-02 2.43274e+04
1.77516e-02 3.53112e+04
2.26918e-02 3.43590e+04
2.76480e-02 3.04078e+04
3.26126e-02 2.54598e+04
3.76111e-02 2.82225e+04
4.26130e-02 2.30507e+04
4.76051e-02 2.04044e+04
5.25913e-02 1.52979e+04
5.75684e-02 1.59062e+04
6.25625e-02 1.42838e+04
6.75666e-02 1.25856e+04
7.25730e-02 1.23531e+04
7.75647e-02 1.08709e+04
8.25476e-02 1.07813e+04
8.75441e-02 9.76545e+03
9.25437e-02 8.07391e+03
9.75415e-02 7.64583e+03
1.02541e-01 7.41465e+03
1.07542e-01 7.17665e+03
1.12541e-01 5.85011e+03
1.17533e-01 6.16615e+03
1.22524e-01 3.95718e+03
1.27531e-01 3.95193e+03
1.32537e-01 3.36860e+03
1.37532e-01 4.71010e+03
1.42526e-01 3.34962e+03
1.47525e-01 3.47662e+03
1.52527e-01 3.12685e+03
1.57525e-01 3.40666e+03
1.62524e-01 2.63523e+03
1.67524e-01 2.26835e+03
1.72523e-01 2.87445e+03
1.77521e-01 2.90617e+03
1.82521e-01 2.13455e+03
1.87522e-01 2.70705e+03
1.92522e-01 2.22340e+03
1.97522e-01 1.58945e+03
2.02520e-01 2.28200e+03
2.07516e-01 1.10147e+03
2.12515e-01 1.83531e+03
2.17519e-01 1.56455e+03
2.22521e-01 1.52689e+03
2.27520e-01 8.05062e+02
2.32521e-01 9.75633e+02
2.37519e-01 1.15452e+03
2.42517e-01 1.20170e+03
2.47516e-01 1.04219e+03
2.52517e-01 8.96734e+02
2.57519e-01 4.53914e+02
2.62519e-01 8.22000e+02
2.67517e-01 1.24380e+03
2.72515e-01 1.15033e+03
2.77516e-01 9.48039e+02
2.82516e-01 6.98102e+02
2.87515e-01 1.00880e+03
2.92513e-01 5.42758e+02
2.97512e-01 5.78992e+02
3.75378e-03 2.32280e+04
8.05040e-03 2.46604e+04
1.28486e-02 -3.83666e+03
1.77516e-02 2.81153e+04
2.26918e-02 2.59032e+04
2.76480e-02 1.00002e+04
3.26126e-02 3.44291e+03
3.76111e-02 1.86015e+04
4.26130e-02 -5.04141e+03
4.76051e-02 1.27961e+04
5.25913e-02 1.07824e+04
5.75684e-02 8.96877e+03
6.25625e-02 5.10447e+03
6.75666e-02 4.67113e+03
7.25730e-02 6.83891e+03
7.75647e-02 3.40346e+03
8.25476e-02 3.70195e+02
8.75441e-02 2.69087e+01
9.25437e-02 2.57386e+03
9.75415e-02 4.38556e+03
1.02541e-01 2.89115e+03
1.07542e-01 2.93536e+03
1.12541e-01 1.17855e+03
1.17533e-01 3.21040e+03
1.22524e-01 -4.30019e+02
1.27531e-01 2.55970e+03
1.32537e-01 -8.74460e+02
1.37532e-01 1.91540e+03
1.42526e-01 1.41139e+03
1.47525e-01 1.48886e+03
1.52527e-01 1.31308e+03
1.57525e-01 2.10603e+03
1.62524e-01 1.53656e+03
1.67524e-01 1.09963e+03
1.72523e-01 -2.39624e+00
1.77521e-01 1.69587e+03
1.82521e-01 -5.47646e+02
1.87522e-01 9.84854e+02
1.92522e-01 2.93624e+02
1.97522e-01 -1.46933e+03
2.02520e-01 4.55586e+02
2.07516e-01 6.73198e+01
2.12515e-01 3.02710e+02
2.17519e-01 4.48706e+02
2.22521e-01 -7.73453e+02
2.27520e-01 -2.84175e+02
2.32521e-01 2.80284e+02
2.37519e-01 9.54732e+02
2.42517e-01 -5.60273e+01
2.47516e-01 -6.62506e+02
2.52517e-01 7.88856e+02
2.57519e-01 -2.93261e+01
2.62519e-01 -1.42651e+03
2.67517e-01 -6.83673e+02
2.72515e-01 -1.17737e+03
2.77516e-01 -1.09080e+03
2.82516e-01 -2.26615e+02
2.87515e-01 -1.78742e+02
2.92513e-01 3.66013e+02
2.97512e-01 7.12383e+02
