80 2
k power
3.70544e-03 6.89811e+04
8.00271e-03 3.32442e+04
1.28497e-02 4.51966e+04
1.77641e-02 3.89422e+04
2.26842e-02 3.45673e+04
2.76464e-02 3.59653e+04
3.26361e-02 3.05893e+04
3.76229e-02 2.62011e+04
4.26066e-02 2.22673e+04
4.75842e-02 1.93248e+04
5.25722e-02 1.80688e+04
5.75659e-02 1.89034e+04
6.25589e-02 1.48639e+04
6.75629e-02 1.46248e+04
7.25605e-02 1.31165e+04
7.75516e-02 1.10812e+04
8.25500e-02 1.14156e+04
8.75455e-02 1.16006e+04
9.25437e-02 7.92216e+03
9.75415e-02 7.55707e+03
1.02534e-01 7.10303e+03
1.07536e-01 6.39881e+03
1.12540e-01 5.85198e+03
1.17537e-01 5.96895e+03
1.22533e-01 6.25351e+03
1.27534e-01 5.33267e+03
1.32530e-01 4.85847e+03
1.37531e-01 4.47729e+03
1.42530e-01 4.59153e+03
1.47526e-01 4.31655e+03
1.52527e-01 4.55534e+03
1.57528e-01 4.15064e+03
1.62527e-01 3.13052e+03
1.67526e-01 2.63370e+03
1.72526e-01 3.52051e+03
1.77526e-01 2.89923e+03
1.82527e-01 2.35370e+03
1.87525e-01 2.38323e+03
1.92520e-01 2.47605e+03
1.97516e-01 2.40638e+03
2.02513e-01 1.69337e+03
2.07516e-01 2.37517e+03
2.12517e-01 1.86352e+03
2.17519e-01 1.52643e+03
2.22521e-01 1.48132e+03
2.27519e-01 9.46172e+02
2.32521e-01 1.37936e+03
2.37520e-01 1.31136e+03
2.42520e-01 1.16627e+03
2.47519e-01 8.87422e+02
2.52516e-01 5.35070e+02
2.57514e-01 1.16461e+03
2.62513e-01 1.12085e+03
2.67513e-01 2.77156e+02
2.72514e-01 8.05203e+02
2.77515e-01 3.22273e+02
2.82516e-01 5.70242e+02
2.87514e-01 6.17055e+02
2.92512e-01 3.70203e+02
2.97514e-01 5.29414e+02
3.02516e-01 4.78797e+02
3.07515e-01 6.05656e+02
3.12512e-01 3.95711e+02
3.17510e-01 3.31828e+02
3.22511e-01 3.87555e+02
3.27512e-01 6.67203e+02
3.32512e-01 5.86781e+02
3.37512e-01 6.47352e+02
3.42513e-01 2.71594e+02
3.47513e-01 5.73648e+02
3.52513e-01 4.90469e+01
3.57513e-01 1.01461e+02
3.62512e-01 2.61805e+02
3.67512e-01 3.64281e+02
3.72512e-01 -4.78047e+01
3.77511e-01 2.74195e+02
3.82510e-01 1.61109e+02
3.87510e-01 3.20664e+02
3.92510e-01 1.88859e+02
3.97510e-01 8.27891e+01
3.70544e-03 -6.86851e+04
8.00271e-03 6.78367e+03
1.28497e-02 -1.45650e+04
1.77641e-02 8.96662e+03
2.26842e-02 2.10901e+04
2.76464e-02 7.23579e+03
3.26361e-02 5.10809e+03
3.76229e-02 1.50940e+04
4.26066e-02 1.77200e+04
4.75842e-02 1.44935e+04
5.25722e-02 7.24486e+03
5.75659e-02 1.03498e+04
6.25589e-02 1.11110e+04
6.75629e-02 3.82389e+03
7.25605e-02 4.03336e+03
7.75516e-02 3.57126e+03
8.25500e-02 1.89606e+03
8.75455e-02 6.18843e+03
9.25437e-02 2.25238e+03
9.75415e-02 3.48793e+03
1.02534e-01 1.12043e+03
1.07536e-01 8.84124e+02
1.12540e-01 9.69123e+02
1.17537e-01 8.34010e+02
1.22533e-01 -6.27562e+02
1.27534e-01 1.54452e+03
1.32530e-01 4.45074e+02
1.37531e-01 1.25183e+03
1.42530e-01 1.78187e+03
1.47526e-01 1.26091e+03
1.52527e-01 4.28686e+02
1.57528e-01 2.30832e+02
1.62527e-01 7.30985e+01
1.67526e-01 -7.08262e+01
1.72526e-01 2.76294e+02
1.77526e-01 1.65791e+03
1.82527e-01 5.50106e+02
1.87525e-01 7.72158e+02
1.92520e-01 7.84728e+02
1.97516e-01 2.11061e+02
2.02513e-01 6.07822e+02
2.07516e-01 9.69131e+02
2.12517e-01 1.13615e+03
2.17519e-01 8.10630e+02
2.22521e-01 -4.07242e+02
2.27519e-01 2.24515e+02
2.32521e-01 9.91382e+01
2.37520e-01 -2.37797e+02
2.42520e-01 3.42227e+02
2.47519e-01 -7.26634e+02
2.52516e-01 -3.85372e+02
2.57514e-01 -1.28254e+03
2.62513e-01 3.25377e+02
2.67513e-01 5.60524e+02
2.72514e-01 2.27873e+02
2.77515e-01 1.60414e+01
2.82516e-01 -5.88414e+02
2.87514e-01 -1.16702e+02
2.92512e-01 -2.82239e+02
2.97514e-01 -5.27533e+02
3.02516e-01 -4.71512e+02
3.07515e-01 -3.76282e+02
3.12512e-01 -5.67707e+02
3.17510e-01 -4.54134e+02
3.22511e-01 -1.19033e+03
3.27512e-01 -1.92352e+02
3.32512e-01 -2.18314e+02
3.37512e-01 -5.28159e+02
3.42513e-01 -5.61891e+01
3.47513e-01 3.00573e+01
3.52513e-01 -3.01637e+02
3.57513e-01 -3.51986e+02
3.62512e-01 -3.12714e+02
3.67512e-01 -9.01977e+01
3.72512e-01 -6.71677e+02
3.77511e-01 -1.38392e+02
3.82510e-01 -4.01086e+02
3.87510e-01 1.81197e+02
3.92510e-01 -7.58728e+01
3.97510e-01 -1.11664e+02
