80 2
k power
3.70544e-03 7.18002e+04
8.00271e-03 4.78414e+04
1.28497e-02 3.94012e+04
1.77641e-02 3.28106e+04
2.26842e-02 3.77755e+04
2.76464e-02 4.22967e+04
3.26361e-02 2.87390e+04
3.76229e-02 2.63743e+04
4.26066e-02 2.05808e+04
4.75842e-02 2.52290e+04
5.25722e-02 1.93935e+04
5.75659e-02 1.68753e+04
6.25589e-02 1.77520e+04
6.75629e-02 1.62239e+04
7.25605e-02 1.51905e+04
7.75516e-02 1.27186e+04
8.25500e-02 1.14946e+04
8.75455e-02 9.27987e+03
9.25437e-02 8.70700e+03
9.75415e-02 7.78421e+03
1.02534e-01 7.92589e+03
1.07536e-01 7.55159e+03
1.12540e-01 7.64759e+03
1.17537e-01 6.59534e+03
1.22533e-01 6.33611e+03
1.27534e-01 5.16950e+03
1.32530e-01 5.52709e+03
1.37531e-01 4.84940e+03
1.42530e-01 3.79704e+03
1.47526e-01 4.44439e+03
1.52527e-01 3.79993e+03
1.57528e-01 3.54049e+03
1.62527e-01 3.22839e+03
1.67526e-01 3.37641e+03
1.72526e-01 2.27953e+03
1.77526e-01 1.66320e+03
1.82527e-01 2.31942e+03
1.87525e-01 1.78067e+03
1.92520e-01 1.63426e+03
1.97516e-01 2.34110e+03
2.02513e-01 2.19814e+03
2.07516e-01 2.00459e+03
2.12517e-01 1.26827e+03
2.17519e-01 1.48616e+03
2.22521e-01 1.61534e+03
2.27519e-01 1.69845e+03
2.32521e-01 1.23618e+03
2.37520e-01 1.37995e+03
2.42520e-01 1.16460e+03
2.47519e-01 1.06316e+03
2.52516e-01 8.98242e+02
2.57514e-01 6.60094e+02
2.62513e-01 5.95672e+02
2.67513e-01 1.43291e+03
2.72514e-01 8.72875e+02
2.77515e-01 8.40633e+02
2.82516e-01 5.58023e+02
2.87514e-01 4.00062e+02
2.92512e-01 5.09578e+02
2.97514e-01 4.59898e+02
3.02516e-01 3.91719e+02
3.07515e-01 4.12367e+02
3.12512e-01 4.56328e+02
3.17510e-01 7.04773e+02
3.22511e-01 4.91352e+02
3.27512e-01 3.13383e+02
3.32512e-01 6.79375e+01
3.37512e-01 2.70242e+02
3.42513e-01 3.50023e+02
3.47513e-01 5.19977e+02
3.52513e-01 2.01469e+02
3.57513e-01 6.46625e+02
3.62512e-01 4.35688e+02
3.67512e-01 3.44875e+02
3.72512e-01 3.81344e+02
3.77511e-01 4.58930e+02
3.82510e-01 -6.41172e+01
3.87510e-01 -5.54297e+01
3.92510e-01 -2.59805e+02
3.97510e-01 -8.50156e+01
3.70544e-03 3.31730e+04
8.00271e-03 1.15097e+04
1.28497e-02 -8.41536e+03
1.77641e-02 -7.31442e+03
2.26842e-02 1.30732e+04
2.76464e-02 1.84691e+04
3.26361e-02 1.62472e+04
3.76229e-02 -5.30091e+02
4.26066e-02 8.33088e+03
4.75842e-02 1.59628e+04
5.25722e-02 8.31271e+03
5.75659e-02 7.13159e+03
6.25589e-02 7.68995e+03
6.75629e-02 1.81068e+03
7.25605e-02 3.30849e+03
7.75516e-02 2.12640e+03
8.25500e-02 1.91312e+03
8.75455e-02 7.41741e+02
9.25437e-02 9.40337e+02
9.75415e-02 8.91255e+02
1.02534e-01 3.64729e+03
1.07536e-01 -1.21899e+03
1.12540e-01 -2.36217e+02
1.17537e-01 1.62831e+03
1.22533e-01 5.99779e+02
1.27534e-01 -3.00868e+03
1.32530e-01 8.23661e+01
1.37531e-01 6.06810e+02
1.42530e-01 8.51610e+02
1.47526e-01 2.88621e+03
1.52527e-01 2.06042e+03
1.57528e-01 1.38065e+03
1.62527e-01 1.51523e+03
1.67526e-01 -7.15652e+02
1.72526e-01 -5.66238e+02
1.77526e-01 5.06698e+01
1.82527e-01 3.14331e+01
1.87525e-01 -4.50369e+02
1.92520e-01 -1.39362e+03
1.97516e-01 -8.67182e+02
2.02513e-01 -2.26970e+01
2.07516e-01 -7.56248e+02
2.12517e-01 -1.76865e+03
2.17519e-01 -1.34996e+03
2.22521e-01 -2.86675e+02
2.27519e-01 -1.07424e+03
2.32521e-01 -9.83117e+02
2.37520e-01 -1.48336e+02
2.42520e-01 -2.98575e+02
2.47519e-01 -1.46169e+03
2.52516e-01 -1.01828e+02
2.57514e-01 6.10513e+02
2.62513e-01 -1.93498e+02
2.67513e-01 -1.76769e+02
2.72514e-01 -7.01041e+02
2.77515e-01 3.66375e+02
2.82516e-01 -3.85144e+02
2.87514e-01 -3.36165e+02
2.92512e-01 1.58200e+02
2.97514e-01 2.27669e+02
3.02516e-01 -1.50088e+02
3.07515e-01 -3.04025e+02
3.12512e-01 -1.18345e+03
3.17510e-01 -5.66522e+02
3.22511e-01 -4.67053e+02
3.27512e-01 3.47177e+02
3.32512e-01 -1.52346e+02
3.37512e-01 3.95725e+02
3.42513e-01 -1.87978e+02
3.47513e-01 -5.95227e+02
3.52513e-01 -4.14660e+02
3.57513e-01 -1.66745e+02
3.62512e-01 5.63633e+02
3.67512e-01 4.65072e+02
3.72512e-01 -3.64617e+01
3.77511e-01 -3.86260e+02
3.82510e-01 -5.28154e+02
3.87510e-01 -3.21801e+02
3.92510e-01 -1.73311e+02
3.97510e-01 2.08012e+02
