59 2
k power
8.05565e-03 3.87810e+04
1.28387e-02 4.29478e+04
1.77584e-02 3.73931e+04
2.26862e-02 3.29744e+04
2.76450e-02 3.09071e+04
3.26261e-02 1.93019e+04
3.76152e-02 2.11952e+04
4.26121e-02 1.90128e+04
4.75881e-02 2.43145e+04
5.25764e-02 2.22724e+04
5.75766e-02 1.46638e+04
6.25706e-02 1.52000e+04
6.75643e-02 1.42545e+04
7.25546e-02 1.48691e+04
7.75520e-02 1.27861e+04
8.25499e-02 1.10021e+04
8.75466e-02 9.67052e+03
9.25461e-02 1.07181e+04
9.75410e-02 8.35083e+03
1.02539e-01 8.12530e+03
1.07538e-01 7.20946e+03
1.12539e-01 6.98280e+03
1.17539e-01 5.73020e+03
1.22534e-01 5.06521e+03
1.27532e-01 4.98363e+03
1.32531e-01 3.56030e+03
1.37529e-01 3.90020e+03
1.42529e-01 4.08198e+03
1.47527e-01 3.03088e+03
1.52526e-01 3.60861e+03
1.57526e-01 3.57043e+03
1.62527e-01 1.98298e+03
1.67528e-01 1.87995e+03
1.72524e-01 2.23867e+03
1.77522e-01 2.25552e+03
1.82524e-01 2.19477e+03
1.87522e-01 1.77145e+03
1.92522e-01 2.27312e+03
1.97523e-01 1.55591e+03
2.02522e-01 1.52148e+03
2.07520e-01 2.00798e+03
2.12520e-01 1.16052e+03
2.17519e-01 1.73984e+03
2.22517e-01 1.39368e+03
2.27517e-01 8.36180e+02
2.32517e-01 1.05496e+03
2.37517e-01 1.44567e+03
2.42517e-01 1.04555e+03
2.47517e-01 4.27586e+02
2.52517e-01 7.64273e+02
2.57516e-01 8.92531e+02
2.62515e-01 8.55117e+02
2.67515e-01 9.64406e+02
2.72514e-01 7.29430e+02
2.77515e-01 8.96195e+02
2.82515e-01 9.36875e+02
2.87514e-01 7.77062e+02
2.92514e-01 5.38688e+02
2.97513e-01 4.71172e+01
8.05565e-03 7.72922e+03
1.28387e-02 -1.62772e+03
1.77584e-02 -1.18546e+04
2.26862e-02 -1.14496e+03
2.76450e-02 1.09771e+04
3.26261e-02 1.84985e+04
3.76152e-02 1.32882e+04
4.26121e-02 1.01113e+04
4.75881e-02 9.85771e+03
5.25764e-02 8.13545e+03
5.75766e-02 7.16960e+03
6.25706e-02 6.32560e+03
6.75643e-02 6.32193e+03
7.25546e-02 4.04257e+03
7.75520e-02 4.25262e+03
8.25499e-02 3.64301e+03
8.75466e-02 3.31701e+03
9.25461e-02 4.69655e+03
9.75410e-02 3.51269e+03
1.02539e-01 3.89443e+03
1.07538e-01 2.84325e+03
1.12539e-01 1.97746e+03
1.17539e-01 1.84630e+03
1.22534e-01 -1.55822e+03
1.27532e-01 3.68784e+02
1.32531e-01 2.10808e+03
1.37529e-01 8.28657e+02
1.42529e-01 7.71199e+02
1.47527e-01 5.14401e+02
1.52526e-01 1.41913e+02
1.57526e-01 3.19709e+01
1.62527e-01 8.21355e+02
1.67528e-01 7.94763e+02
1.72524e-01 -2.91971e+02
1.77522e-01 -5.57608e+02
1.82524e-01 -1.15276e+03
1.87522e-01 -1.83123e+02
1.92522e-01 -1.14351e+03
1.97523e-01 -3.91027e+02
2.02522e-01 5.97126e+02
2.07520e-01 -1.55351e+02
2.12520e-01 -8.75448e+02
2.17519e-01 -2.54129e+02
2.22517e-01 -1.34187e+02
2.27517e-01 -3.90961e+01
2.32517e-01 -6.75998e+02
2.37517e-01 -7.91904e+02
2.42517e-01 -9.76067e+02
2.47517e-01 -4.04982e+02
2.52517e-01 4.31877e+02
2.57516e-01 1.21679e+03
2.62515e-01 -5.49221e+02
2.67515e-01 -7.92121e+02
2.72514e-01 -9.45904e+02
2.77515e-01 -1.08823e+02
2.82515e-01 2.30652e+02
2.87514e-01 3.22475e+02
2.92514e-01 -9.72308e+02
2.97513e-01 7.52842e+01
