59 2
k power
8.05040e-03 3.61392e+04
1.28486e-02 4.00325e+04
1.77516e-02 3.17115e+04
2.26918e-02 2.96159e+04
2.76480e-02 2.67453e+04
3.26126e-02 2.53580e+04
3.76111e-02 2.23352e+04
4.26130e-02 2.05724e+04
4.76051e-02 1.89700e+04
5.25913e-02 1.46779e+04
5.75684e-02 1.32864e+04
6.25625e-02 1.39210e+04
6.75666e-02 1.45506e+04
7.25730e-02 1.21068e+04
7.75647e-02 1.42558e+04
8.25476e-02 1.23185e+04
8.75441e-02 9.09255e+03
9.25437e-02 9.72425e+03
9.75415e-02 8.13323e+03
1.02541e-01 7.53859e+03
1.07542e-01 5.48084e+03
1.12541e-01 5.99749e+03
1.17533e-01 6.73880e+03
1.22524e-01 5.87613e+03
1.27531e-01 4.44006e+03
1.32537e-01 4.43819e+03
1.37532e-01 4.05224e+03
1.42526e-01 3.85238e+03
1.47525e-01 4.13882e+03
1.52527e-01 3.61988e+03
1.57525e-01 3.83385e+03
1.62524e-01 3.70534e+03
1.67524e-01 3.06125e+03
1.72523e-01 3.32122e+03
1.77521e-01 3.06499e+03
1.82521e-01 2.63670e+03
1.87522e-01 1.87427e+03
1.92522e-01 1.96966e+03
1.97522e-01 1.78860e+03
2.02520e-01 2.65696e+03
2.07516e-01 1.96658e+03
2.12515e-01 1.86520e+03
2.17519e-01 1.84673e+03
2.22521e-01 1.96652e+03
2.27520e-01 2.01107e+03
2.32521e-01 1.94473e+03
2.37519e-01 1.70072e+03
2.42517e-01 1.12712e+03
2.47516e-01 1.43909e+03
2.52517e-01 1.50611e+03
2.57519e-01 8.64516e+02
2.62519e-01 9.58180e+02
2.67517e-01 8.19281e+02
2.72515e-01 1.07573e+03
2.77516e-01 8.67859e+02
2.82516e-01 8.81836e+02
2.87515e-01 4.95602e+02
2.92513e-01 4.82359e+02
2.97512e-01 5.81508e+02
8.05040e-03 2.85683e+03
1.28486e-02 1.87632e+04
1.77516e-02 2.77896e+04
2.26918e-02 1.94380e+04
2.76480e-02 2.55955e+04
3.26126e-02 1.90133e+04
3.76111e-02 1.06695e+03
4.26130e-02 -1.84320e+03
4.76051e-02 4.40284e+03
5.25913e-02 4.96544e+03
5.75684e-02 6.66654e+03
6.25625e-02 5.33803e+03
6.75666e-02 7.08988e+03
7.25730e-02 5.05409e+03
7.75647e-02 4.79348e+03
8.25476e-02 5.36075e+03
8.75441e-02 3.99834e+03
9.25437e-02 5.85849e+03
9.75415e-02 2.50025e+03
1.02541e-01 4.12133e+03
1.07542e-01 4.89156e+03
1.12541e-01 4.66356e+03
1.17533e-01 1.06422e+03
1.22524e-01 4.74730e+02
1.27531e-01 -4.57053e+02
1.32537e-01 3.87388e+03
1.37532e-01 1.95534e+03
1.42526e-01 2.35734e+03
1.47525e-01 4.27293e+03
1.52527e-01 1.21736e+03
1.57525e-01 1.36002e+03
1.62524e-01 -5.93351e+01
1.67524e-01 -8.64021e+02
1.72523e-01 1.30775e+03
1.77521e-01 2.18425e+03
1.82521e-01 8.13058e+02
1.87522e-01 3.09801e+02
1.92522e-01 -3.32602e+02
1.97522e-01 3.71019e+02
2.02520e-01 1.45889e+03
2.07516e-01 5.04188e+01
2.12515e-01 1.30821e+03
2.17519e-01 2.31373e+02
2.22521e-01 1.13055e+03
2.27520e-01 -1.85554e+02
2.32521e-01 1.39273e+03
2.37519e-01 8.84370e+02
2.42517e-01 4.15265e+02
2.47516e-01 1.07972e+03
2.52517e-01 -2.02510e+02
2.57519e-01 -3.81641e+02
2.62519e-01 1.02212e+02
2.67517e-01 3.04814e+02
2.72515e-01 2.87647e+02
2.77516e-01 1.26606e+03
2.82516e-01 1.25528e+03
2.87515e-01 1.09853e+03
2.92513e-01 -2.86887e+02
2.97512e-01 2.57022e+02
