59 2
k power
8.05565e-03 3.45034e+04
1.28387e-02 4.44489e+04
1.77584e-02 3.44101e+04
2.26862e-02 3.24266e+04
2.76450e-02 2.91466e+04
3.26261e-02 2.68563e+04
3.76152e-02 2.67074e+04
4.26121e-02 2.16244e+04
4.75881e-02 2.02112e+04
5.25764e-02 1.88934e+04
5.75766e-02 1.91056e+04
6.25706e-02 1.44943e+04
6.75643e-02 1.48574e+04
7.25546e-02 1.27366e+04
7.75520e-02 1.22142e+04
8.25499e-02 1.11014e+04
8.75466e-02 9.69663e+03
9.25461e-02 1.06090e+04
9.75410e-02 9.11709e+03
1.02539e-01 6.68935e+03
1.07538e-01 6.63230e+03
1.12539e-01 6.17322e+03
1.17539e-01 5.40098e+03
1.22534e-01 5.10146e+03
1.27532e-01 4.86913e+03
1.32531e-01 4.42082e+03
1.37529e-01 4.29311e+03
1.42529e-01 4.66041e+03
1.47527e-01 5.36702e+03
1.52526e-01 4.37420e+03
1.57526e-01 3.62860e+03
1.62527e-01 3.41412e+03
1.67528e-01 2.98852e+03
1.72524e-01 2.99439e+03
1.77522e-01 3.40602e+03
1.82524e-01 2.45592e+03
1.87522e-01 2.51083e+03
1.92522e-01 2.25799e+03
1.97523e-01 1.80387e+03
2.02522e-01 1.97368e+03
2.07520e-01 1.76224e+03
2.12520e-01 1.77717e+03
2.17519e-01 2.07184e+03
2.22517e-01 1.63432e+03
2.27517e-01 1.67477e+03
2.32517e-01 8.42930e+02
2.37517e-01 1.23544e+03
2.42517e-01 1.21294e+03
2.47517e-01 7.37547e+02
2.52517e-01 8.86492e+02
2.57516e-01 9.02625e+02
2.62515e-01 8.80648e+02
2.67515e-01 5.88266e+02
2.72514e-01 4.79953e+02
2.77515e-01 9.63352e+02
2.82515e-01 7.07898e+02
2.87514e-01 3.88055e+02
2.92514e-01 7.17500e+02
2.97513e-01 3.85906e+02
8.05565e-03 -4.09132e+04
1.28387e-02 2.71779e+04
1.77584e-02 2.04524e+04
2.26862e-02 7.34644e+03
2.76450e-02 1.65731e+04
3.26261e-02 1.03596e+04
3.76152e-02 8.13712e+03
4.26121e-02 2.82236e+03
4.75881e-02 1.45851e+04
5.25764e-02 1.58916e+04
5.75766e-02 1.43791e+04
6.25706e-02 7.70212e+03
6.75643e-02 7.54570e+03
7.25546e-02 2.69132e+03
7.75520e-02 3.09818e+03
8.25499e-02 3.48568e+03
8.75466e-02 3.55333e+03
9.25461e-02 3.15185e+03
9.75410e-02 3.80622e+03
1.02539e-01 2.06020e+03
1.07538e-01 5.48351e+03
1.12539e-01 3.46003e+03
1.17539e-01 3.34328e+03
1.22534e-01 2.19930e+03
1.27532e-01 -2.35347e+02
1.32531e-01 6.35830e+02
1.37529e-01 1.12289e+03
1.42529e-01 7.62596e+02
1.47527e-01 -6.50401e+02
1.52526e-01 8.65801e+02
1.57526e-01 5.92205e+02
1.62527e-01 1.13039e+03
1.67528e-01 1.40579e+03
1.72524e-01 9.84830e+02
1.77522e-01 1.62842e+03
1.82524e-01 -2.75943e+02
1.87522e-01 1.58087e+02
1.92522e-01 5.02223e+02
1.97523e-01 -4.66143e+02
2.02522e-01 -7.26560e+02
2.07520e-01 4.13434e+02
2.12520e-01 3.92891e+02
2.17519e-01 9.87522e+02
2.22517e-01 2.57121e+02
2.27517e-01 3.54998e+02
2.32517e-01 -1.92363e+02
2.37517e-01 -3.57247e+02
2.42517e-01 4.36903e+02
2.47517e-01 5.93693e+02
2.52517e-01 -3.65653e+02
2.57516e-01 -3.87491e+02
2.62515e-01 3.40364e+02
2.67515e-01 -6.61113e+00
2.72514e-01 -8.61768e+02
2.77515e-01 -4.01340e+01
2.82515e-01 -6.45213e+02
2.87514e-01 -1.22299e+02
2.92514e-01 -1.74323e+02
2.97513e-01 7.96862e+01
