80 2
k power
3.70544e-03 9.02768e+03
8.00271e-03 1.55199e+04
1.28497e-02 2.31259e+04
1.77641e-02 4.36795e+04
2.26842e-02 4.22707e+04
2.76464e-02 3.43380e+04
3.26361e-02 2.92854e+04
3.76229e-02 2.18068e+04
4.26066e-02 1.95821e+04
4.75842e-02 2.14468e+04
5.25722e-02 2.08503e+04
5.75659e-02 1.79287e+04
6.25589e-02 1.69650e+04
6.75629e-02 1.33809e+04
7.25605e-02 1.20668e+04
7.75516e-02 1.02112e+04
8.25500e-02 1.19299e+04
8.75455e-02 1.13815e+04
9.25437e-02 8.82285e+03
9.75415e-02 8.49609e+03
1.02534e-01 8.57755e+03
1.07536e-01 6.31137e+03
1.12540e-01 5.67113e+03
1.17537e-01 6.23009e+03
1.22533e-01 5.40626e+03
1.27534e-01 4.82764e+03
1.32530e-01 5.91953e+03
1.37531e-01 3.90373e+03
1.42530e-01 3.89912e+03
1.47526e-01 3.25051e+03
1.52527e-01 2.78208e+03
1.57528e-01 3.81312e+03
1.62527e-01 3.15090e+03
1.67526e-01 2.50830e+03
1.72526e-01 2.22683e+03
1.77526e-01 2.44974e+03
1.82527e-01 1.79656e+03
1.87525e-01 1.52841e+03
1.92520e-01 1.74720e+03
1.97516e-01 2.54113e+03
2.02513e-01 1.77242e+03
2.07516e-01 1.55249e+03
2.12517e-01 1.40412e+03
2.17519e-01 1.69280e+03
2.22521e-01 9.15859e+02
2.27519e-01 1.33702e+03
2.32521e-01 1.07227e+03
2.37520e-01 1.32388e+03
2.42520e-01 1.28712e+03
2.47519e-01 9.94438e+02
2.52516e-01 9.37609e+02
2.57514e-01 4.67172e+02
2.62513e-01 7.49680e+02
2.67513e-01 8.20539e+02
2.72514e-01 9.11875e+02
2.77515e-01 9.86734e+02
2.82516e-01 7.83312e+02
2.87514e-01 2.70250e+02
2.92512e-01 1.36484e+02
2.97514e-01 8.16109e+02
3.02516e-01 4.03469e+02
3.07515e-01 5.27859e+02
3.12512e-01 7.45188e+02
3.17510e-01 7.11734e+02
3.22511e-01 3.55602e+02
3.27512e-01 2.09484e+02
3.32512e-01 5.16312e+02
3.37512e-01 5.01945e+02
3.42513e-01 2.17781e+02
3.47513e-01 -2.70000e+01
3.52513e-01 3.60461e+02
3.57513e-01 2.85602e+02
3.62512e-01 2.41195e+02
3.67512e-01 -8.63047e+01
3.72512e-01 1.05555e+02
3.77511e-01 3.47516e+02
3.82510e-01 3.21016e+01
3.87510e-01 -5.13516e+01
3.92510e-01 5.75000e+00
3.97510e-01 2.36719e+00
3.70544e-03 2.21612e+04
8.00271e-03 6.62594e+04
1.28497e-02 2.49806e+04
1.77641e-02 1.92596e+04
2.26842e-02 2.16447e+04
2.76464e-02 1.48742e+04
3.26361e-02 1.27877e+04
3.76229e-02 5.96712e+03
4.26066e-02 1.91047e+03
4.75842e-02 -8.94014e+02
5.25722e-02 2.72750e+03
5.75659e-02 8.19260e+03
6.25589e-02 5.32591e+03
6.75629e-02 6.32006e+03
7.25605e-02 4.03643e+03
7.75516e-02 4.35193e+03
8.25500e-02 6.53956e+02
8.75455e-02 3.31714e+03
9.25437e-02 2.79374e+03
9.75415e-02 1.41414e+03
1.02534e-01 2.28355e+03
1.07536e-01 1.35032e+03
1.12540e-01 2.09764e+03
1.17537e-01 2.55077e+03
1.22533e-01 1.69083e+03
1.27534e-01 -2.41886e+02
1.32530e-01 2.17466e+03
1.37531e-01 1.39538e+03
1.42530e-01 1.28850e+03
1.47526e-01 -4.62198e+02
1.52527e-01 7.26684e+02
1.57528e-01 1.85447e+03
1.62527e-01 9.49156e+02
1.67526e-01 2.35608e+01
1.72526e-01 -1.14614e+03
1.77526e-01 6.45763e+01
1.82527e-01 4.38993e+02
1.87525e-01 8.60646e+02
1.92520e-01 -3.26211e+02
1.97516e-01 -1.75790e+03
2.02513e-01 -1.29303e+02
2.07516e-01 1.09392e+02
2.12517e-01 -3.88464e+02
2.17519e-01 -8.62554e+02
2.22521e-01 4.36467e+02
2.27519e-01 -9.10454e+02
2.32521e-01 -1.73347e+03
2.37520e-01 4.41819e+02
2.42520e-01 1.18039e+02
2.47519e-01 -7.69124e+02
2.52516e-01 2.94719e+02
2.57514e-01 -1.67893e+02
2.62513e-01 7.03619e+01
2.67513e-01 7.21383e+01
2.72514e-01 -7.00635e+02
2.77515e-01 -4.33320e+02
2.82516e-01 -5.50467e+02
2.87514e-01 -1.26873e-01
2.92512e-01 -2.72651e+02
2.97514e-01 -7.74995e+02
3.02516e-01 1.99389e+02
3.07515e-01 3.48092e+02
3.12512e-01 -3.30927e+02
3.17510e-01 -5.90905e+02
3.22511e-01 -1.00740e+03
3.27512e-01 -1.31660e+03
3.32512e-01 -7.45643e+02
3.37512e-01 -1.36360e+01
3.42513e-01 1.85083e+02
3.47513e-01 -4.18737e+02
3.52513e-01 -1.27022e+03
3.57513e-01 1.40861e+02
3.62512e-01 -9.32119e+02
3.67512e-01 1.29454e+02
3.72512e-01 -1.17546e+02
3.77511e-01 -4.36256e+02
3.82510e-01 5.13640e+02
3.87510e-01 -6.88593e+01
3.92510e-01 2.06959e+02
3.97510e-01 6.83048e+01
