80 2
k power
3.70544e-03 4.16541e+04
8.00271e-03 4.83854e+04
1.28497e-02 3.57098e+04
1.77641e-02 3.89695e+04
2.26842e-02 4.13735e+04
2.76464e-02 3.20339e+04
3.26361e-02 2.42167e+04
3.76229e-02 2.58923e+04
4.26066e-02 2.33062e+04
4.75842e-02 1.66021e+04
5.25722e-02 1.69131e+04
5.75659e-02 1.84500e+04
6.25589e-02 1.86839e+04
6.75629e-02 1.89962e+04
7.25605e-02 1.48990e+04
7.75516e-02 1.30570e+04
8.25500e-02 1.27895e+04
8.75455e-02 1.02664e+04
9.25437e-02 8.93423e+03
9.75415e-02 8.51077e+03
1.02534e-01 7.40350e+03
1.07536e-01 7.09273e+03
1.12540e-01 5.45850e+03
1.17537e-01 5.33148e+03
1.22533e-01 6.01448e+03
1.27534e-01 5.35152e+03
1.32530e-01 4.65539e+03
1.37531e-01 5.06477e+03
1.42530e-01 3.79098e+03
1.47526e-01 4.04026e+03
1.52527e-01 3.14665e+03
1.57528e-01 3.10124e+03
1.62527e-01 2.66923e+03
1.67526e-01 2.68870e+03
1.72526e-01 2.13363e+03
1.77526e-01 2.82141e+03
1.82527e-01 2.71598e+03
1.87525e-01 3.27586e+03
1.92520e-01 2.22659e+03
1.97516e-01 2.12982e+03
2.02513e-01 2.37299e+03
2.07516e-01 1.72798e+03
2.12517e-01 2.11450e+03
2.17519e-01 1.07051e+03
2.22521e-01 1.17399e+03
2.27519e-01 1.35189e+03
2.32521e-01 1.12961e+03
2.37520e-01 8.81953e+02
2.42520e-01 5.21969e+02
2.47519e-01 1.10858e+03
2.52516e-01 6.46078e+02
2.57514e-01 1.05336e+03
2.62513e-01 1.18230e+03
2.67513e-01 3.65414e+02
2.72514e-01 3.91828e+02
2.77515e-01 5.37906e+02
2.82516e-01 7.18148e+02
2.87514e-01 7.64703e+02
2.92512e-01 5.47719e+02
2.97514e-01 5.81930e+02
3.02516e-01 7.56195e+02
3.07515e-01 5.21367e+02
3.12512e-01 5.44555e+02
3.17510e-01 2.87133e+02
3.22511e-01 6.13320e+02
3.27512e-01 3.68453e+02
3.32512e-01 7.32523e+02
3.37512e-01 3.38906e+02
3.42513e-01 3.05328e+02
3.47513e-01 3.01719e+02
3.52513e-01 5.15258e+02
3.57513e-01 4.31727e+02
3.62512e-01 4.28203e+02
3.67512e-01 1.11703e+02
3.72512e-01 2.51516e+02
3.77511e-01 1.25391e+01
3.82510e-01 2.36133e+02
3.87510e-01 2.01258e+02
3.92510e-01 1.29523e+02
3.97510e-01 1.09766e+02
3.70544e-03 -5.80991e+04
8.00271e-03 2.55065e+04
1.28497e-02 6.06712e+03
1.77641e-02 5.01871e+03
2.26842e-02 6.91778e+03
2.76464e-02 1.23379e+04
3.26361e-02 8.83031e+03
3.76229e-02 1.26366e+04
4.26066e-02 1.51180e+04
4.75842e-02 7.94498e+03
5.25722e-02 5.27944e+03
5.75659e-02 -2.21449e+03
6.25589e-02 4.45022e+03
6.75629e-02 7.58993e+03
7.25605e-02 5.85348e+03
7.75516e-02 6.40651e+03
8.25500e-02 4.08019e+03
8.75455e-02 3.12450e+03
9.25437e-02 5.45530e+03
9.75415e-02 2.26930e+03
1.02534e-01 1.49040e+03
1.07536e-01 1.02446e+03
1.12540e-01 1.01136e+03
1.17537e-01 2.95456e+03
1.22533e-01 1.96898e+03
1.27534e-01 8.60579e+01
1.32530e-01 2.85784e+02
1.37531e-01 1.30640e+03
1.42530e-01 1.10542e+03
1.47526e-01 -1.64328e+03
1.52527e-01 3.64080e+02
1.57528e-01 1.28952e+03
1.62527e-01 -5.36308e+02
1.67526e-01 -1.02478e+03
1.72526e-01 -9.71281e+02
1.77526e-01 -4.27162e+02
1.82527e-01 -9.29541e+02
1.87525e-01 7.19610e+02
1.92520e-01 2.28214e+02
1.97516e-01 2.13174e+02
2.02513e-01 -2.82058e+02
2.07516e-01 -5.31428e+02
2.12517e-01 1.30405e+03
2.17519e-01 1.30856e+03
2.22521e-01 -6.28432e+02
2.27519e-01 3.38478e+02
2.32521e-01 -1.71372e+02
2.37520e-01 3.62865e+02
2.42520e-01 8.43254e+02
2.47519e-01 -1.27697e+01
2.52516e-01 -5.94516e+02
2.57514e-01 -6.37964e+02
2.62513e-01 3.35844e+02
2.67513e-01 8.24365e+01
2.72514e-01 -8.33139e+02
2.77515e-01 -1.10724e+03
2.82516e-01 -9.13274e+02
2.87514e-01 3.27002e+02
2.92512e-01 -6.45182e+02
2.97514e-01 3.08584e+02
3.02516e-01 2.65342e+02
3.07515e-01 1.58031e+02
3.12512e-01 -8.08814e+02
3.17510e-01 -5.47301e+02
3.22511e-01 -9.29292e+02
3.27512e-01 -5.28544e+02
3.32512e-01 -9.69431e+02
3.37512e-01 -4.07434e+02
3.42513e-01 -2.41914e+02
3.47513e-01 -2.77176e+02
3.52513e-01 -3.34284e+02
3.57513e-01 -5.74882e+02
3.62512e-01 2.16714e+02
3.67512e-01 -3.16438e+02
3.72512e-01 -7.28501e+02
3.77511e-01 4.08354e+01
3.82510e-01 -4.93638e+01
3.87510e-01 -3.11342e+02
3.92510e-01 -1.87636e+02
3.97510e-01 -2.04599e+02
