80 2
k power
3.70544e-03 7.97227e+04
8.00271e-03 3.61620e+04
1.28497e-02 2.78397e+04
1.77641e-02 3.86871e+04
2.26842e-02 4.56465e+04
2.76464e-02 3.85519e+04
3.26361e-02 3.10787e+04
3.76229e-02 2.36578e+04
4.26066e-02 2.06865e+04
4.75842e-02 1.97983e+04
5.25722e-02 1.97206e+04
5.75659e-02 1.68613e+04
6.25589e-02 1.61876e+04
6.75629e-02 1.28605e+04
7.25605e-02 1.33587e+04
7.75516e-02 1.24151e+04
8.25500e-02 1.28075e+04
8.75455e-02 1.13019e+04
9.25437e-02 8.72034e+03
9.75415e-02 7.10319e+03
1.02534e-01 6.98177e+03
1.07536e-01 4.88030e+03
1.12540e-01 5.92602e+03
1.17537e-01 6.58184e+03
1.22533e-01 7.06076e+03
1.27534e-01 4.80733e+03
1.32530e-01 5.39724e+03
1.37531e-01 4.58621e+03
1.42530e-01 3.65707e+03
1.47526e-01 3.40736e+03
1.52527e-01 3.72757e+03
1.57528e-01 3.43977e+03
1.62527e-01 3.32637e+03
1.67526e-01 3.24217e+03
1.72526e-01 2.48073e+03
1.77526e-01 2.80071e+03
1.82527e-01 2.01775e+03
1.87525e-01 1.80395e+03
1.92520e-01 1.48732e+03
1.97516e-01 1.60335e+03
2.02513e-01 2.52864e+03
2.07516e-01 1.77327e+03
2.12517e-01 1.29952e+03
2.17519e-01 1.10709e+03
2.22521e-01 1.70680e+03
2.27519e-01 1.56761e+03
2.32521e-01 7.77727e+02
2.37520e-01 1.52776e+03
2.42520e-01 1.13844e+03
2.47519e-01 1.09548e+03
2.52516e-01 9.07242e+02
2.57514e-01 8.16727e+02
2.62513e-01 8.61367e+02
2.67513e-01 1.01069e+03
2.72514e-01 9.42422e+02
2.77515e-01 6.49859e+02
2.82516e-01 6.33523e+02
2.87514e-01 7.40117e+02
2.92512e-01 6.05984e+02
2.97514e-01 6.06000e+02
3.02516e-01 6.40344e+02
3.07515e-01 4.64273e+02
3.12512e-01 6.39906e+02
3.17510e-01 9.45969e+02
3.22511e-01 2.76953e+02
3.27512e-01 2.04719e+02
3.32512e-01 6.12094e+02
3.37512e-01 4.10000e+02
3.42513e-01 1.78820e+02
3.47513e-01 5.49625e+02
3.52513e-01 1.80336e+02
3.57513e-01 3.29383e+02
3.62512e-01 6.85625e+01
3.67512e-01 2.08219e+02
3.72512e-01 3.06094e+02
3.77511e-01 6.74219e+00
3.82510e-01 1.50422e+02
3.87510e-01 -8.10938e+00
3.92510e-01 1.13484e+02
3.97510e-01 2.07766e+02
3.70544e-03 -7.06208e+04
8.00271e-03 -1.76997e+04
1.28497e-02 1.21576e+04
1.77641e-02 9.97748e+03
2.26842e-02 1.39458e+04
2.76464e-02 2.50319e+03
3.26361e-02 8.23100e+02
3.76229e-02 1.06525e+04
4.26066e-02 9.03274e+03
4.75842e-02 3.25887e+03
5.25722e-02 9.38034e+03
5.75659e-02 4.50151e+03
6.25589e-02 3.90664e+03
6.75629e-02 2.54214e+03
7.25605e-02 3.30260e+03
7.75516e-02 2.70493e+03
8.25500e-02 7.16598e+03
8.75455e-02 1.50007e+03
9.25437e-02 2.15962e+03
9.75415e-02 2.83385e+03
1.02534e-01 2.26717e+03
1.07536e-01 3.98254e+03
1.12540e-01 2.91068e+03
1.17537e-01 6.93214e+02
1.22533e-01 1.12927e+03
1.27534e-01 1.53814e+02
1.32530e-01 8.04248e+02
1.37531e-01 1.06145e+03
1.42530e-01 1.85278e+03
1.47526e-01 1.32008e+03
1.52527e-01 1.24992e+03
1.57528e-01 -4.79556e+02
1.62527e-01 4.00800e+02
1.67526e-01 -1.64043e+02
1.72526e-01 -8.49681e+02
1.77526e-01 -7.78605e+02
1.82527e-01 5.48971e+02
1.87525e-01 7.25080e+02
1.92520e-01 2.49161e+02
1.97516e-01 -3.69333e+00
2.02513e-01 -4.95297e+02
2.07516e-01 -5.37050e+02
2.12517e-01 -3.46577e+02
2.17519e-01 -8.97375e+02
2.22521e-01 -6.98253e+02
2.27519e-01 4.41016e+02
2.32521e-01 -2.64473e+02
2.37520e-01 -9.23976e+02
2.42520e-01 -3.07069e+02
2.47519e-01 -3.19265e+02
2.52516e-01 3.26044e+02
2.57514e-01 -6.57713e+02
2.62513e-01 -7.92349e+02
2.67513e-01 -3.35681e+02
2.72514e-01 -1.07455e+03
2.77515e-01 -2.69576e+01
2.82516e-01 5.11068e+02
2.87514e-01 3.94449e+02
2.92512e-01 -1.89222e+02
2.97514e-01 2.99613e+02
3.02516e-01 -8.08495e+02
3.07515e-01 -8.82967e+02
3.12512e-01 -1.04040e+02
3.17510e-01 -2.18977e+02
3.22511e-01 -7.09832e+02
3.27512e-01 -1.14244e+03
3.32512e-01 -5.32753e+02
3.37512e-01 -4.08426e+02
3.42513e-01 4.58321e+01
3.47513e-01 -9.32606e+01
3.52513e-01 -1.90279e+02
3.57513e-01 -1.14685e+02
3.62512e-01 -3.79723e+02
3.67512e-01 2.57136e+02
3.72512e-01 1.99868e+02
3.77511e-01 -3.38106e+02
3.82510e-01 -2.41564e+02
3.87510e-01 4.08171e+02
3.92510e-01 -2.95170e+02
3.97510e-01 -7.81944e+01
