60 2
k power
3.70544e-03 1.54008e+04
8.00271e-03 2.92325e+04
1.28497e-02 4.13339e+04
1.77641e-02 4.07366e+04
2.26842e-02 2.96020e+04
2.76464e-02 2.90614e+04
3.26361e-02 2.18730e+04
3.76229e-02 2.42020e+04
4.26066e-02 2.29745e+04
4.75842e-02 2.17408e+04
5.25722e-02 1.76142e+04
5.75659e-02 1.84815e+04
6.25589e-02 1.65930e+04
6.75629e-02 1.43556e+04
7.25605e-02 1.27997e+04
7.75516e-02 1.08610e+04
8.25500e-02 1.25937e+04
8.75455e-02 9.66459e+03
9.25437e-02 8.94395e+03
9.75415e-02 8.27800e+03
1.02534e-01 7.84165e+03
1.07536e-01 6.97477e+03
1.12540e-01 5.30696e+03
1.17537e-01 5.55202e+03
1.22533e-01 5.32376e+03
1.27534e-01 4.56179e+03
1.32530e-01 4.97882e+03
1.37531e-01 5.35584e+03
1.42530e-01 4.72662e+03
1.47526e-01 3.65062e+03
1.52527e-01 3.18290e+03
1.57528e-01 2.57043e+03
1.62527e-01 2.99403e+03
1.67526e-01 2.90944e+03
1.72526e-01 2.34147e+03
1.77526e-01 2.48577e+03
1.82527e-01 2.29023e+03
1.87525e-01 2.42374e+03
1.92520e-01 2.08907e+03
1.97516e-01 2.50387e+03
2.02513e-01 2.37333e+03
2.07516e-01 1.98584e+03
2.12517e-01 2.54121e+03
2.17519e-01 1.46277e+03
2.22521e-01 2.20953e+03
2.27519e-01 1.50909e+03
2.32521e-01 1.52463e+03
2.37520e-01 1.50955e+03
2.42520e-01 1.26759e+03
2.47519e-01 1.01034e+03
2.52516e-01 8.24422e+02
2.57514e-01 9.48234e+02
2.62513e-01 8.70266e+02
2.67513e-01 8.70375e+02
2.72514e-01 9.05789e+02
2.77515e-01 6.89602e+02
2.82516e-01 4.97141e+02
2.87514e-01 8.57391e+02
2.92512e-01 8.48969e+02
2.97514e-01 7.07344e+02
3.70544e-03 6.04817e+03
8.00271e-03 -1.41357e+04
1.28497e-02 5.87384e+03
1.77641e-02 2.93035e+04
2.26842e-02 -2.45390e+03
2.76464e-02 6.13238e+03
3.26361e-02 1.99781e+03
3.76229e-02 1.00609e+04
4.26066e-02 1.29203e+04
4.75842e-02 1.04765e+04
5.25722e-02 1.96156e+03
5.75659e-02 1.07901e+04
6.25589e-02 9.69930e+02
6.75629e-02 3.93373e+03
7.25605e-02 1.95046e+03
7.75516e-02 2.34914e+03
8.25500e-02 1.22422e+03
8.75455e-02 2.92489e+03
9.25437e-02 2.69652e+03
9.75415e-02 1.25959e+03
1.02534e-01 1.43687e+03
1.07536e-01 1.46858e+03
1.12540e-01 1.89087e+03
1.17537e-01 2.38373e+03
1.22533e-01 2.25051e+03
1.27534e-01 8.00609e+02
1.32530e-01 -4.13200e+01
1.37531e-01 4.14987e+02
1.42530e-01 6.97150e+02
1.47526e-01 3.41930e+02
1.52527e-01 2.32691e+02
1.57528e-01 9.76191e+02
1.62527e-01 7.06019e+02
1.67526e-01 2.99236e+02
1.72526e-01 -6.87201e+01
1.77526e-01 6.21935e+02
1.82527e-01 7.43961e+02
1.87525e-01 4.63198e+02
1.92520e-01 2.01861e+02
1.97516e-01 -5.21800e+02
2.02513e-01 -7.65067e+02
2.07516e-01 -1.21013e+03
2.12517e-01 -1.70275e+03
2.17519e-01 -6.05918e+02
2.22521e-01 6.59937e+02
2.27519e-01 -1.08172e+03
2.32521e-01 -7.69836e+02
2.37520e-01 -5.57195e+01
2.42520e-01 -1.87484e+02
2.47519e-01 7.22017e+02
2.52516e-01 -1.09416e+02
2.57514e-01 -9.09326e+01
2.62513e-01 2.99660e+02
2.67513e-01 -4.99412e+02
2.72514e-01 5.38022e+02
2.77515e-01 1.64492e+02
2.82516e-01 -9.15256e+02
2.87514e-01 2.57547e+02
2.92512e-01 5.32027e+02
2.97514e-01 3.04382e+02
