60 2
k power
3.78596e-03 3.22856e+04
8.05565e-03 1.08128e+04
1.28387e-02 3.01298e+04
1.77584e-02 3.68575e+04
2.26862e-02 3.28176e+04
2.76450e-02 2.84765e+04
3.26261e-02 2.82858e+04
3.76152e-02 2.37499e+04
4.26121e-02 2.14115e+04
4.75881e-02 1.77477e+04
5.25764e-02 1.54525e+04
5.75766e-02 1.64966e+04
6.25706e-02 1.50233e+04
6.75643e-02 1.57559e+04
7.25546e-02 1.46166e+04
7.75520e-02 1.23877e+04
8.25499e-02 1.03521e+04
8.75466e-02 1.10553e+04
9.25461e-02 9.16491e+03
9.75410e-02 8.32180e+03
1.02539e-01 7.89628e+03
1.07538e-01 6.61327e+03
1.12539e-01 6.92133e+03
1.17539e-01 5.19312e+03
1.22534e-01 5.03347e+03
1.27532e-01 4.21705e+03
1.32531e-01 5.04843e+03
1.37529e-01 4.68733e+03
1.42529e-01 3.93682e+03
1.47527e-01 4.49372e+03
1.52526e-01 3.16010e+03
1.57526e-01 3.51424e+03
1.62527e-01 2.72368e+03
1.67528e-01 2.69710e+03
1.72524e-01 2.12373e+03
1.77522e-01 2.44744e+03
1.82524e-01 1.96405e+03
1.87522e-01 2.12979e+03
1.92522e-01 2.23770e+03
1.97523e-01 1.74166e+03
2.02522e-01 2.06555e+03
2.07520e-01 1.78977e+03
2.12520e-01 1.98302e+03
2.17519e-01 1.78744e+03
2.22517e-01 1.56620e+03
2.27517e-01 1.17921e+03
2.32517e-01 1.43302e+03
2.37517e-01 8.93734e+02
2.42517e-01 1.27939e+03
2.47517e-01 1.13376e+03
2.52517e-01 8.69727e+02
2.57516e-01 7.02188e+02
2.62515e-01 7.63555e+02
2.67515e-01 9.41492e+02
2.72514e-01 7.52656e+02
2.77515e-01 4.03898e+02
2.82515e-01 8.18344e+02
2.87514e-01 5.51031e+02
2.92514e-01 1.06120e+03
2.97513e-01 6.23062e+02
3.78596e-03 -6.52679e+03
8.05565e-03 9.63644e+03
1.28387e-02 4.01555e+04
1.77584e-02 4.91388e+03
2.26862e-02 2.00739e+04
2.76450e-02 1.60822e+04
3.26261e-02 1.44276e+04
3.76152e-02 5.42882e+03
4.26121e-02 4.76947e+03
4.75881e-02 7.32447e+03
5.25764e-02 6.03933e+03
5.75766e-02 9.98355e+03
6.25706e-02 6.95523e+03
6.75643e-02 7.67954e+03
7.25546e-02 1.34690e+02
7.75520e-02 2.53471e+03
8.25499e-02 4.88966e+02
8.75466e-02 1.28241e+03
9.25461e-02 5.03046e+03
9.75410e-02 -6.97309e+02
1.02539e-01 -1.14232e+03
1.07538e-01 1.09342e+03
1.12539e-01 1.68078e+03
1.17539e-01 3.16174e+02
1.22534e-01 1.75507e+02
1.27532e-01 9.05441e+02
1.32531e-01 3.55210e+02
1.37529e-01 6.04055e+02
1.42529e-01 8.79265e+02
1.47527e-01 1.30107e+02
1.52526e-01 1.55623e+03
1.57526e-01 5.89824e+02
1.62527e-01 1.28204e+02
1.67528e-01 1.15997e+03
1.72524e-01 -3.83314e+02
1.77522e-01 -9.87852e+02
1.82524e-01 7.61192e+02
1.87522e-01 1.23121e+03
1.92522e-01 6.52074e+02
1.97523e-01 -1.83780e+02
2.02522e-01 5.06498e+02
2.07520e-01 -3.62534e+02
2.12520e-01 -1.49822e+03
2.17519e-01 6.75799e+01
2.22517e-01 -5.24079e+02
2.27517e-01 8.78093e+01
2.32517e-01 1.08712e+03
2.37517e-01 1.13680e+03
2.42517e-01 4.22325e+02
2.47517e-01 -7.08301e+02
2.52517e-01 4.00308e+00
2.57516e-01 -7.01694e+00
2.62515e-01 4.66842e+02
2.67515e-01 7.42643e+02
2.72514e-01 1.25756e+02
2.77515e-01 1.65637e+01
2.82515e-01 -5.72291e+02
2.87514e-01 6.69907e+01
2.92514e-01 3.98184e+02
2.97513e-01 1.52833e+02
