60 2
k power
3.78596e-03 3.16226e+04
8.05565e-03 4.16361e+04
1.28387e-02 4.39017e+04
1.77584e-02 3.54501e+04
2.26862e-02 3.33940e+04
2.76450e-02 2.81924e+04
3.26261e-02 2.82179e+04
3.76152e-02 2.49822e+04
4.26121e-02 2.31706e+04
4.75881e-02 1.86250e+04
5.25764e-02 1.67232e+04
5.75766e-02 1.39156e+04
6.25706e-02 1.35672e+04
6.75643e-02 1.29383e+04
7.25546e-02 1.42503e+04
7.75520e-02 1.20073e+04
8.25499e-02 1.06264e+04
8.75466e-02 9.72517e+03
9.25461e-02 8.45873e+03
9.75410e-02 8.38830e+03
1.02539e-01 7.94240e+03
1.07538e-01 6.94699e+03
1.12539e-01 5.47720e+03
1.17539e-01 5.69127e+03
1.22534e-01 5.29120e+03
1.27532e-01 5.54939e+03
1.32531e-01 5.64777e+03
1.37529e-01 4.98630e+03
1.42529e-01 4.37241e+03
1.47527e-01 3.42848e+03
1.52526e-01 3.26326e+03
1.57526e-01 3.18248e+03
1.62527e-01 3.00070e+03
1.67528e-01 2.84122e+03
1.72524e-01 2.42140e+03
1.77522e-01 2.93066e+03
1.82524e-01 2.55421e+03
1.87522e-01 1.74404e+03
1.92522e-01 2.01610e+03
1.97523e-01 2.24757e+03
2.02522e-01 1.45927e+03
2.07520e-01 1.74127e+03
2.12520e-01 1.55338e+03
2.17519e-01 1.46920e+03
2.22517e-01 1.47705e+03
2.27517e-01 1.14485e+03
2.32517e-01 1.36151e+03
2.37517e-01 1.09169e+03
2.42517e-01 8.50461e+02
2.47517e-01 1.27386e+03
2.52517e-01 1.01069e+03
2.57516e-01 5.30875e+02
2.62515e-01 7.75750e+02
2.67515e-01 4.66852e+02
2.72514e-01 8.69938e+02
2.77515e-01 7.95039e+02
2.82515e-01 3.87273e+02
2.87514e-01 5.66461e+02
2.92514e-01 5.80508e+02
2.97513e-01 5.40125e+02
3.78596e-03 8.56904e+04
8.05565e-03 1.27245e+04
1.28387e-02 2.40489e+04
1.77584e-02 2.28295e+04
2.26862e-02 1.95378e+04
2.76450e-02 1.42026e+04
3.26261e-02 8.78403e+03
3.76152e-02 1.44122e+04
4.26121e-02 1.26583e+04
4.75881e-02 7.68039e+03
5.25764e-02 1.04282e+04
5.75766e-02 6.85305e+03
6.25706e-02 6.14144e+03
6.75643e-02 5.81909e+03
7.25546e-02 7.37849e+02
7.75520e-02 5.85123e+03
8.25499e-02 1.78539e+03
8.75466e-02 1.29694e+03
9.25461e-02 4.30975e+03
9.75410e-02 5.69775e+03
1.02539e-01 3.58540e+03
1.07538e-01 2.16522e+03
1.12539e-01 1.93230e+03
1.17539e-01 3.42342e+03
1.22534e-01 2.36276e+03
1.27532e-01 8.59656e+02
1.32531e-01 1.73309e+03
1.37529e-01 2.92297e+03
1.42529e-01 7.66836e+02
1.47527e-01 1.15124e+03
1.52526e-01 8.32569e+02
1.57526e-01 1.10888e+03
1.62527e-01 -1.64642e+02
1.67528e-01 4.07317e+02
1.72524e-01 8.16336e+02
1.77522e-01 1.69724e+03
1.82524e-01 9.62305e+02
1.87522e-01 3.86760e+02
1.92522e-01 1.45542e+03
1.97523e-01 -1.78123e+01
2.02522e-01 3.96054e+02
2.07520e-01 1.23819e+03
2.12520e-01 1.34893e+03
2.17519e-01 2.67788e+02
2.22517e-01 -8.96728e+02
2.27517e-01 9.63053e+02
2.32517e-01 5.96992e+02
2.37517e-01 -3.71783e+02
2.42517e-01 -5.24538e+02
2.47517e-01 -1.25117e+03
2.52517e-01 1.32141e+02
2.57516e-01 1.07538e+03
2.62515e-01 -8.47240e+02
2.67515e-01 -7.44468e+02
2.72514e-01 4.40625e+01
2.77515e-01 -1.17118e+02
2.82515e-01 -4.47349e+02
2.87514e-01 -3.23180e+02
2.92514e-01 9.21954e+01
2.97513e-01 -5.18872e+01
