59 2
k power
8.00271e-03 2.26333e+04
1.28497e-02 3.85336e+04
1.77641e-02 3.57830e+04
2.26842e-02 4.14397e+04
2.76464e-02 3.65707e+04
3.26361e-02 2.95550e+04
3.76229e-02 2.47650e+04
4.26066e-02 2.29823e+04
4.75842e-02 2.23667e+04
5.25722e-02 1.74965e+04
5.75659e-02 1.56038e+04
6.25589e-02 1.66543e+04
6.75629e-02 1.44580e+04
7.25605e-02 1.34294e+04
7.75516e-02 1.21592e+04
8.25500e-02 1.18351e+04
8.75455e-02 1.01043e+04
9.25437e-02 8.06267e+03
9.75415e-02 8.74608e+03
1.02534e-01 8.26024e+03
1.07536e-01 6.53722e+03
1.12540e-01 5.05616e+03
1.17537e-01 6.06381e+03
1.22533e-01 5.64350e+03
1.27534e-01 5.06542e+03
1.32530e-01 4.56496e+03
1.37531e-01 3.57620e+03
1.42530e-01 3.49533e+03
1.47526e-01 3.43491e+03
1.52527e-01 3.94997e+03
1.57528e-01 2.74455e+03
1.62527e-01 3.60291e+03
1.67526e-01 3.16559e+03
1.72526e-01 3.26519e+03
1.77526e-01 2.60319e+03
1.82527e-01 2.28788e+03
1.87525e-01 2.38361e+03
1.92520e-01 2.62149e+03
1.97516e-01 2.13970e+03
2.02513e-01 1.76717e+03
2.07516e-01 1.45100e+03
2.12517e-01 1.49198e+03
2.17519e-01 1.73837e+03
2.22521e-01 7.71930e+02
2.27519e-01 8.24055e+02
2.32521e-01 8.59695e+02
2.37520e-01 1.27723e+03
2.42520e-01 9.15281e+02
2.47519e-01 1.12355e+03
2.52516e-01 4.71734e+02
2.57514e-01 8.81391e+02
2.62513e-01 6.37242e+02
2.67513e-01 8.71430e+02
2.72514e-01 6.71859e+02
2.77515e-01 8.99102e+02
2.82516e-01 6.34664e+02
2.87514e-01 7.08953e+02
2.92512e-01 3.93062e+02
2.97514e-01 4.03570e+02
8.00271e-03 4.62478e+04
1.28497e-02 1.02453e+04
1.77641e-02 9.98691e+03
2.26842e-02 1.97081e+04
2.76464e-02 1.26602e+04
3.26361e-02 7.99954e+03
3.76229e-02 1.04213e+04
4.26066e-02 4.25700e+03
4.75842e-02 9.95315e+03
5.25722e-02 4.83756e+03
5.75659e-02 5.86975e+03
6.25589e-02 7.92344e+03
6.75629e-02 5.36855e+03
7.25605e-02 3.92013e+03
7.75516e-02 3.48419e+03
8.25500e-02 1.23590e+03
8.75455e-02 6.94343e+02
9.25437e-02 1.60037e+02
9.75415e-02 6.80746e+02
1.02534e-01 2.51152e+03
1.07536e-01 2.41921e+03
1.12540e-01 3.92871e+03
1.17537e-01 7.57688e+02
1.22533e-01 3.97625e+02
1.27534e-01 -2.43554e+02
1.32530e-01 3.01474e+03
1.37531e-01 -7.32715e+02
1.42530e-01 1.97422e+03
1.47526e-01 -2.80449e+02
1.52527e-01 -7.98974e+01
1.57528e-01 2.11379e+03
1.62527e-01 2.13443e+02
1.67526e-01 -4.55179e+02
1.72526e-01 5.71941e+02
1.77526e-01 1.49085e+02
1.82527e-01 2.76708e+02
1.87525e-01 -1.08838e+03
1.92520e-01 -6.14791e+02
1.97516e-01 -1.86901e+03
2.02513e-01 5.80963e+01
2.07516e-01 7.70970e+01
2.12517e-01 1.04840e+02
2.17519e-01 -9.05844e+01
2.22521e-01 -1.25819e+02
2.27519e-01 -3.15119e+02
2.32521e-01 -4.92791e+02
2.37520e-01 -1.04168e+03
2.42520e-01 -2.93275e+02
2.47519e-01 -2.05648e+02
2.52516e-01 -7.64898e+02
2.57514e-01 -1.67119e+02
2.62513e-01 -4.21671e+02
2.67513e-01 -1.99699e+02
2.72514e-01 1.74040e+02
2.77515e-01 -7.52965e+02
2.82516e-01 -1.59604e+03
2.87514e-01 -9.12164e+02
2.92512e-01 -4.92652e+02
2.97514e-01 3.47507e+02
