80 2
k power
3.70544e-03 2.85274e+04
8.00271e-03 5.50575e+04
1.28497e-02 4.71002e+04
1.77641e-02 4.27432e+04
2.26842e-02 3.50973e+04
2.76464e-02 2.99716e+04
3.26361e-02 2.44674e+04
3.76229e-02 2.78023e+04
4.26066e-02 2.63521e+04
4.75842e-02 2.10428e+04
5.25722e-02 1.58021e+04
5.75659e-02 1.61107e+04
6.25589e-02 1.59917e+04
6.75629e-02 1.49691e+04
7.25605e-02 1.20725e+04
7.75516e-02 1.30898e+04
8.25500e-02 1.24006e+04
8.75455e-02 1.07425e+04
9.25437e-02 8.31558e+03
9.75415e-02 7.56730e+03
1.02534e-01 6.61741e+03
1.07536e-01 5.83416e+03
1.12540e-01 6.80612e+03
1.17537e-01 5.83687e+03
1.22533e-01 7.02773e+03
1.27534e-01 5.74698e+03
1.32530e-01 5.47576e+03
1.37531e-01 4.43795e+03
1.42530e-01 4.31691e+03
1.47526e-01 4.17463e+03
1.52527e-01 3.80215e+03
1.57528e-01 3.02164e+03
1.62527e-01 3.23489e+03
1.67526e-01 2.59767e+03
1.72526e-01 2.63527e+03
1.77526e-01 3.10978e+03
1.82527e-01 2.22380e+03
1.87525e-01 1.88089e+03
1.92520e-01 2.08108e+03
1.97516e-01 2.08888e+03
2.02513e-01 2.10390e+03
2.07516e-01 1.45807e+03
2.12517e-01 1.16689e+03
2.17519e-01 1.37352e+03
2.22521e-01 8.13695e+02
2.27519e-01 1.11851e+03
2.32521e-01 5.56984e+02
2.37520e-01 1.02952e+03
2.42520e-01 1.06897e+03
2.47519e-01 8.89898e+02
2.52516e-01 5.61617e+02
2.57514e-01 9.35977e+02
2.62513e-01 6.59867e+02
2.67513e-01 1.04254e+03
2.72514e-01 5.03398e+02
2.77515e-01 1.07022e+03
2.82516e-01 2.90148e+02
2.87514e-01 5.60695e+02
2.92512e-01 1.17653e+03
2.97514e-01 4.79805e+02
3.02516e-01 7.81688e+02
3.07515e-01 -5.25469e+01
3.12512e-01 4.95727e+02
3.17510e-01 5.90930e+02
3.22511e-01 4.32820e+02
3.27512e-01 5.74758e+02
3.32512e-01 5.21938e+02
3.37512e-01 3.82836e+02
3.42513e-01 2.53656e+02
3.47513e-01 2.13164e+02
3.52513e-01 3.21188e+02
3.57513e-01 -1.12164e+02
3.62512e-01 -1.70469e+01
3.67512e-01 3.92211e+02
3.72512e-01 1.25062e+02
3.77511e-01 -1.10375e+02
3.82510e-01 -1.27195e+02
3.87510e-01 2.96734e+02
3.92510e-01 4.28648e+02
3.97510e-01 2.31195e+02
3.70544e-03 1.04985e+04
8.00271e-03 1.48536e+04
1.28497e-02 1.86400e+04
1.77641e-02 1.97442e+04
2.26842e-02 3.06732e+03
2.76464e-02 1.02644e+04
3.26361e-02 8.37327e+03
3.76229e-02 5.83446e+03
4.26066e-02 6.70241e+03
4.75842e-02 3.49625e+02
5.25722e-02 6.46134e+03
5.75659e-02 7.30084e+03
6.25589e-02 7.51647e+03
6.75629e-02 3.15676e+03
7.25605e-02 4.62942e+01
7.75516e-02 1.40468e+03
8.25500e-02 1.95005e+03
8.75455e-02 1.19534e+03
9.25437e-02 7.76761e+02
9.75415e-02 -2.41090e+03
1.02534e-01 1.18887e+03
1.07536e-01 1.70411e+03
1.12540e-01 2.41903e+03
1.17537e-01 1.99517e+03
1.22533e-01 5.14759e+02
1.27534e-01 1.38174e+03
1.32530e-01 3.25448e+03
1.37531e-01 -3.55151e+02
1.42530e-01 -2.49279e+02
1.47526e-01 -7.62711e+02
1.52527e-01 1.91141e+03
1.57528e-01 -5.02963e+02
1.62527e-01 -1.05108e+03
1.67526e-01 1.63076e+03
1.72526e-01 5.41395e+02
1.77526e-01 8.18883e+02
1.82527e-01 3.38625e+02
1.87525e-01 -4.57602e+02
1.92520e-01 2.58278e+02
1.97516e-01 6.74471e+02
2.02513e-01 -1.98829e+02
2.07516e-01 -1.05630e+02
2.12517e-01 1.15239e+03
2.17519e-01 -7.52798e+02
2.22521e-01 9.22062e+02
2.27519e-01 2.65659e+02
2.32521e-01 1.65414e+02
2.37520e-01 1.25027e+02
2.42520e-01 -9.43816e+02
2.47519e-01 -8.11474e+02
2.52516e-01 -1.20413e+03
2.57514e-01 -1.37611e+03
2.62513e-01 -1.01010e+03
2.67513e-01 -1.28484e+02
2.72514e-01 -1.01839e+02
2.77515e-01 -4.31188e+02
2.82516e-01 2.00146e+02
2.87514e-01 -6.25528e+02
2.92512e-01 -8.43149e+01
2.97514e-01 8.50980e+02
3.02516e-01 -3.61951e+01
3.07515e-01 -2.36809e+02
3.12512e-01 3.80759e+02
3.17510e-01 5.29318e+02
3.22511e-01 -6.98899e+02
3.27512e-01 -6.05670e+02
3.32512e-01 -6.49617e+02
3.37512e-01 -5.33693e+02
3.42513e-01 -7.77811e+02
3.47513e-01 -3.36418e+02
3.52513e-01 -8.83031e+02
3.57513e-01 -3.53301e+02
3.62512e-01 2.87336e+02
3.67512e-01 3.42503e+02
3.72512e-01 2.37322e+02
3.77511e-01 3.53180e+01
3.82510e-01 -6.81454e+01
3.87510e-01 1.39047e+02
3.92510e-01 3.06925e+02
3.97510e-01 -4.85624e+01
