59 2
k power
8.05040e-03 2.99310e+04
1.28486e-02 4.79937e+04
1.77516e-02 3.67942e+04
2.26918e-02 4.45067e+04
2.76480e-02 3.56176e+04
3.26126e-02 3.09831e+04
3.76111e-02 2.50313e+04
4.26130e-02 2.07733e+04
4.76051e-02 2.33235e+04
5.25913e-02 2.20676e+04
5.75684e-02 1.89805e+04
6.25625e-02 1.65781e+04
6.75666e-02 1.33197e+04
7.25730e-02 1.38617e+04
7.75647e-02 1.14805e+04
8.25476e-02 9.99120e+03
8.75441e-02 7.30743e+03
9.25437e-02 7.82136e+03
9.75415e-02 9.48619e+03
1.02541e-01 8.75473e+03
1.07542e-01 6.25884e+03
1.12541e-01 5.07999e+03
1.17533e-01 6.91307e+03
1.22524e-01 5.69166e+03
1.27531e-01 5.44868e+03
1.32537e-01 4.39644e+03
1.37532e-01 3.66705e+03
1.42526e-01 3.93780e+03
1.47525e-01 3.72238e+03
1.52527e-01 3.48474e+03
1.57525e-01 3.94415e+03
1.62524e-01 3.12150e+03
1.67524e-01 3.72184e+03
1.72523e-01 3.81792e+03
1.77521e-01 2.67764e+03
1.82521e-01 2.14536e+03
1.87522e-01 2.13165e+03
1.92522e-01 2.25664e+03
1.97522e-01 2.81041e+03
2.02520e-01 2.06988e+03
2.07516e-01 2.18975e+03
2.12515e-01 2.29707e+03
2.17519e-01 1.15866e+03
2.22521e-01 1.83609e+03
2.27520e-01 1.80258e+03
2.32521e-01 1.22186e+03
2.37519e-01 8.92000e+02
2.42517e-01 5.31977e+02
2.47516e-01 4.79516e+02
2.52517e-01 2.90094e+02
2.57519e-01 6.62492e+02
2.62519e-01 1.42563e+03
2.67517e-01 7.81203e+02
2.72515e-01 4.59359e+02
2.77516e-01 9.53102e+02
2.82516e-01 9.16531e+02
2.87515e-01 9.55062e+02
2.92513e-01 2.57883e+02
2.97512e-01 3.71250e+02
8.05040e-03 9.26602e+03
1.28486e-02 -2.14300e+04
1.77516e-02 5.80966e+03
2.26918e-02 1.77270e+04
2.76480e-02 -3.89874e+03
3.26126e-02 5.81978e+03
3.76111e-02 4.14784e+03
4.26130e-02 1.49341e+04
4.76051e-02 2.73706e+03
5.25913e-02 9.54775e+03
5.75684e-02 3.00255e+03
6.25625e-02 9.32271e+03
6.75666e-02 4.10954e+03
7.25730e-02 1.99081e+03
7.75647e-02 8.73234e+03
8.25476e-02 4.23432e+03
8.75441e-02 -3.52480e+02
9.25437e-02 -2.66721e+02
9.75415e-02 -1.01726e+03
1.02541e-01 2.20855e+03
1.07542e-01 5.35823e+03
1.12541e-01 4.05676e+03
1.17533e-01 1.79853e+03
1.22524e-01 -2.00562e+03
1.27531e-01 1.15392e+02
1.32537e-01 2.31459e+03
1.37532e-01 1.07301e+03
1.42526e-01 1.69813e+03
1.47525e-01 3.10780e+03
1.52527e-01 1.29080e+03
1.57525e-01 4.56949e+02
1.62524e-01 8.58950e+02
1.67524e-01 2.22372e+03
1.72523e-01 4.43807e+02
1.77521e-01 -6.38000e+01
1.82521e-01 7.16846e+02
1.87522e-01 -8.87626e+02
1.92522e-01 1.23641e+03
1.97522e-01 -3.19483e+02
2.02520e-01 5.20208e+02
2.07516e-01 -7.38820e+02
2.12515e-01 5.43378e+02
2.17519e-01 -5.28026e+02
2.22521e-01 -4.00140e+02
2.27520e-01 1.36064e+02
2.32521e-01 -3.91191e+01
2.37519e-01 -9.08351e+02
2.42517e-01 8.51291e+01
2.47516e-01 -1.06070e+03
2.52517e-01 -1.22728e+02
2.57519e-01 -5.75713e+02
2.62519e-01 6.04027e+02
2.67517e-01 -4.69832e+02
2.72515e-01 -3.79407e+02
2.77516e-01 4.24946e+02
2.82516e-01 -2.84161e+02
2.87515e-01 2.24120e+02
2.92513e-01 -1.47182e+03
2.97512e-01 4.33342e+02
