80 2
k power
3.70544e-03 2.07928e+04
8.00271e-03 1.61707e+04
1.28497e-02 3.19987e+04
1.77641e-02 3.30755e+04
2.26842e-02 3.02430e+04
2.76464e-02 3.33115e+04
3.26361e-02 3.24633e+04
3.76229e-02 2.72321e+04
4.26066e-02 2.44100e+04
4.75842e-02 1.96047e+04
5.25722e-02 1.74180e+04
5.75659e-02 1.56761e+04
6.25589e-02 1.58461e+04
6.75629e-02 1.55242e+04
7.25605e-02 1.37664e+04
7.75516e-02 1.03082e+04
8.25500e-02 1.05201e+04
8.75455e-02 1.02554e+04
9.25437e-02 9.58258e+03
9.75415e-02 8.69794e+03
1.02534e-01 7.78323e+03
1.07536e-01 6.77073e+03
1.12540e-01 5.76800e+03
1.17537e-01 5.85055e+03
1.22533e-01 4.96597e+03
1.27534e-01 5.49180e+03
1.32530e-01 4.67656e+03
1.37531e-01 4.63049e+03
1.42530e-01 4.30938e+03
1.47526e-01 3.81974e+03
1.52527e-01 3.01587e+03
1.57528e-01 3.38395e+03
1.62527e-01 3.05927e+03
1.67526e-01 3.15672e+03
1.72526e-01 2.68473e+03
1.77526e-01 1.80284e+03
1.82527e-01 2.57697e+03
1.87525e-01 2.00536e+03
1.92520e-01 1.88692e+03
1.97516e-01 2.22729e+03
2.02513e-01 1.74917e+03
2.07516e-01 1.63836e+03
2.12517e-01 1.81027e+03
2.17519e-01 1.50756e+03
2.22521e-01 1.73473e+03
2.27519e-01 1.68907e+03
2.32521e-01 7.61539e+02
2.37520e-01 1.52035e+03
2.42520e-01 1.34070e+03
2.47519e-01 1.60269e+03
2.52516e-01 8.07266e+02
2.57514e-01 1.20745e+03
2.62513e-01 8.50734e+02
2.67513e-01 9.23180e+02
2.72514e-01 6.66859e+02
2.77515e-01 -1.02055e+02
2.82516e-01 4.35648e+02
2.87514e-01 5.02867e+02
2.92512e-01 6.26492e+02
2.97514e-01 5.44438e+02
3.02516e-01 6.64719e+02
3.07515e-01 4.23680e+02
3.12512e-01 5.50227e+02
3.17510e-01 2.95680e+02
3.22511e-01 1.15883e+02
3.27512e-01 4.69938e+02
3.32512e-01 5.35383e+02
3.37512e-01 2.16945e+02
3.42513e-01 1.08383e+02
3.47513e-01 3.95156e+02
3.52513e-01 -3.19297e+01
3.57513e-01 1.23375e+02
3.62512e-01 3.80453e+02
3.67512e-01 5.29141e+01
3.72512e-01 1.13180e+02
3.77511e-01 -2.80516e+02
3.82510e-01 2.97188e+01
3.87510e-01 1.99188e+02
3.92510e-01 6.37109e+01
3.97510e-01 -2.25938e+01
3.70544e-03 -6.99445e+04
8.00271e-03 5.76733e+03
1.28497e-02 1.41848e+03
1.77641e-02 1.97673e+04
2.26842e-02 1.21734e+04
2.76464e-02 4.17379e+03
3.26361e-02 7.84251e+03
3.76229e-02 2.52488e+03
4.26066e-02 7.37960e+03
4.75842e-02 2.91555e+03
5.25722e-02 1.33947e+04
5.75659e-02 4.61410e+03
6.25589e-02 5.53682e+03
6.75629e-02 6.60480e+03
7.25605e-02 5.33765e+03
7.75516e-02 5.77452e+03
8.25500e-02 2.19785e+03
8.75455e-02 3.40463e+03
9.25437e-02 8.79935e+02
9.75415e-02 -1.11571e+03
1.02534e-01 1.86395e+03
1.07536e-01 2.84486e+03
1.12540e-01 1.92733e+03
1.17537e-01 3.11430e+03
1.22533e-01 1.14497e+03
1.27534e-01 5.57663e+02
1.32530e-01 3.89668e+02
1.37531e-01 -4.06049e+02
1.42530e-01 1.99946e+03
1.47526e-01 2.39155e+03
1.52527e-01 -8.51046e+00
1.57528e-01 1.84212e+03
1.62527e-01 6.24157e+02
1.67526e-01 -2.42020e+02
1.72526e-01 7.40247e+02
1.77526e-01 -3.47550e+01
1.82527e-01 -4.17933e+02
1.87525e-01 5.35112e+02
1.92520e-01 -9.68994e+01
1.97516e-01 -3.51352e+02
2.02513e-01 -3.76586e+02
2.07516e-01 1.71630e+02
2.12517e-01 -7.08500e+01
2.17519e-01 -1.52954e+02
2.22521e-01 -1.21562e+03
2.27519e-01 -5.46261e+02
2.32521e-01 -4.72589e+02
2.37520e-01 -1.02256e+03
2.42520e-01 -8.16710e+02
2.47519e-01 -5.15451e+01
2.52516e-01 5.10506e+02
2.57514e-01 -2.91614e+02
2.62513e-01 -8.71284e+02
2.67513e-01 -1.26662e+02
2.72514e-01 3.97325e+02
2.77515e-01 -3.83523e+02
2.82516e-01 -3.17102e+02
2.87514e-01 -7.83384e+02
2.92512e-01 -7.21325e+02
2.97514e-01 -8.30718e+02
3.02516e-01 -7.35602e+02
3.07515e-01 -9.35373e+02
3.12512e-01 2.36950e+02
3.17510e-01 -1.03676e+01
3.22511e-01 -3.96789e+02
3.27512e-01 4.23610e+00
3.32512e-01 -3.27263e+02
3.37512e-01 2.01569e+02
3.42513e-01 -1.70867e+02
3.47513e-01 -2.37127e+02
3.52513e-01 6.35188e+02
3.57513e-01 -4.91401e+02
3.62512e-01 -7.04081e+01
3.67512e-01 2.90614e+02
3.72512e-01 4.60432e+01
3.77511e-01 -5.14682e+02
3.82510e-01 -3.91489e+02
3.87510e-01 1.11105e+02
3.92510e-01 2.80964e+02
3.97510e-01 4.54198e+02
