80 2
k power
3.70544e-03 1.93491e+04
8.00271e-03 4.21193e+04
1.28497e-02 3.65286e+04
1.77641e-02 4.21217e+04
2.26842e-02 3.70610e+04
2.76464e-02 2.90786e+04
3.26361e-02 2.93188e+04
3.76229e-02 2.73904e+04
4.26066e-02 2.55087e+04
4.75842e-02 2.39781e+04
5.25722e-02 1.80864e+04
5.75659e-02 1.74799e+04
6.25589e-02 1.41784e+04
6.75629e-02 1.63173e+04
7.25605e-02 1.38972e+04
7.75516e-02 1.28988e+04
8.25500e-02 9.27573e+03
8.75455e-02 8.59608e+03
9.25437e-02 9.49374e+03
9.75415e-02 8.15179e+03
1.02534e-01 6.31238e+03
1.07536e-01 7.10321e+03
1.12540e-01 6.17740e+03
1.17537e-01 6.42516e+03
1.22533e-01 5.15140e+03
1.27534e-01 4.96885e+03
1.32530e-01 4.39491e+03
1.37531e-01 4.77730e+03
1.42530e-01 5.01763e+03
1.47526e-01 4.65319e+03
1.52527e-01 4.44441e+03
1.57528e-01 2.56475e+03
1.62527e-01 2.19942e+03
1.67526e-01 2.28020e+03
1.72526e-01 2.29738e+03
1.77526e-01 2.50965e+03
1.82527e-01 2.78746e+03
1.87525e-01 2.07194e+03
1.92520e-01 1.71605e+03
1.97516e-01 2.25495e+03
2.02513e-01 1.79685e+03
2.07516e-01 1.78329e+03
2.12517e-01 1.56795e+03
2.17519e-01 1.58723e+03
2.22521e-01 1.33145e+03
2.27519e-01 1.26838e+03
2.32521e-01 1.64452e+03
2.37520e-01 1.72709e+03
2.42520e-01 1.20244e+03
2.47519e-01 1.28423e+03
2.52516e-01 1.35930e+03
2.57514e-01 1.03376e+03
2.62513e-01 3.91453e+02
2.67513e-01 8.34750e+02
2.72514e-01 6.14281e+02
2.77515e-01 9.60109e+02
2.82516e-01 7.10914e+02
2.87514e-01 1.04930e+03
2.92512e-01 3.11562e+02
2.97514e-01 7.07531e+02
3.02516e-01 2.86141e+02
3.07515e-01 4.35492e+02
3.12512e-01 8.00719e+02
3.17510e-01 7.30352e+02
3.22511e-01 3.12477e+02
3.27512e-01 5.37805e+02
3.32512e-01 4.27914e+02
3.37512e-01 -1.85469e+01
3.42513e-01 3.82844e+02
3.47513e-01 1.36664e+02
3.52513e-01 4.23367e+02
3.57513e-01 2.89359e+02
3.62512e-01 3.69688e+02
3.67512e-01 3.20852e+02
3.72512e-01 9.68750e+00
3.77511e-01 -4.35156e+01
3.82510e-01 3.19297e+01
3.87510e-01 9.32734e+01
3.92510e-01 9.57031e+01
3.97510e-01 1.35086e+02
3.70544e-03 -6.70585e+04
8.00271e-03 -9.76826e+03
1.28497e-02 1.77598e+04
1.77641e-02 1.37249e+04
2.26842e-02 1.71901e+04
2.76464e-02 2.57536e+04
3.26361e-02 1.88326e+03
3.76229e-02 1.57482e+04
4.26066e-02 1.00664e+04
4.75842e-02 9.66965e+03
5.25722e-02 9.18751e+03
5.75659e-02 3.04244e+03
6.25589e-02 3.76759e+03
6.75629e-02 5.92154e+03
7.25605e-02 3.06929e+03
7.75516e-02 6.82996e+03
8.25500e-02 5.61023e+03
8.75455e-02 2.06081e+03
9.25437e-02 7.21793e+01
9.75415e-02 -1.43907e+03
1.02534e-01 -1.32247e+03
1.07536e-01 -1.92086e+02
1.12540e-01 2.00033e+03
1.17537e-01 3.88365e+02
1.22533e-01 1.20980e+03
1.27534e-01 -1.79299e+03
1.32530e-01 2.17745e+03
1.37531e-01 1.52648e+03
1.42530e-01 4.01791e+02
1.47526e-01 -2.41593e+03
1.52527e-01 -3.83938e+02
1.57528e-01 -1.41019e+03
1.62527e-01 -1.27811e+03
1.67526e-01 8.93388e+01
1.72526e-01 -7.03619e+02
1.77526e-01 -1.80163e+03
1.82527e-01 -2.19140e+03
1.87525e-01 -1.37032e+03
1.92520e-01 -5.53904e+02
1.97516e-01 -1.38903e+03
2.02513e-01 -1.66153e+03
2.07516e-01 -2.00776e+02
2.12517e-01 5.48360e+02
2.17519e-01 4.32369e+02
2.22521e-01 1.48957e+02
2.27519e-01 -5.41356e+02
2.32521e-01 -3.27469e+02
2.37520e-01 -1.33751e+03
2.42520e-01 -1.33663e+03
2.47519e-01 -3.95023e+01
2.52516e-01 -1.53131e+03
2.57514e-01 -5.83641e+02
2.62513e-01 -2.15674e+02
2.67513e-01 -1.06374e+03
2.72514e-01 -9.53821e+01
2.77515e-01 -4.19216e+02
2.82516e-01 -1.09027e+03
2.87514e-01 -1.11585e+03
2.92512e-01 -4.39764e+02
2.97514e-01 -6.59227e+02
3.02516e-01 3.38054e+02
3.07515e-01 -5.45071e+02
3.12512e-01 -1.39527e+03
3.17510e-01 -5.12111e+02
3.22511e-01 -2.21698e+02
3.27512e-01 -5.38544e+02
3.32512e-01 2.61849e+02
3.37512e-01 -9.33131e+02
3.42513e-01 -3.65330e+02
3.47513e-01 -1.52901e+03
3.52513e-01 -1.26994e+03
3.57513e-01 -3.99908e+02
3.62512e-01 -5.32669e+02
3.67512e-01 2.50374e+02
3.72512e-01 8.00374e+02
3.77511e-01 1.56012e+02
3.82510e-01 -1.72942e+02
3.87510e-01 2.70406e+02
3.92510e-01 6.44962e+02
3.97510e-01 -3.14910e+02
