80 2
k power
3.75378e-03 -2.93891e+02
8.05040e-03 2.27857e+04
1.28486e-02 3.95621e+04
1.77516e-02 3.84771e+04
2.26918e-02 3.34720e+04
2.76480e-02 3.06838e+04
3.26126e-02 2.75118e+04
3.76111e-02 2.32515e+04
4.26130e-02 2.28270e+04
4.76051e-02 2.27028e+04
5.25913e-02 2.22880e+04
5.75684e-02 1.89738e+04
6.25625e-02 1.61064e+04
6.75666e-02 1.55716e+04
7.25730e-02 1.53371e+04
7.75647e-02 1.19579e+04
8.25476e-02 1.18486e+04
8.75441e-02 1.07097e+04
9.25437e-02 8.66864e+03
9.75415e-02 7.92927e+03
1.02541e-01 9.44227e+03
1.07542e-01 7.61848e+03
1.12541e-01 6.95555e+03
1.17533e-01 6.25930e+03
1.22524e-01 5.26570e+03
1.27531e-01 6.40955e+03
1.32537e-01 4.91848e+03
1.37532e-01 4.98624e+03
1.42526e-01 4.81720e+03
1.47525e-01 3.49629e+03
1.52527e-01 3.76910e+03
1.57525e-01 3.98588e+03
1.62524e-01 2.77671e+03
1.67524e-01 2.97077e+03
1.72523e-01 2.70778e+03
1.77521e-01 2.59884e+03
1.82521e-01 2.37338e+03
1.87522e-01 2.95593e+03
1.92522e-01 2.07410e+03
1.97522e-01 2.35123e+03
2.02520e-01 1.81500e+03
2.07516e-01 2.04533e+03
2.12515e-01 1.64722e+03
2.17519e-01 1.31602e+03
2.22521e-01 1.36498e+03
2.27520e-01 1.34345e+03
2.32521e-01 1.24081e+03
2.37519e-01 1.17936e+03
2.42517e-01 1.05914e+03
2.47516e-01 4.18820e+02
2.52517e-01 1.16478e+03
2.57519e-01 9.93367e+02
2.62519e-01 1.03871e+03
2.67517e-01 1.25362e+03
2.72515e-01 7.02719e+02
2.77516e-01 7.72961e+02
2.82516e-01 3.60156e+02
2.87515e-01 6.90414e+02
2.92513e-01 3.06836e+02
2.97512e-01 2.40281e+02
3.02513e-01 3.21297e+02
3.07511e-01 6.36367e+02
3.12511e-01 3.28219e+02
3.17513e-01 7.59781e+02
3.22513e-01 1.15208e+03
3.27512e-01 9.36797e+02
3.32509e-01 5.68820e+02
3.37510e-01 3.14883e+02
3.42513e-01 5.40664e+02
3.47514e-01 4.77180e+02
3.52514e-01 -7.23438e+00
3.57512e-01 2.59891e+02
3.62512e-01 -4.92266e+01
3.67512e-01 -1.40836e+02
3.72510e-01 3.88078e+02
3.77511e-01 4.68359e+01
3.82512e-01 -7.29609e+01
3.87512e-01 4.95945e+02
3.92510e-01 4.92664e+02
3.97510e-01 5.63672e+01
3.75378e-03 2.48728e+04
8.05040e-03 -8.24062e+03
1.28486e-02 -2.45588e+04
1.77516e-02 5.37054e+03
2.26918e-02 1.43625e+03
2.76480e-02 1.03196e+04
3.26126e-02 1.49499e+04
3.76111e-02 1.54478e+04
4.26130e-02 6.97912e+03
4.76051e-02 5.79509e+01
5.25913e-02 6.25932e+03
5.75684e-02 1.23060e+04
6.25625e-02 1.03196e+04
6.75666e-02 1.05650e+03
7.25730e-02 2.17313e+03
7.75647e-02 4.15118e+03
8.25476e-02 3.84037e+03
8.75441e-02 2.24308e+03
9.25437e-02 5.09162e+03
9.75415e-02 6.01988e+03
1.02541e-01 3.90457e+03
1.07542e-01 3.98442e+03
1.12541e-01 3.61117e+03
1.17533e-01 3.81215e+03
1.22524e-01 2.15143e+03
1.27531e-01 1.09155e+03
1.32537e-01 1.95711e+03
1.37532e-01 1.85908e+02
1.42526e-01 7.12443e+02
1.47525e-01 2.78347e+03
1.52527e-01 1.70244e+03
1.57525e-01 1.13168e+03
1.62524e-01 1.06646e+03
1.67524e-01 1.58188e+03
1.72523e-01 2.19184e+03
1.77521e-01 -8.13470e+02
1.82521e-01 1.87438e+02
1.87522e-01 3.28866e+02
1.92522e-01 9.55591e+02
1.97522e-01 8.88267e+02
2.02520e-01 2.14554e+02
2.07516e-01 2.70093e+03
2.12515e-01 1.58025e+03
2.17519e-01 9.62764e+02
2.22521e-01 6.74197e+02
2.27520e-01 -1.86230e+03
2.32521e-01 -6.51010e+02
2.37519e-01 1.32607e+03
2.42517e-01 -6.48659e+02
2.47516e-01 -9.34483e+02
2.52517e-01 -1.11034e+03
2.57519e-01 -1.01013e+03
2.62519e-01 -9.21341e+02
2.67517e-01 9.81943e+02
2.72515e-01 7.26387e+02
2.77516e-01 1.02051e+02
2.82516e-01 -1.99396e+02
2.87515e-01 -3.10064e+02
2.92513e-01 -4.38049e+02
2.97512e-01 -1.41141e+02
3.02513e-01 -1.55917e+02
3.07511e-01 8.35237e+02
3.12511e-01 1.18874e+03
3.17513e-01 8.99629e+02
3.22513e-01 -3.94345e+01
3.27512e-01 -3.67273e+02
3.32509e-01 -3.12547e+02
3.37510e-01 -1.11873e+03
3.42513e-01 7.66006e+02
3.47514e-01 4.66303e+02
3.52514e-01 8.40085e+02
3.57512e-01 2.43334e+02
3.62512e-01 4.93612e+02
3.67512e-01 -4.18132e+02
3.72510e-01 -8.39959e+02
3.77511e-01 -6.64167e+02
3.82512e-01 -2.40917e+01
3.87512e-01 -6.46714e+00
3.92510e-01 2.18489e+02
3.97510e-01 -3.94943e+02
