80 2
k power
3.70544e-03 7.67822e+04
8.00271e-03 7.24909e+04
1.28497e-02 3.96099e+04
1.77641e-02 3.15255e+04
2.26842e-02 3.39094e+04
2.76464e-02 3.16154e+04
3.26361e-02 2.64057e+04
3.76229e-02 2.58316e+04
4.26066e-02 2.33878e+04
4.75842e-02 2.02411e+04
5.25722e-02 1.56820e+04
5.75659e-02 1.58928e+04
6.25589e-02 1.51013e+04
6.75629e-02 1.26746e+04
7.25605e-02 1.32332e+04
7.75516e-02 1.30820e+04
8.25500e-02 1.22334e+04
8.75455e-02 1.05898e+04
9.25437e-02 9.39610e+03
9.75415e-02 7.58223e+03
1.02534e-01 6.99503e+03
1.07536e-01 6.25392e+03
1.12540e-01 4.90482e+03
1.17537e-01 5.68895e+03
1.22533e-01 5.21247e+03
1.27534e-01 4.15787e+03
1.32530e-01 4.58891e+03
1.37531e-01 4.04632e+03
1.42530e-01 4.84002e+03
1.47526e-01 3.92271e+03
1.52527e-01 3.89333e+03
1.57528e-01 2.96961e+03
1.62527e-01 3.28909e+03
1.67526e-01 2.85623e+03
1.72526e-01 2.79366e+03
1.77526e-01 2.45655e+03
1.82527e-01 1.84429e+03
1.87525e-01 2.45925e+03
1.92520e-01 2.31248e+03
1.97516e-01 1.84121e+03
2.02513e-01 2.13438e+03
2.07516e-01 1.47695e+03
2.12517e-01 1.25575e+03
2.17519e-01 1.63964e+03
2.22521e-01 1.51159e+03
2.27519e-01 1.48085e+03
2.32521e-01 1.44768e+03
2.37520e-01 1.51027e+03
2.42520e-01 1.21249e+03
2.47519e-01 1.09666e+03
2.52516e-01 1.01484e+03
2.57514e-01 7.85484e+02
2.62513e-01 6.66398e+02
2.67513e-01 6.29148e+02
2.72514e-01 1.00662e+03
2.77515e-01 7.60367e+02
2.82516e-01 5.21742e+02
2.87514e-01 6.99859e+02
2.92512e-01 5.10570e+02
2.97514e-01 5.71109e+02
3.02516e-01 3.56375e+02
3.07515e-01 4.20891e+02
3.12512e-01 3.45977e+02
3.17510e-01 5.02023e+02
3.22511e-01 4.36477e+02
3.27512e-01 1.67352e+02
3.32512e-01 4.28031e+02
3.37512e-01 4.32023e+02
3.42513e-01 1.50039e+02
3.47513e-01 2.47188e+01
3.52513e-01 3.82953e+02
3.57513e-01 5.10922e+02
3.62512e-01 1.61047e+02
3.67512e-01 1.87109e+02
3.72512e-01 3.14695e+02
3.77511e-01 1.86516e+02
3.82510e-01 3.08234e+02
3.87510e-01 1.93398e+02
3.92510e-01 1.85039e+02
3.97510e-01 2.00172e+02
3.70544e-03 -2.61160e+03
8.00271e-03 4.29756e+04
1.28497e-02 1.51328e+04
1.77641e-02 1.57979e+04
2.26842e-02 1.99977e+04
2.76464e-02 5.17944e+02
3.26361e-02 1.39940e+03
3.76229e-02 1.05058e+04
4.26066e-02 2.17580e+03
4.75842e-02 3.84390e+03
5.25722e-02 7.67220e+03
5.75659e-02 5.04433e+03
6.25589e-02 4.35942e+03
6.75629e-02 1.29220e+03
7.25605e-02 6.06662e+03
7.75516e-02 4.17476e+03
8.25500e-02 2.87700e+03
8.75455e-02 2.43005e+03
9.25437e-02 4.38782e+03
9.75415e-02 3.18224e+03
1.02534e-01 3.42156e+03
1.07536e-01 1.31447e+03
1.12540e-01 3.32809e+03
1.17537e-01 2.34302e+03
1.22533e-01 1.20001e+03
1.27534e-01 -4.75665e+02
1.32530e-01 2.19477e+03
1.37531e-01 1.91347e+03
1.42530e-01 1.87749e+03
1.47526e-01 -3.07572e+00
1.52527e-01 -7.63323e+02
1.57528e-01 1.02795e+03
1.62527e-01 2.06451e+03
1.67526e-01 9.23351e+02
1.72526e-01 3.16076e+03
1.77526e-01 7.84607e+02
1.82527e-01 -1.20532e+02
1.87525e-01 4.76044e+01
1.92520e-01 5.89481e+02
1.97516e-01 -6.75735e+02
2.02513e-01 1.26065e+03
2.07516e-01 1.92794e+02
2.12517e-01 -9.61139e+01
2.17519e-01 3.60112e+02
2.22521e-01 9.39478e+02
2.27519e-01 7.40121e+02
2.32521e-01 -1.15672e+01
2.37520e-01 8.81839e+02
2.42520e-01 1.34723e+02
2.47519e-01 2.45672e+02
2.52516e-01 -1.94229e+02
2.57514e-01 7.46346e+02
2.62513e-01 5.26785e+02
2.67513e-01 2.11953e+02
2.72514e-01 5.47554e+02
2.77515e-01 4.45241e+00
2.82516e-01 5.31742e+02
2.87514e-01 -5.93635e+02
2.92512e-01 -8.36823e+02
2.97514e-01 -3.76007e+02
3.02516e-01 -6.72734e+01
3.07515e-01 -4.77655e+02
3.12512e-01 -3.52894e+02
3.17510e-01 -3.32998e+02
3.22511e-01 -4.05255e+02
3.27512e-01 -4.47973e+02
3.32512e-01 5.37905e+02
3.37512e-01 7.90400e+02
3.42513e-01 1.35099e+02
3.47513e-01 7.44577e+02
3.52513e-01 3.53850e+02
3.57513e-01 2.74180e+02
3.62512e-01 -2.36479e+02
3.67512e-01 1.77198e+02
3.72512e-01 -2.36815e+02
3.77511e-01 2.83714e+02
3.82510e-01 4.38875e+01
3.87510e-01 -3.61854e+02
3.92510e-01 3.48703e+01
3.97510e-01 -3.54301e+02
