60 2
k power
3.70544e-03 2.39091e+04
8.00271e-03 4.61101e+04
1.28497e-02 2.32443e+04
1.77641e-02 3.28210e+04
2.26842e-02 4.29566e+04
2.76464e-02 2.94742e+04
3.26361e-02 3.24313e+04
3.76229e-02 2.73346e+04
4.26066e-02 2.53149e+04
4.75842e-02 2.23619e+04
5.25722e-02 1.79809e+04
5.75659e-02 1.73135e+04
6.25589e-02 1.56950e+04
6.75629e-02 1.46406e+04
7.25605e-02 1.28476e+04
7.75516e-02 1.19353e+04
8.25500e-02 1.17984e+04
8.75455e-02 1.04229e+04
9.25437e-02 9.09973e+03
9.75415e-02 7.65476e+03
1.02534e-01 7.63675e+03
1.07536e-01 6.64916e+03
1.12540e-01 6.09909e+03
1.17537e-01 5.96891e+03
1.22533e-01 6.34560e+03
1.27534e-01 5.85935e+03
1.32530e-01 5.65285e+03
1.37531e-01 4.91902e+03
1.42530e-01 5.20362e+03
1.47526e-01 4.16543e+03
1.52527e-01 3.80034e+03
1.57528e-01 3.50858e+03
1.62527e-01 2.71188e+03
1.67526e-01 2.80595e+03
1.72526e-01 2.85255e+03
1.77526e-01 2.05046e+03
1.82527e-01 2.42619e+03
1.87525e-01 1.54058e+03
1.92520e-01 2.58148e+03
1.97516e-01 2.43919e+03
2.02513e-01 1.68973e+03
2.07516e-01 1.66812e+03
2.12517e-01 1.76158e+03
2.17519e-01 1.69825e+03
2.22521e-01 1.70474e+03
2.27519e-01 1.76627e+03
2.32521e-01 1.14706e+03
2.37520e-01 1.04576e+03
2.42520e-01 9.44242e+02
2.47519e-01 1.33852e+03
2.52516e-01 4.50578e+02
2.57514e-01 6.58305e+02
2.62513e-01 9.11336e+02
2.67513e-01 5.03273e+02
2.72514e-01 8.10383e+02
2.77515e-01 9.27422e+01
2.82516e-01 5.42117e+02
2.87514e-01 8.37422e+01
2.92512e-01 2.97070e+02
2.97514e-01 2.25828e+02
3.70544e-03 -1.84268e+04
8.00271e-03 -5.52574e+03
1.28497e-02 3.31709e+03
1.77641e-02 1.23423e+04
2.26842e-02 1.32227e+04
2.76464e-02 9.35078e+03
3.26361e-02 2.92185e+03
3.76229e-02 1.02816e+04
4.26066e-02 8.11208e+03
4.75842e-02 3.11040e+03
5.25722e-02 8.68838e+03
5.75659e-02 3.96613e+03
6.25589e-02 8.67012e+03
6.75629e-02 8.19537e+03
7.25605e-02 1.11639e+04
7.75516e-02 2.54382e+03
8.25500e-02 1.37381e+03
8.75455e-02 1.37051e+03
9.25437e-02 -2.98924e+02
9.75415e-02 1.47235e+03
1.02534e-01 2.06404e+03
1.07536e-01 -1.06968e+03
1.12540e-01 1.66001e+03
1.17537e-01 3.75100e+02
1.22533e-01 1.96874e+03
1.27534e-01 2.40208e+03
1.32530e-01 8.79288e+02
1.37531e-01 -2.22682e+02
1.42530e-01 9.54701e+02
1.47526e-01 -6.09274e+02
1.52527e-01 9.86806e+02
1.57528e-01 1.31408e+03
1.62527e-01 -5.10641e+02
1.67526e-01 1.21143e+02
1.72526e-01 7.28978e+02
1.77526e-01 1.65697e+03
1.82527e-01 7.52792e+02
1.87525e-01 -1.51388e+03
1.92520e-01 9.33670e+01
1.97516e-01 1.44143e+03
2.02513e-01 1.18356e+02
2.07516e-01 -1.94295e+02
2.12517e-01 -1.18734e+03
2.17519e-01 -3.71356e+02
2.22521e-01 3.29645e+01
2.27519e-01 2.79139e+02
2.32521e-01 -1.36290e+03
2.37520e-01 -1.14402e+03
2.42520e-01 6.37902e+02
2.47519e-01 3.71622e+02
2.52516e-01 1.82153e+03
2.57514e-01 5.36632e+02
2.62513e-01 3.56806e+02
2.67513e-01 7.06227e+02
2.72514e-01 4.73585e+02
2.77515e-01 6.87954e+02
2.82516e-01 2.29432e+02
2.87514e-01 -2.23837e+02
2.92512e-01 -8.19432e+02
2.97514e-01 -5.76233e+02
