59 2
k power
8.00271e-03 1.90458e+04
1.28497e-02 2.44501e+04
1.77641e-02 3.08233e+04
2.26842e-02 3.67163e+04
2.76464e-02 3.65726e+04
3.26361e-02 2.95234e+04
3.76229e-02 2.20522e+04
4.26066e-02 2.10772e+04
4.75842e-02 2.02036e+04
5.25722e-02 1.87634e+04
5.75659e-02 1.65478e+04
6.25589e-02 1.52161e+04
6.75629e-02 1.60587e+04
7.25605e-02 1.36697e+04
7.75516e-02 1.36177e+04
8.25500e-02 1.12896e+04
8.75455e-02 9.60391e+03
9.25437e-02 7.96238e+03
9.75415e-02 7.81084e+03
1.02534e-01 6.70909e+03
1.07536e-01 5.87853e+03
1.12540e-01 6.45256e+03
1.17537e-01 5.11941e+03
1.22533e-01 5.13618e+03
1.27534e-01 5.38142e+03
1.32530e-01 4.88155e+03
1.37531e-01 6.02205e+03
1.42530e-01 4.00270e+03
1.47526e-01 3.84166e+03
1.52527e-01 2.73716e+03
1.57528e-01 3.60075e+03
1.62527e-01 3.14468e+03
1.67526e-01 2.53162e+03
1.72526e-01 2.52265e+03
1.77526e-01 1.68499e+03
1.82527e-01 1.42341e+03
1.87525e-01 2.10880e+03
1.92520e-01 2.11570e+03
1.97516e-01 1.96155e+03
2.02513e-01 1.85094e+03
2.07516e-01 2.09278e+03
2.12517e-01 1.93747e+03
2.17519e-01 1.52457e+03
2.22521e-01 1.49459e+03
2.27519e-01 1.07988e+03
2.32521e-01 1.57244e+03
2.37520e-01 1.05495e+03
2.42520e-01 8.41375e+02
2.47519e-01 1.34646e+03
2.52516e-01 8.12422e+02
2.57514e-01 7.73656e+02
2.62513e-01 7.31539e+02
2.67513e-01 8.02523e+02
2.72514e-01 3.97141e+02
2.77515e-01 3.62945e+02
2.82516e-01 5.47453e+02
2.87514e-01 7.36383e+02
2.92512e-01 6.15508e+02
2.97514e-01 4.31172e+02
8.00271e-03 -4.27645e+03
1.28497e-02 2.68667e+04
1.77641e-02 4.82692e+02
2.26842e-02 1.41736e+04
2.76464e-02 2.37630e+04
3.26361e-02 2.17698e+04
3.76229e-02 6.50563e+03
4.26066e-02 1.87432e+03
4.75842e-02 3.46880e+03
5.25722e-02 4.61833e+03
5.75659e-02 8.66813e+03
6.25589e-02 5.29936e+03
6.75629e-02 5.54373e+03
7.25605e-02 4.89051e+03
7.75516e-02 1.68582e+02
8.25500e-02 5.94746e+03
8.75455e-02 8.24545e+02
9.25437e-02 4.06821e+03
9.75415e-02 4.66325e+03
1.02534e-01 4.06341e+03
1.07536e-01 3.35418e+03
1.12540e-01 3.23636e+03
1.17537e-01 1.68343e+03
1.22533e-01 -1.02024e+03
1.27534e-01 -9.12887e+02
1.32530e-01 3.09587e+03
1.37531e-01 2.47973e+03
1.42530e-01 6.59976e+02
1.47526e-01 8.86866e+02
1.52527e-01 1.77155e+03
1.57528e-01 -2.04880e+02
1.62527e-01 -2.97336e+02
1.67526e-01 1.44105e+03
1.72526e-01 6.48230e+02
1.77526e-01 1.15269e+03
1.82527e-01 5.70334e+02
1.87525e-01 4.76455e+01
1.92520e-01 -5.12473e+02
1.97516e-01 -1.04079e+02
2.02513e-01 -2.54300e+02
2.07516e-01 -1.80113e+03
2.12517e-01 -4.02012e+02
2.17519e-01 2.89729e+02
2.22521e-01 1.28801e+02
2.27519e-01 -7.51849e+02
2.32521e-01 -8.93635e+01
2.37520e-01 -1.41782e+03
2.42520e-01 3.38535e+02
2.47519e-01 -2.08775e+02
2.52516e-01 1.92520e+02
2.57514e-01 3.15223e+02
2.62513e-01 6.29938e+02
2.67513e-01 -2.41862e+02
2.72514e-01 -6.92610e+02
2.77515e-01 -4.15004e+02
2.82516e-01 -4.49677e+01
2.87514e-01 -7.06381e+02
2.92512e-01 -8.49883e+02
2.97514e-01 -6.97660e+02
