60 2
k power
3.75378e-03 4.33711e+04
8.05040e-03 4.41283e+04
1.28486e-02 5.90345e+04
1.77516e-02 4.20558e+04
2.26918e-02 3.26300e+04
2.76480e-02 2.90350e+04
3.26126e-02 2.58152e+04
3.76111e-02 2.37455e+04
4.26130e-02 2.14369e+04
4.76051e-02 2.03961e+04
5.25913e-02 1.88963e+04
5.75684e-02 1.45206e+04
6.25625e-02 1.61682e+04
6.75666e-02 1.73001e+04
7.25730e-02 1.36352e+04
7.75647e-02 1.09007e+04
8.25476e-02 1.00106e+04
8.75441e-02 9.86109e+03
9.25437e-02 9.30618e+03
9.75415e-02 7.76301e+03
1.02541e-01 7.59010e+03
1.07542e-01 6.39253e+03
1.12541e-01 5.38656e+03
1.17533e-01 5.92942e+03
1.22524e-01 5.39802e+03
1.27531e-01 5.42725e+03
1.32537e-01 5.16200e+03
1.37532e-01 4.00327e+03
1.42526e-01 4.14748e+03
1.47525e-01 3.32523e+03
1.52527e-01 3.73991e+03
1.57525e-01 2.99390e+03
1.62524e-01 3.36020e+03
1.67524e-01 3.14655e+03
1.72523e-01 2.36029e+03
1.77521e-01 1.20516e+03
1.82521e-01 1.21077e+03
1.87522e-01 1.66524e+03
1.92522e-01 1.74647e+03
1.97522e-01 1.81954e+03
2.02520e-01 2.41933e+03
2.07516e-01 2.31897e+03
2.12515e-01 2.09127e+03
2.17519e-01 2.15448e+03
2.22521e-01 1.52770e+03
2.27520e-01 1.01110e+03
2.32521e-01 9.81500e+02
2.37519e-01 1.27087e+03
2.42517e-01 1.22325e+03
2.47516e-01 1.23544e+03
2.52517e-01 7.25148e+02
2.57519e-01 3.74008e+02
2.62519e-01 6.97117e+02
2.67517e-01 9.46562e+02
2.72515e-01 4.33742e+02
2.77516e-01 5.61836e+02
2.82516e-01 5.40773e+02
2.87515e-01 4.80414e+02
2.92513e-01 6.70508e+02
2.97512e-01 3.99984e+02
3.75378e-03 1.08397e+05
8.05040e-03 4.32314e+04
1.28486e-02 6.30696e+04
1.77516e-02 8.42278e+04
2.26918e-02 2.56653e+04
2.76480e-02 1.70626e+04
3.26126e-02 2.32315e+04
3.76111e-02 5.76046e+03
4.26130e-02 -5.55581e+02
4.76051e-02 -3.78665e+03
5.25913e-02 2.67084e+03
5.75684e-02 -1.69180e+03
6.25625e-02 -1.42136e+03
6.75666e-02 1.02129e+04
7.25730e-02 -1.70976e+03
7.75647e-02 2.32448e+02
8.25476e-02 4.53769e+03
8.75441e-02 2.54134e+03
9.25437e-02 4.03381e+03
9.75415e-02 -4.23684e+03
1.02541e-01 -1.59268e+03
1.07542e-01 3.05064e+02
1.12541e-01 3.04914e+03
1.17533e-01 1.67288e+03
1.22524e-01 5.24105e+02
1.27531e-01 -1.18114e+03
1.32537e-01 5.25161e+02
1.37532e-01 1.69935e+03
1.42526e-01 -9.49931e+02
1.47525e-01 -3.46953e+03
1.52527e-01 1.16588e+02
1.57525e-01 8.63097e+02
1.62524e-01 -1.44970e+03
1.67524e-01 9.43292e+02
1.72523e-01 2.01093e+03
1.77521e-01 2.86621e+02
1.82521e-01 -7.59720e+02
1.87522e-01 1.19695e+03
1.92522e-01 1.49533e+03
1.97522e-01 1.85432e+03
2.02520e-01 -3.84466e+02
2.07516e-01 7.33263e+02
2.12515e-01 -3.49311e+02
2.17519e-01 -1.02596e+03
2.22521e-01 4.52987e+02
2.27520e-01 5.25156e+02
2.32521e-01 -4.77835e+02
2.37519e-01 -6.83824e+02
2.42517e-01 1.98479e+02
2.47516e-01 -7.30103e+02
2.52517e-01 7.32276e+02
2.57519e-01 2.56229e+02
2.62519e-01 3.52862e+02
2.67517e-01 -6.00723e+02
2.72515e-01 -5.40343e+02
2.77516e-01 9.47370e+02
2.82516e-01 1.14663e+03
2.87515e-01 1.72596e+02
2.92513e-01 -3.12783e+01
2.97512e-01 -1.26039e+02
