80 2
k power
3.75378e-03 4.65667e+04
8.05040e-03 3.34844e+04
1.28486e-02 4.00694e+04
1.77516e-02 3.83891e+04
2.26918e-02 3.06981e+04
2.76480e-02 2.24435e+04
3.26126e-02 2.33679e+04
3.76111e-02 2.44544e+04
4.26130e-02 2.01614e+04
4.76051e-02 2.21958e+04
5.25913e-02 2.04363e+04
5.75684e-02 1.74346e+04
6.25625e-02 1.57479e+04
6.75666e-02 1.44054e+04
7.25730e-02 1.35239e+04
7.75647e-02 1.27841e+04
8.25476e-02 1.12415e+04
8.75441e-02 9.72204e+03
9.25437e-02 9.64065e+03
9.75415e-02 1.02419e+04
1.02541e-01 8.13251e+03
1.07542e-01 6.69038e+03
1.12541e-01 4.46066e+03
1.17533e-01 4.14805e+03
1.22524e-01 4.71463e+03
1.27531e-01 5.48627e+03
1.32537e-01 5.40177e+03
1.37532e-01 5.10412e+03
1.42526e-01 4.62166e+03
1.47525e-01 4.27258e+03
1.52527e-01 4.62952e+03
1.57525e-01 3.83226e+03
1.62524e-01 3.03220e+03
1.67524e-01 3.01559e+03
1.72523e-01 2.31409e+03
1.77521e-01 2.50719e+03
1.82521e-01 2.79859e+03
1.87522e-01 2.41541e+03
1.92522e-01 2.90720e+03
1.97522e-01 2.30976e+03
2.02520e-01 2.29948e+03
2.07516e-01 2.50015e+03
2.12515e-01 2.82648e+03
2.17519e-01 1.63673e+03
2.22521e-01 2.24819e+03
2.27520e-01 1.94737e+03
2.32521e-01 1.82335e+03
2.37519e-01 1.92514e+03
2.42517e-01 1.37731e+03
2.47516e-01 1.51191e+03
2.52517e-01 1.63094e+03
2.57519e-01 1.08371e+03
2.62519e-01 8.03484e+02
2.67517e-01 1.55548e+03
2.72515e-01 7.46141e+02
2.77516e-01 9.73320e+02
2.82516e-01 7.07930e+02
2.87515e-01 4.61125e+02
2.92513e-01 6.15430e+02
2.97512e-01 8.86602e+02
3.02513e-01 8.95070e+02
3.07511e-01 7.60844e+02
3.12511e-01 9.77906e+02
3.17513e-01 8.09430e+02
3.22513e-01 1.04518e+03
3.27512e-01 6.28078e+02
3.32509e-01 9.10445e+02
3.37510e-01 4.30602e+02
3.42513e-01 6.32266e+02
3.47514e-01 8.33695e+02
3.52514e-01 1.26734e+02
3.57512e-01 9.18984e+01
3.62512e-01 2.68984e+01
3.67512e-01 1.27461e+02
3.72510e-01 4.31766e+02
3.77511e-01 2.02484e+02
3.82512e-01 1.57500e+02
3.87512e-01 4.41531e+02
3.92510e-01 3.78750e+02
3.97510e-01 1.99773e+02
3.75378e-03 1.65466e+04
8.05040e-03 5.87525e+04
1.28486e-02 1.81248e+04
1.77516e-02 6.84156e+03
2.26918e-02 2.36778e+04
2.76480e-02 1.66690e+04
3.26126e-02 -4.55559e+03
3.76111e-02 1.57362e+04
4.26130e-02 1.71505e+04
4.76051e-02 -3.41281e+03
5.25913e-02 6.84856e+03
5.75684e-02 7.67155e+03
6.25625e-02 3.28897e+03
6.75666e-02 9.41309e+03
7.25730e-02 7.23110e+03
7.75647e-02 5.09677e+03
8.25476e-02 4.13991e+03
8.75441e-02 3.29422e+03
9.25437e-02 -8.93638e+02
9.75415e-02 6.26480e+03
1.02541e-01 4.38439e+03
1.07542e-01 2.16099e+03
1.12541e-01 2.95168e+03
1.17533e-01 3.29007e+03
1.22524e-01 7.05636e+03
1.27531e-01 5.56606e+03
1.32537e-01 2.25111e+03
1.37532e-01 3.11924e+03
1.42526e-01 3.94353e+03
1.47525e-01 1.03933e+03
1.52527e-01 3.10950e+03
1.57525e-01 1.52683e+03
1.62524e-01 -1.18572e+03
1.67524e-01 -1.49029e+03
1.72523e-01 1.52303e+03
1.77521e-01 -5.51731e+02
1.82521e-01 1.54827e+02
1.87522e-01 1.03559e+03
1.92522e-01 5.66470e+01
1.97522e-01 1.25006e+02
2.02520e-01 -6.74266e+02
2.07516e-01 1.42802e+02
2.12515e-01 -1.86215e+03
2.17519e-01 -8.71846e+02
2.22521e-01 3.66322e+02
2.27520e-01 -3.29673e+01
2.32521e-01 -7.20981e+02
2.37519e-01 -2.84091e+02
2.42517e-01 -1.02637e+02
2.47516e-01 -1.24569e+03
2.52517e-01 -1.22468e+02
2.57519e-01 9.39658e+02
2.62519e-01 -2.77199e+02
2.67517e-01 -7.80546e+02
2.72515e-01 -2.28567e+03
2.77516e-01 -1.82264e+03
2.82516e-01 -1.30675e+03
2.87515e-01 -9.93716e+02
2.92513e-01 -4.22940e+02
2.97512e-01 -8.34547e+02
3.02513e-01 7.01086e+02
3.07511e-01 1.51491e+03
3.12511e-01 -2.79272e+02
3.17513e-01 6.10038e+02
3.22513e-01 -3.96781e+02
3.27512e-01 1.12631e+02
3.32509e-01 -3.31065e+02
3.37510e-01 -2.10535e+02
3.42513e-01 5.17238e+01
3.47514e-01 -3.88330e+01
3.52514e-01 1.03913e+02
3.57512e-01 2.18771e+02
3.62512e-01 -6.72314e+02
3.67512e-01 -3.71544e+02
3.72510e-01 -4.60415e+02
3.77511e-01 -1.33453e+02
3.82512e-01 1.86444e+02
3.87512e-01 -5.37032e+02
3.92510e-01 -1.02708e+03
3.97510e-01 -4.52832e+02
