59 2
k power
8.05565e-03 1.93399e+04
1.28387e-02 3.95248e+04
1.77584e-02 4.12810e+04
2.26862e-02 3.89484e+04
2.76450e-02 3.06268e+04
3.26261e-02 2.17118e+04
3.76152e-02 2.67758e+04
4.26121e-02 1.94481e+04
4.75881e-02 1.74725e+04
5.25764e-02 1.73866e+04
5.75766e-02 1.60852e+04
6.25706e-02 1.40770e+04
6.75643e-02 1.46324e+04
7.25546e-02 1.47318e+04
7.75520e-02 1.30782e+04
8.25499e-02 1.13795e+04
8.75466e-02 1.00979e+04
9.25461e-02 9.90734e+03
9.75410e-02 8.93255e+03
1.02539e-01 6.47409e+03
1.07538e-01 6.50002e+03
1.12539e-01 6.34312e+03
1.17539e-01 5.73005e+03
1.22534e-01 5.16620e+03
1.27532e-01 4.56583e+03
1.32531e-01 4.09334e+03
1.37529e-01 4.40670e+03
1.42529e-01 4.29195e+03
1.47527e-01 3.64283e+03
1.52526e-01 3.49731e+03
1.57526e-01 2.68480e+03
1.62527e-01 2.92643e+03
1.67528e-01 3.24227e+03
1.72524e-01 2.30808e+03
1.77522e-01 1.81732e+03
1.82524e-01 2.32580e+03
1.87522e-01 1.65550e+03
1.92522e-01 2.09384e+03
1.97523e-01 1.69855e+03
2.02522e-01 1.48606e+03
2.07520e-01 1.33433e+03
2.12520e-01 1.74798e+03
2.17519e-01 1.65571e+03
2.22517e-01 1.37727e+03
2.27517e-01 1.04965e+03
2.32517e-01 6.48016e+02
2.37517e-01 1.51534e+03
2.42517e-01 1.26434e+03
2.47517e-01 1.06867e+03
2.52517e-01 6.28711e+02
2.57516e-01 9.11352e+02
2.62515e-01 9.04500e+02
2.67515e-01 7.83633e+02
2.72514e-01 4.93391e+02
2.77515e-01 1.02594e+03
2.82515e-01 7.11891e+02
2.87514e-01 6.15930e+02
2.92514e-01 4.46578e+02
2.97513e-01 4.69273e+02
8.05565e-03 2.66094e+04
1.28387e-02 -1.06026e+04
1.77584e-02 2.91759e+04
2.26862e-02 1.39841e+04
2.76450e-02 1.33445e+04
3.26261e-02 1.01901e+04
3.76152e-02 5.29594e+03
4.26121e-02 4.25412e+03
4.75881e-02 3.31345e+03
5.25764e-02 3.45701e+03
5.75766e-02 7.42193e+02
6.25706e-02 7.61734e+02
6.75643e-02 3.11748e+03
7.25546e-02 1.65799e+03
7.75520e-02 1.50570e+03
8.25499e-02 -8.66942e+02
8.75466e-02 1.26988e+03
9.25461e-02 -3.07064e+02
9.75410e-02 1.08084e+03
1.02539e-01 8.93031e+02
1.07538e-01 1.42726e+03
1.12539e-01 2.72530e+03
1.17539e-01 1.73126e+03
1.22534e-01 1.84286e+03
1.27532e-01 8.84878e+02
1.32531e-01 7.61475e+02
1.37529e-01 1.37257e+03
1.42529e-01 1.27651e+03
1.47527e-01 6.75537e+02
1.52526e-01 5.02932e+02
1.57526e-01 -9.47320e+02
1.62527e-01 -3.25439e+02
1.67528e-01 -7.85485e+02
1.72524e-01 -4.72807e+01
1.77522e-01 1.54389e+02
1.82524e-01 -2.03093e+02
1.87522e-01 -5.11844e+02
1.92522e-01 -1.65119e+02
1.97523e-01 -8.84635e+02
2.02522e-01 -5.01687e+02
2.07520e-01 1.73069e+02
2.12520e-01 5.62021e+02
2.17519e-01 8.07386e+02
2.22517e-01 8.69724e+01
2.27517e-01 -2.67680e+02
2.32517e-01 4.23392e+02
2.37517e-01 2.48018e+02
2.42517e-01 -3.30922e+02
2.47517e-01 -4.65593e+02
2.52517e-01 8.22953e+01
2.57516e-01 2.30044e+02
2.62515e-01 -6.90886e+02
2.67515e-01 -5.18347e+02
2.72514e-01 -7.28322e+02
2.77515e-01 -2.17732e+02
2.82515e-01 -7.76199e+02
2.87514e-01 -4.54144e+02
2.92514e-01 4.62876e+02
2.97513e-01 -1.65870e+02
