59 2
k power
8.01858e-03 3.21131e+04
1.28441e-02 3.34148e+04
1.77514e-02 3.26864e+04
2.26910e-02 3.36533e+04
2.76613e-02 3.00530e+04
3.26316e-02 2.48195e+04
3.76089e-02 2.33139e+04
4.25899e-02 2.30301e+04
4.75838e-02 2.11868e+04
5.25894e-02 2.19472e+04
5.75770e-02 1.75779e+04
6.25679e-02 1.52163e+04
6.75637e-02 1.66527e+04
7.25587e-02 1.46048e+04
7.75534e-02 1.18271e+04
8.25494e-02 1.19820e+04
8.75470e-02 1.21428e+04
9.25421e-02 1.10064e+04
9.75420e-02 8.82926e+03
1.02542e-01 6.44098e+03
1.07541e-01 6.35012e+03
1.12539e-01 5.68925e+03
1.17536e-01 7.71260e+03
1.22536e-01 6.05328e+03
1.27533e-01 5.00554e+03
1.32529e-01 5.66079e+03
1.37528e-01 5.16580e+03
1.42529e-01 4.60617e+03
1.47530e-01 4.80478e+03
1.52529e-01 4.19962e+03
1.57528e-01 3.79654e+03
1.62527e-01 4.21920e+03
1.67527e-01 3.42027e+03
1.72526e-01 2.43070e+03
1.77523e-01 2.95356e+03
1.82522e-01 2.86015e+03
1.87521e-01 2.71278e+03
1.92521e-01 2.82552e+03
1.97520e-01 1.38520e+03
2.02519e-01 1.31315e+03
2.07520e-01 1.17949e+03
2.12519e-01 1.71895e+03
2.17519e-01 1.82023e+03
2.22518e-01 1.74364e+03
2.27517e-01 1.42757e+03
2.32518e-01 7.92805e+02
2.37519e-01 1.48427e+03
2.42519e-01 1.55545e+03
2.47519e-01 1.00111e+03
2.52518e-01 8.00180e+02
2.57516e-01 9.73961e+02
2.62515e-01 1.15653e+03
2.67514e-01 9.02305e+02
2.72514e-01 1.03452e+03
2.77515e-01 1.03482e+03
2.82515e-01 1.32024e+03
2.87515e-01 8.11336e+02
2.92514e-01 7.80109e+02
2.97513e-01 5.06102e+02
8.01858e-03 -1.15470e+04
1.28441e-02 2.56013e+04
1.77514e-02 2.76572e+03
2.26910e-02 1.18878e+04
2.76613e-02 1.22448e+04
3.26316e-02 2.25684e+04
3.76089e-02 1.26142e+04
4.25899e-02 9.28461e+03
4.75838e-02 7.79547e+03
5.25894e-02 8.39724e+03
5.75770e-02 1.26070e+04
6.25679e-02 4.84854e+03
6.75637e-02 4.06927e+03
7.25587e-02 6.38965e+03
7.75534e-02 2.70850e+03
8.25494e-02 2.75740e+03
8.75470e-02 3.40248e+03
9.25421e-02 3.11278e+03
9.75420e-02 1.66474e+03
1.02542e-01 2.53247e+03
1.07541e-01 2.65832e+03
1.12539e-01 5.77156e+02
1.17536e-01 1.52065e+03
1.22536e-01 1.61545e+03
1.27533e-01 2.01985e+03
1.32529e-01 4.30312e+03
1.37528e-01 2.57057e+03
1.42529e-01 1.91719e+03
1.47530e-01 7.80503e+02
1.52529e-01 -3.27562e+02
1.57528e-01 -1.94629e+01
1.62527e-01 1.36838e+03
1.67527e-01 -2.68747e+02
1.72526e-01 -2.63517e+02
1.77523e-01 2.60633e+03
1.82522e-01 2.02011e+03
1.87521e-01 1.79748e+03
1.92521e-01 4.50027e+02
1.97520e-01 -4.42185e+02
2.02519e-01 1.73605e+03
2.07520e-01 5.48574e+02
2.12519e-01 -6.78687e+02
2.17519e-01 1.66033e+02
2.22518e-01 -1.13653e+03
2.27517e-01 5.85373e+01
2.32518e-01 -8.45444e+02
2.37519e-01 -9.77014e+02
2.42519e-01 -6.19373e+02
2.47519e-01 1.07158e+03
2.52518e-01 1.79030e+02
2.57516e-01 4.17574e+02
2.62515e-01 -3.22659e+02
2.67514e-01 -7.85691e+02
2.72514e-01 -3.78830e+02
2.77515e-01 -2.54701e+02
2.82515e-01 -7.16022e+02
2.87515e-01 -8.41967e+02
2.92514e-01 -3.81074e+02
2.97513e-01 -1.01191e+03
