80 2
k power
3.75378e-03 9.54961e+03
8.05040e-03 3.53916e+04
1.28486e-02 4.19795e+04
1.77516e-02 3.73555e+04
2.26918e-02 3.19661e+04
2.76480e-02 2.92504e+04
3.26126e-02 2.90098e+04
3.76111e-02 2.44491e+04
4.26130e-02 2.27937e+04
4.76051e-02 2.19943e+04
5.25913e-02 2.26498e+04
5.75684e-02 1.81859e+04
6.25625e-02 1.58952e+04
6.75666e-02 1.48759e+04
7.25730e-02 1.43560e+04
7.75647e-02 1.52467e+04
8.25476e-02 1.26832e+04
8.75441e-02 1.08626e+04
9.25437e-02 1.02461e+04
9.75415e-02 7.85002e+03
1.02541e-01 7.37074e+03
1.07542e-01 7.37659e+03
1.12541e-01 8.18391e+03
1.17533e-01 6.74437e+03
1.22524e-01 6.14316e+03
1.27531e-01 6.01104e+03
1.32537e-01 5.15921e+03
1.37532e-01 4.83612e+03
1.42526e-01 4.12291e+03
1.47525e-01 3.72616e+03
1.52527e-01 4.06524e+03
1.57525e-01 3.36017e+03
1.62524e-01 3.44377e+03
1.67524e-01 2.89859e+03
1.72523e-01 2.57895e+03
1.77521e-01 2.44834e+03
1.82521e-01 2.29578e+03
1.87522e-01 2.73470e+03
1.92522e-01 2.40295e+03
1.97522e-01 3.14771e+03
2.02520e-01 2.69382e+03
2.07516e-01 2.05707e+03
2.12515e-01 1.75223e+03
2.17519e-01 1.66969e+03
2.22521e-01 9.63586e+02
2.27520e-01 1.11477e+03
2.32521e-01 1.33055e+03
2.37519e-01 1.18586e+03
2.42517e-01 1.19532e+03
2.47516e-01 1.13962e+03
2.52517e-01 1.13868e+03
2.57519e-01 1.24486e+03
2.62519e-01 1.11291e+03
2.67517e-01 8.99328e+02
2.72515e-01 6.26727e+02
2.77516e-01 1.22826e+03
2.82516e-01 9.16406e+02
2.87515e-01 7.86391e+02
2.92513e-01 7.86461e+02
2.97512e-01 3.83375e+02
3.02513e-01 3.75367e+02
3.07511e-01 4.76188e+02
3.12511e-01 6.51617e+02
3.17513e-01 3.60805e+02
3.22513e-01 1.24875e+02
3.27512e-01 1.70336e+02
3.32509e-01 6.16570e+02
3.37510e-01 2.98125e+02
3.42513e-01 1.96867e+02
3.47514e-01 -1.37109e+02
3.52514e-01 -2.55953e+02
3.57512e-01 -2.37945e+02
3.62512e-01 4.50062e+02
3.67512e-01 2.31031e+02
3.72510e-01 -1.68359e+01
3.77511e-01 1.66625e+02
3.82512e-01 4.77445e+02
3.87512e-01 1.98883e+02
3.92510e-01 1.30648e+02
3.97510e-01 3.08844e+02
3.75378e-03 -1.79130e+04
8.05040e-03 6.78738e+03
1.28486e-02 2.21916e+04
1.77516e-02 -4.96784e+03
2.26918e-02 -6.66840e+03
2.76480e-02 3.54147e+03
3.26126e-02 1.07942e+04
3.76111e-02 1.48689e+04
4.26130e-02 1.64651e+04
4.76051e-02 1.19889e+04
5.25913e-02 3.38518e+03
5.75684e-02 -2.98471e+02
6.25625e-02 -1.19749e+03
6.75666e-02 -3.70752e+03
7.25730e-02 1.02305e+03
7.75647e-02 -1.49111e+03
8.25476e-02 -2.71004e+03
8.75441e-02 3.88960e+03
9.25437e-02 6.99071e+03
9.75415e-02 1.79101e+03
1.02541e-01 2.65067e+03
1.07542e-01 1.70249e+03
1.12541e-01 4.65050e+03
1.17533e-01 -1.86834e+02
1.22524e-01 1.33727e+03
1.27531e-01 5.23762e+02
1.32537e-01 1.39214e+03
1.37532e-01 3.08071e+03
1.42526e-01 1.94474e+03
1.47525e-01 3.77926e+03
1.52527e-01 1.67786e+03
1.57525e-01 9.03579e+02
1.62524e-01 -1.60153e+03
1.67524e-01 8.01508e+02
1.72523e-01 2.30206e+02
1.77521e-01 -9.71474e+02
1.82521e-01 -1.79443e+02
1.87522e-01 7.34603e+00
1.92522e-01 6.99765e+02
1.97522e-01 2.03932e+02
2.02520e-01 -1.81314e+03
2.07516e-01 -8.65791e+02
2.12515e-01 -8.86041e+02
2.17519e-01 -1.92015e+03
2.22521e-01 -5.13869e+02
2.27520e-01 -1.10541e+03
2.32521e-01 3.97769e+02
2.37519e-01 3.53859e+02
2.42517e-01 -5.49680e+02
2.47516e-01 -1.82509e+02
2.52517e-01 -6.72564e+02
2.57519e-01 -2.55050e+02
2.62519e-01 -8.02011e+02
2.67517e-01 7.77930e+02
2.72515e-01 3.42882e+02
2.77516e-01 5.21407e+02
2.82516e-01 7.26202e+02
2.87515e-01 -4.57858e+02
2.92513e-01 8.21141e+01
2.97512e-01 -7.50701e+02
3.02513e-01 2.51343e+01
3.07511e-01 -1.70604e+02
3.12511e-01 1.14358e+02
3.17513e-01 2.09155e+02
3.22513e-01 2.24213e+02
3.27512e-01 8.85668e+01
3.32509e-01 2.54466e+02
3.37510e-01 4.97937e+01
3.42513e-01 4.70343e+02
3.47514e-01 -1.75744e+02
3.52514e-01 1.35028e+01
3.57512e-01 4.19256e+02
3.62512e-01 1.84793e+02
3.67512e-01 2.93297e+02
3.72510e-01 2.90960e+02
3.77511e-01 3.88154e+02
3.82512e-01 -1.60850e+02
3.87512e-01 1.21181e+02
3.92510e-01 1.89730e+02
3.97510e-01 -9.32922e+00
