80 2
k power
3.70544e-03 1.39487e+05
8.00271e-03 3.71231e+04
1.28497e-02 2.79148e+04
1.77641e-02 4.08710e+04
2.26842e-02 3.49736e+04
2.76464e-02 3.43559e+04
3.26361e-02 2.73439e+04
3.76229e-02 2.57246e+04
4.26066e-02 2.09504e+04
4.75842e-02 1.82171e+04
5.25722e-02 1.87625e+04
5.75659e-02 1.78952e+04
6.25589e-02 1.60532e+04
6.75629e-02 1.58540e+04
7.25605e-02 1.32913e+04
7.75516e-02 1.23562e+04
8.25500e-02 9.55447e+03
8.75455e-02 1.05178e+04
9.25437e-02 8.91291e+03
9.75415e-02 8.33159e+03
1.02534e-01 8.37914e+03
1.07536e-01 7.18648e+03
1.12540e-01 6.34142e+03
1.17537e-01 4.90345e+03
1.22533e-01 5.84244e+03
1.27534e-01 4.65535e+03
1.32530e-01 5.61208e+03
1.37531e-01 5.02427e+03
1.42530e-01 4.44379e+03
1.47526e-01 3.73458e+03
1.52527e-01 2.86368e+03
1.57528e-01 3.52291e+03
1.62527e-01 3.68316e+03
1.67526e-01 2.65342e+03
1.72526e-01 2.12227e+03
1.77526e-01 2.01024e+03
1.82527e-01 2.74691e+03
1.87525e-01 2.25261e+03
1.92520e-01 1.96380e+03
1.97516e-01 1.24205e+03
2.02513e-01 1.81082e+03
2.07516e-01 1.81699e+03
2.12517e-01 2.12578e+03
2.17519e-01 1.58000e+03
2.22521e-01 1.35970e+03
2.27519e-01 1.28689e+03
2.32521e-01 1.13620e+03
2.37520e-01 9.46797e+02
2.42520e-01 1.01416e+03
2.47519e-01 9.21906e+02
2.52516e-01 1.11787e+03
2.57514e-01 1.25471e+03
2.62513e-01 8.34992e+02
2.67513e-01 8.70383e+02
2.72514e-01 1.07278e+03
2.77515e-01 9.06109e+02
2.82516e-01 3.32383e+02
2.87514e-01 3.67570e+02
2.92512e-01 4.04969e+02
2.97514e-01 4.20070e+02
3.02516e-01 1.75852e+02
3.07515e-01 4.94852e+02
3.12512e-01 7.68883e+02
3.17510e-01 5.22906e+02
3.22511e-01 4.12453e+02
3.27512e-01 6.60969e+02
3.32512e-01 3.65227e+02
3.37512e-01 2.42961e+02
3.42513e-01 3.02938e+02
3.47513e-01 3.66555e+02
3.52513e-01 2.55828e+02
3.57513e-01 5.05977e+02
3.62512e-01 2.67742e+02
3.67512e-01 3.96570e+02
3.72512e-01 3.90984e+02
3.77511e-01 8.92969e+00
3.82510e-01 -1.28359e+01
3.87510e-01 -2.22938e+02
3.92510e-01 -1.73805e+02
3.97510e-01 2.20406e+02
3.70544e-03 -6.98748e+04
8.00271e-03 1.22609e+04
1.28497e-02 2.04562e+04
1.77641e-02 1.03878e+04
2.26842e-02 -7.95609e+03
2.76464e-02 -5.74790e+03
3.26361e-02 -8.37154e+02
3.76229e-02 1.04044e+04
4.26066e-02 1.23334e+04
4.75842e-02 8.38110e+03
5.25722e-02 6.62971e+03
5.75659e-02 7.10335e+03
6.25589e-02 6.30924e+03
6.75629e-02 5.90983e+03
7.25605e-02 5.22192e+03
7.75516e-02 4.86593e+03
8.25500e-02 5.35044e+02
8.75455e-02 -3.67724e+02
9.25437e-02 3.04410e+03
9.75415e-02 1.23237e+03
1.02534e-01 3.44460e+03
1.07536e-01 8.89602e+02
1.12540e-01 -3.69392e+02
1.17537e-01 1.24902e+03
1.22533e-01 3.81964e+02
1.27534e-01 -9.80526e+02
1.32530e-01 9.93163e+02
1.37531e-01 -7.10413e+02
1.42530e-01 1.32010e+03
1.47526e-01 2.51851e+02
1.52527e-01 5.33568e+02
1.57528e-01 -1.00716e+03
1.62527e-01 -4.64005e+02
1.67526e-01 -4.32706e+02
1.72526e-01 5.61183e+02
1.77526e-01 2.85727e+02
1.82527e-01 1.06218e+03
1.87525e-01 4.38013e+02
1.92520e-01 -2.79158e+01
1.97516e-01 -3.45493e+02
2.02513e-01 -1.32416e+02
2.07516e-01 4.06204e+02
2.12517e-01 1.13710e+03
2.17519e-01 9.97345e+02
2.22521e-01 -2.74474e+02
2.27519e-01 -3.95054e+02
2.32521e-01 -3.21890e+02
2.37520e-01 -4.01108e+02
2.42520e-01 -2.45089e+02
2.47519e-01 -2.60440e+02
2.52516e-01 -1.70869e+02
2.57514e-01 -6.44070e+02
2.62513e-01 -4.44151e+02
2.67513e-01 -9.16494e+02
2.72514e-01 -1.40694e+03
2.77515e-01 -9.70016e+02
2.82516e-01 3.66435e+01
2.87514e-01 4.64711e+02
2.92512e-01 -5.81644e+02
2.97514e-01 -8.89187e+02
3.02516e-01 -6.24409e+02
3.07515e-01 -7.34665e+02
3.12512e-01 -8.73315e+02
3.17510e-01 -1.78039e+02
3.22511e-01 -4.21167e+02
3.27512e-01 2.83599e+02
3.32512e-01 1.62680e+02
3.37512e-01 -4.01087e+02
3.42513e-01 -4.53482e+02
3.47513e-01 -4.14873e+02
3.52513e-01 -2.02900e+01
3.57513e-01 -3.31749e+01
3.62512e-01 -5.23084e+02
3.67512e-01 -2.48256e+02
3.72512e-01 -9.64911e+02
3.77511e-01 -9.46069e+01
3.82510e-01 -6.22470e+02
3.87510e-01 -2.73247e+02
3.92510e-01 -5.40684e+02
3.97510e-01 2.82873e+01
