59 2
k power
8.00271e-03 3.75819e+04
1.28497e-02 3.74323e+04
1.77641e-02 3.65345e+04
2.26842e-02 3.54549e+04
2.76464e-02 3.46464e+04
3.26361e-02 2.91610e+04
3.76229e-02 2.48958e+04
4.26066e-02 2.15987e+04
4.75842e-02 1.93129e+04
5.25722e-02 2.00498e+04
5.75659e-02 1.52102e+04
6.25589e-02 1.60929e+04
6.75629e-02 1.55387e+04
7.25605e-02 1.40896e+04
7.75516e-02 1.28040e+04
8.25500e-02 1.17668e+04
8.75455e-02 1.02378e+04
9.25437e-02 9.44134e+03
9.75415e-02 9.73052e+03
1.02534e-01 8.10017e+03
1.07536e-01 7.07314e+03
1.12540e-01 7.04427e+03
1.17537e-01 6.61598e+03
1.22533e-01 5.79420e+03
1.27534e-01 5.38144e+03
1.32530e-01 5.27191e+03
1.37531e-01 3.86377e+03
1.42530e-01 3.81270e+03
1.47526e-01 4.00852e+03
1.52527e-01 3.09325e+03
1.57528e-01 3.52549e+03
1.62527e-01 2.91210e+03
1.67526e-01 2.56765e+03
1.72526e-01 3.02669e+03
1.77526e-01 2.08723e+03
1.82527e-01 2.39373e+03
1.87525e-01 2.08833e+03
1.92520e-01 2.21063e+03
1.97516e-01 1.94780e+03
2.02513e-01 1.60376e+03
2.07516e-01 1.23221e+03
2.12517e-01 2.01519e+03
2.17519e-01 1.36253e+03
2.22521e-01 1.99994e+03
2.27519e-01 1.43669e+03
2.32521e-01 1.37821e+03
2.37520e-01 1.25214e+03
2.42520e-01 1.13107e+03
2.47519e-01 7.61852e+02
2.52516e-01 6.69469e+02
2.57514e-01 6.33586e+02
2.62513e-01 5.72781e+02
2.67513e-01 6.55461e+02
2.72514e-01 5.98016e+02
2.77515e-01 5.86102e+02
2.82516e-01 4.22508e+02
2.87514e-01 3.60547e+02
2.92512e-01 4.66539e+02
2.97514e-01 2.02641e+02
8.00271e-03 5.94152e+04
1.28497e-02 2.40459e+04
1.77641e-02 3.43830e+03
2.26842e-02 1.78977e+04
2.76464e-02 8.37951e+03
3.26361e-02 9.58272e+03
3.76229e-02 1.32883e+04
4.26066e-02 1.38539e+04
4.75842e-02 4.13612e+03
5.25722e-02 7.56084e+03
5.75659e-02 6.12339e+03
6.25589e-02 6.75902e+03
6.75629e-02 1.07993e+04
7.25605e-02 7.08989e+03
7.75516e-02 5.90776e+03
8.25500e-02 7.01272e+03
8.75455e-02 5.90477e+03
9.25437e-02 -3.54426e+02
9.75415e-02 1.23195e+03
1.02534e-01 4.95934e+03
1.07536e-01 3.54039e+03
1.12540e-01 4.08990e+03
1.17537e-01 1.47997e+02
1.22533e-01 4.58546e+02
1.27534e-01 3.01811e+03
1.32530e-01 2.65053e+03
1.37531e-01 8.60366e+02
1.42530e-01 2.53033e+02
1.47526e-01 -9.89515e+02
1.52527e-01 7.80882e+02
1.57528e-01 9.01547e+02
1.62527e-01 1.28672e+03
1.67526e-01 5.49425e+02
1.72526e-01 6.13472e+02
1.77526e-01 6.63778e+02
1.82527e-01 9.68751e+02
1.87525e-01 -9.92497e+01
1.92520e-01 -9.64488e+01
1.97516e-01 3.01715e+02
2.02513e-01 4.87338e+02
2.07516e-01 4.68374e+02
2.12517e-01 9.81581e+02
2.17519e-01 1.06680e+03
2.22521e-01 8.50706e+02
2.27519e-01 6.68583e+01
2.32521e-01 -9.39525e+02
2.37520e-01 7.04831e+02
2.42520e-01 3.99906e+02
2.47519e-01 8.37385e+02
2.52516e-01 -4.53031e+01
2.57514e-01 2.01972e+02
2.62513e-01 6.78508e+02
2.67513e-01 1.09402e+03
2.72514e-01 6.59999e+01
2.77515e-01 -1.26205e+03
2.82516e-01 -4.61820e+02
2.87514e-01 1.45402e+02
2.92512e-01 9.80397e+02
2.97514e-01 3.66969e+02
