59 2
k power
8.00271e-03 4.34990e+04
1.28497e-02 3.80864e+04
1.77641e-02 3.54718e+04
2.26842e-02 3.83474e+04
2.76464e-02 2.86038e+04
3.26361e-02 3.00763e+04
3.76229e-02 2.21434e+04
4.26066e-02 2.06747e+04
4.75842e-02 1.95925e+04
5.25722e-02 1.76440e+04
5.75659e-02 1.27127e+04
6.25589e-02 1.60830e+04
6.75629e-02 1.43381e+04
7.25605e-02 1.25405e+04
7.75516e-02 1.04953e+04
8.25500e-02 1.20780e+04
8.75455e-02 1.03727e+04
9.25437e-02 8.86612e+03
9.75415e-02 7.46173e+03
1.02534e-01 6.56348e+03
1.07536e-01 7.21820e+03
1.12540e-01 6.95148e+03
1.17537e-01 6.42010e+03
1.22533e-01 5.60682e+03
1.27534e-01 5.69670e+03
1.32530e-01 5.87943e+03
1.37531e-01 5.04115e+03
1.42530e-01 4.35668e+03
1.47526e-01 4.57435e+03
1.52527e-01 3.51452e+03
1.57528e-01 2.84065e+03
1.62527e-01 3.48890e+03
1.67526e-01 2.69748e+03
1.72526e-01 2.82674e+03
1.77526e-01 3.05884e+03
1.82527e-01 3.11239e+03
1.87525e-01 3.21532e+03
1.92520e-01 2.11752e+03
1.97516e-01 1.74198e+03
2.02513e-01 2.05998e+03
2.07516e-01 2.22096e+03
2.12517e-01 2.00115e+03
2.17519e-01 1.52054e+03
2.22521e-01 7.66234e+02
2.27519e-01 1.34390e+03
2.32521e-01 1.59541e+03
2.37520e-01 1.57586e+03
2.42520e-01 1.57847e+03
2.47519e-01 1.47813e+03
2.52516e-01 1.45217e+03
2.57514e-01 1.08720e+03
2.62513e-01 5.17719e+02
2.67513e-01 8.97539e+02
2.72514e-01 1.09505e+03
2.77515e-01 8.12172e+02
2.82516e-01 9.18727e+02
2.87514e-01 1.02793e+03
2.92512e-01 1.10180e+03
2.97514e-01 5.67297e+02
8.00271e-03 2.39351e+04
1.28497e-02 -2.52244e+03
1.77641e-02 -6.52131e+01
2.26842e-02 1.03009e+04
2.76464e-02 9.72449e+03
3.26361e-02 1.77761e+04
3.76229e-02 7.59943e+03
4.26066e-02 6.65804e+03
4.75842e-02 6.11693e+03
5.25722e-02 7.16465e+03
5.75659e-02 7.98161e+03
6.25589e-02 9.05965e+03
6.75629e-02 4.95617e+03
7.25605e-02 7.94376e+03
7.75516e-02 4.08838e+03
8.25500e-02 7.09514e+03
8.75455e-02 2.07578e+03
9.25437e-02 5.65619e+03
9.75415e-02 8.96813e+02
1.02534e-01 1.09674e+03
1.07536e-01 -1.39188e+03
1.12540e-01 -1.73771e+03
1.17537e-01 1.03983e+03
1.22533e-01 1.88167e+03
1.27534e-01 2.22444e+03
1.32530e-01 1.20920e+03
1.37531e-01 2.86130e+00
1.42530e-01 -8.32880e+01
1.47526e-01 1.56337e+03
1.52527e-01 -4.34592e+02
1.57528e-01 8.21468e+02
1.62527e-01 1.48392e+03
1.67526e-01 1.84994e+03
1.72526e-01 3.02878e+02
1.77526e-01 -6.31785e+02
1.82527e-01 -1.49932e+03
1.87525e-01 -2.82708e+02
1.92520e-01 -5.52298e+02
1.97516e-01 5.13670e+02
2.02513e-01 -4.77643e+02
2.07516e-01 3.93155e+02
2.12517e-01 1.16222e+02
2.17519e-01 5.30853e+02
2.22521e-01 -2.68909e+02
2.27519e-01 -5.88852e+02
2.32521e-01 -1.30274e+03
2.37520e-01 -1.81157e+02
2.42520e-01 1.15653e+03
2.47519e-01 1.82471e+02
2.52516e-01 -1.34163e+03
2.57514e-01 -8.30820e+02
2.62513e-01 5.89633e+02
2.67513e-01 -7.81394e+02
2.72514e-01 -6.20226e+02
2.77515e-01 2.00158e+02
2.82516e-01 8.54798e+02
2.87514e-01 3.61350e+02
2.92512e-01 -2.99027e+02
2.97514e-01 7.56382e+01
