80 2
k power
3.70544e-03 -5.22507e+03
8.00271e-03 5.28723e+04
1.28497e-02 4.21993e+04
1.77641e-02 3.14726e+04
2.26842e-02 2.75826e+04
2.76464e-02 3.37883e+04
3.26361e-02 2.75831e+04
3.76229e-02 2.64811e+04
4.26066e-02 2.31240e+04
4.75842e-02 2.17550e+04
5.25722e-02 1.88478e+04
5.75659e-02 1.72409e+04
6.25589e-02 1.55909e+04
6.75629e-02 1.37084e+04
7.25605e-02 1.49997e+04
7.75516e-02 1.36556e+04
8.25500e-02 1.15563e+04
8.75455e-02 9.85623e+03
9.25437e-02 9.12952e+03
9.75415e-02 9.09505e+03
1.02534e-01 7.13881e+03
1.07536e-01 6.75323e+03
1.12540e-01 6.10968e+03
1.17537e-01 6.20760e+03
1.22533e-01 6.05989e+03
1.27534e-01 5.82271e+03
1.32530e-01 5.69877e+03
1.37531e-01 4.14517e+03
1.42530e-01 3.39425e+03
1.47526e-01 3.47070e+03
1.52527e-01 3.76723e+03
1.57528e-01 2.99454e+03
1.62527e-01 2.40255e+03
1.67526e-01 1.99106e+03
1.72526e-01 2.07229e+03
1.77526e-01 2.41261e+03
1.82527e-01 1.89210e+03
1.87525e-01 1.43107e+03
1.92520e-01 1.51650e+03
1.97516e-01 1.48809e+03
2.02513e-01 1.49711e+03
2.07516e-01 1.97205e+03
2.12517e-01 1.54745e+03
2.17519e-01 1.27030e+03
2.22521e-01 1.44888e+03
2.27519e-01 1.13724e+03
2.32521e-01 7.00328e+02
2.37520e-01 8.08500e+02
2.42520e-01 3.01477e+02
2.47519e-01 8.35508e+02
2.52516e-01 1.16201e+03
2.57514e-01 7.60656e+02
2.62513e-01 5.68758e+02
2.67513e-01 5.10375e+02
2.72514e-01 9.08891e+02
2.77515e-01 6.51484e+02
2.82516e-01 5.93125e+01
2.87514e-01 3.63391e+02
2.92512e-01 6.12727e+02
2.97514e-01 6.08312e+02
3.02516e-01 7.75523e+02
3.07515e-01 5.08617e+02
3.12512e-01 5.43438e+01
3.17510e-01 2.15562e+02
3.22511e-01 6.75008e+02
3.27512e-01 2.10633e+02
3.32512e-01 4.34125e+02
3.37512e-01 3.83109e+02
3.42513e-01 4.47305e+02
3.47513e-01 1.38234e+02
3.52513e-01 3.02734e+02
3.57513e-01 3.01219e+02
3.62512e-01 5.47133e+02
3.67512e-01 3.12492e+02
3.72512e-01 4.96453e+02
3.77511e-01 1.70039e+02
3.82510e-01 2.44453e+02
3.87510e-01 4.20320e+02
3.92510e-01 2.66219e+02
3.97510e-01 3.21250e+02
3.70544e-03 -5.25954e+04
8.00271e-03 4.91243e+03
1.28497e-02 1.73222e+04
1.77641e-02 2.04589e+04
2.26842e-02 4.55414e+04
2.76464e-02 4.45611e+03
3.26361e-02 1.34474e+04
3.76229e-02 5.51936e+03
4.26066e-02 5.61743e+03
4.75842e-02 8.33005e+03
5.25722e-02 7.69202e+03
5.75659e-02 8.00959e+03
6.25589e-02 9.75999e+03
6.75629e-02 4.92697e+03
7.25605e-02 3.11645e+03
7.75516e-02 3.01103e+03
8.25500e-02 2.53483e+03
8.75455e-02 2.27107e+03
9.25437e-02 2.08674e+03
9.75415e-02 3.25443e+03
1.02534e-01 9.44853e+02
1.07536e-01 1.78751e+03
1.12540e-01 -9.80585e+02
1.17537e-01 2.70958e+03
1.22533e-01 1.95739e+03
1.27534e-01 -8.68303e+02
1.32530e-01 -1.12883e+02
1.37531e-01 -1.22928e+03
1.42530e-01 -5.87215e+02
1.47526e-01 -8.65246e+02
1.52527e-01 -1.07192e+03
1.57528e-01 1.56826e+03
1.62527e-01 -3.44243e+02
1.67526e-01 -1.68292e+03
1.72526e-01 -1.62638e+03
1.77526e-01 -7.20105e+01
1.82527e-01 -1.01918e+03
1.87525e-01 -1.51424e+03
1.92520e-01 -1.26268e+01
1.97516e-01 -2.46896e+02
2.02513e-01 5.10898e+02
2.07516e-01 -5.93814e+02
2.12517e-01 -8.40008e+02
2.17519e-01 2.38688e+02
2.22521e-01 -6.33972e+02
2.27519e-01 -4.81231e+02
2.32521e-01 -8.88854e+02
2.37520e-01 1.87259e+02
2.42520e-01 6.91973e+02
2.47519e-01 -5.76918e+02
2.52516e-01 -9.15150e+02
2.57514e-01 -7.02347e+02
2.62513e-01 1.12164e+02
2.67513e-01 -1.31671e+03
2.72514e-01 -6.05337e+02
2.77515e-01 9.59004e+01
2.82516e-01 6.98103e+02
2.87514e-01 -1.01326e+02
2.92512e-01 -4.43767e+02
2.97514e-01 3.05720e+01
3.02516e-01 5.75681e+01
3.07515e-01 1.67304e+02
3.12512e-01 8.47612e+00
3.17510e-01 5.17029e+02
3.22511e-01 1.00228e+03
3.27512e-01 8.73264e+02
3.32512e-01 -5.97350e+02
3.37512e-01 -6.49138e+01
3.42513e-01 4.12825e+01
3.47513e-01 1.16688e+02
3.52513e-01 1.36506e+02
3.57513e-01 -7.44142e+02
3.62512e-01 -2.26954e+02
3.67512e-01 -1.10068e+03
3.72512e-01 -2.31946e+01
3.77511e-01 9.87153e+01
3.82510e-01 8.26239e+01
3.87510e-01 5.45810e+01
3.92510e-01 1.35709e+02
3.97510e-01 -9.73078e+01
