80 2
k power
3.75378e-03 5.42703e+04
8.05040e-03 5.03076e+04
1.28486e-02 3.29213e+04
1.77516e-02 3.33936e+04
2.26918e-02 3.54736e+04
2.76480e-02 3.48094e+04
3.26126e-02 2.64742e+04
3.76111e-02 2.19378e+04
4.26130e-02 1.78765e+04
4.76051e-02 1.84873e+04
5.25913e-02 1.65929e+04
5.75684e-02 1.34587e+04
6.25625e-02 1.39196e+04
6.75666e-02 1.38919e+04
7.25730e-02 1.28966e+04
7.75647e-02 1.19706e+04
8.25476e-02 1.05034e+04
8.75441e-02 1.02741e+04
9.25437e-02 8.43618e+03
9.75415e-02 9.65420e+03
1.02541e-01 7.09860e+03
1.07542e-01 6.52998e+03
1.12541e-01 6.64551e+03
1.17533e-01 6.08624e+03
1.22524e-01 5.64695e+03
1.27531e-01 6.03286e+03
1.32537e-01 5.16341e+03
1.37532e-01 4.26596e+03
1.42526e-01 4.09981e+03
1.47525e-01 3.67735e+03
1.52527e-01 3.38445e+03
1.57525e-01 2.74481e+03
1.62524e-01 3.51021e+03
1.67524e-01 3.04020e+03
1.72523e-01 2.60627e+03
1.77521e-01 2.64217e+03
1.82521e-01 3.12006e+03
1.87522e-01 1.63274e+03
1.92522e-01 2.23851e+03
1.97522e-01 2.46635e+03
2.02520e-01 2.16459e+03
2.07516e-01 2.26691e+03
2.12515e-01 1.57580e+03
2.17519e-01 1.47995e+03
2.22521e-01 1.62022e+03
2.27520e-01 1.93907e+03
2.32521e-01 1.68477e+03
2.37519e-01 1.17888e+03
2.42517e-01 1.00291e+03
2.47516e-01 1.46528e+03
2.52517e-01 1.11334e+03
2.57519e-01 1.20118e+03
2.62519e-01 1.32531e+03
2.67517e-01 8.66812e+02
2.72515e-01 4.50070e+02
2.77516e-01 8.50914e+02
2.82516e-01 6.16023e+02
2.87515e-01 5.22875e+02
2.92513e-01 6.45633e+02
2.97512e-01 4.22891e+01
3.02513e-01 2.20664e+02
3.07511e-01 6.43695e+02
3.12511e-01 8.37109e+02
3.17513e-01 6.38172e+02
3.22513e-01 3.55656e+02
3.27512e-01 1.70672e+02
3.32509e-01 1.06172e+02
3.37510e-01 2.96250e+02
3.42513e-01 4.87000e+02
3.47514e-01 6.32797e+02
3.52514e-01 2.83172e+02
3.57512e-01 2.78227e+02
3.62512e-01 9.00781e+00
3.67512e-01 1.34555e+02
3.72510e-01 2.86883e+02
3.77511e-01 3.35000e+02
3.82512e-01 4.63508e+02
3.87512e-01 5.60695e+02
3.92510e-01 1.19375e+01
3.97510e-01 7.35547e+01
3.75378e-03 4.98903e+03
8.05040e-03 5.38685e+04
1.28486e-02 2.25706e+04
1.77516e-02 2.15846e+03
2.26918e-02 2.24184e+04
2.76480e-02 8.70437e+03
3.26126e-02 1.67777e+04
3.76111e-02 1.24209e+04
4.26130e-02 9.20365e+03
4.76051e-02 6.94116e+03
5.25913e-02 7.48290e+03
5.75684e-02 6.88584e+03
6.25625e-02 8.93414e+03
6.75666e-02 6.23810e+03
7.25730e-02 3.13492e+03
7.75647e-02 4.43407e+03
8.25476e-02 2.80520e+03
8.75441e-02 6.98664e+03
9.25437e-02 4.23604e+03
9.75415e-02 9.59121e+02
1.02541e-01 5.72835e+03
1.07542e-01 2.16526e+03
1.12541e-01 3.05547e+03
1.17533e-01 2.31139e+03
1.22524e-01 1.24768e+03
1.27531e-01 1.90928e+03
1.32537e-01 2.86561e+01
1.37532e-01 1.76109e+02
1.42526e-01 6.53988e+02
1.47525e-01 2.24638e+02
1.52527e-01 1.34240e+03
1.57525e-01 2.51790e+03
1.62524e-01 1.24092e+03
1.67524e-01 1.25578e+03
1.72523e-01 1.06775e+03
1.77521e-01 -3.83549e+02
1.82521e-01 1.30420e+03
1.87522e-01 8.83995e+02
1.92522e-01 6.30279e+02
1.97522e-01 5.21577e+02
2.02520e-01 6.63580e+02
2.07516e-01 5.12176e+02
2.12515e-01 8.00099e+02
2.17519e-01 1.38385e+03
2.22521e-01 2.47481e+02
2.27520e-01 5.52197e+02
2.32521e-01 3.08065e+02
2.37519e-01 -2.02287e+02
2.42517e-01 -1.24343e+02
2.47516e-01 7.41448e+01
2.52517e-01 1.49645e+02
2.57519e-01 7.94098e+02
2.62519e-01 -4.95269e+02
2.67517e-01 8.99002e+02
2.72515e-01 -3.44993e+02
2.77516e-01 -1.06261e+03
2.82516e-01 -1.10389e+03
2.87515e-01 4.66949e+01
2.92513e-01 -2.03788e+02
2.97512e-01 -4.75303e+01
3.02513e-01 8.91158e+02
3.07511e-01 -2.71462e+02
3.12511e-01 -1.80063e+00
3.17513e-01 -3.52178e+02
3.22513e-01 -8.03731e+02
3.27512e-01 -7.17905e+02
3.32509e-01 5.49402e+00
3.37510e-01 1.40073e+02
3.42513e-01 3.22253e+02
3.47514e-01 -2.31505e+02
3.52514e-01 1.47783e+02
3.57512e-01 -7.97821e+01
3.62512e-01 -1.17546e+02
3.67512e-01 -4.81812e+02
3.72510e-01 -3.41385e+02
3.77511e-01 -1.04785e+02
3.82512e-01 3.42392e+02
3.87512e-01 4.04780e+02
3.92510e-01 -5.28557e+02
3.97510e-01 3.92355e+02
