59 2
k power
8.05040e-03 3.94154e+04
1.28486e-02 3.87247e+04
1.77516e-02 3.77782e+04
2.26918e-02 3.97269e+04
2.76480e-02 2.98422e+04
3.26126e-02 2.76908e+04
3.76111e-02 2.11376e+04
4.26130e-02 2.38444e+04
4.76051e-02 2.23510e+04
5.25913e-02 2.02028e+04
5.75684e-02 1.78110e+04
6.25625e-02 1.45635e+04
6.75666e-02 1.25883e+04
7.25730e-02 1.37079e+04
7.75647e-02 1.17441e+04
8.25476e-02 1.21885e+04
8.75441e-02 1.03312e+04
9.25437e-02 7.43712e+03
9.75415e-02 8.71135e+03
1.02541e-01 7.97225e+03
1.07542e-01 7.92755e+03
1.12541e-01 5.61103e+03
1.17533e-01 6.45818e+03
1.22524e-01 5.50420e+03
1.27531e-01 4.93445e+03
1.32537e-01 4.48195e+03
1.37532e-01 4.72113e+03
1.42526e-01 5.43440e+03
1.47525e-01 3.53587e+03
1.52527e-01 3.04001e+03
1.57525e-01 3.75456e+03
1.62524e-01 3.59887e+03
1.67524e-01 2.29173e+03
1.72523e-01 3.36371e+03
1.77521e-01 2.82066e+03
1.82521e-01 2.47695e+03
1.87522e-01 2.54109e+03
1.92522e-01 2.82678e+03
1.97522e-01 2.09208e+03
2.02520e-01 1.63438e+03
2.07516e-01 2.21150e+03
2.12515e-01 1.98567e+03
2.17519e-01 1.67444e+03
2.22521e-01 1.17972e+03
2.27520e-01 1.50715e+03
2.32521e-01 1.14822e+03
2.37519e-01 4.86734e+02
2.42517e-01 8.37336e+02
2.47516e-01 1.08977e+03
2.52517e-01 1.28071e+03
2.57519e-01 1.06180e+03
2.62519e-01 1.43651e+03
2.67517e-01 7.29852e+02
2.72515e-01 5.41742e+02
2.77516e-01 7.36250e+02
2.82516e-01 9.95492e+02
2.87515e-01 5.23953e+02
2.92513e-01 2.67758e+02
2.97512e-01 4.09281e+02
8.05040e-03 4.91174e+04
1.28486e-02 4.30486e+04
1.77516e-02 4.52489e+04
2.26918e-02 4.98954e+04
2.76480e-02 1.31471e+04
3.26126e-02 5.67120e+03
3.76111e-02 2.11706e+04
4.26130e-02 1.81792e+04
4.76051e-02 1.93842e+04
5.25913e-02 -1.49195e+03
5.75684e-02 7.30251e+03
6.25625e-02 -1.13770e+01
6.75666e-02 8.05868e+03
7.25730e-02 6.87979e+03
7.75647e-02 2.46389e+03
8.25476e-02 -4.21732e+02
8.75441e-02 4.82552e+02
9.25437e-02 -5.75751e+01
9.75415e-02 2.12249e+03
1.02541e-01 -7.24677e+01
1.07542e-01 1.84600e+03
1.12541e-01 1.79755e+03
1.17533e-01 1.64929e+03
1.22524e-01 -3.32093e+02
1.27531e-01 -4.77232e+02
1.32537e-01 -1.61810e+03
1.37532e-01 3.84005e+02
1.42526e-01 -1.73226e+03
1.47525e-01 -9.27717e+02
1.52527e-01 2.26432e+03
1.57525e-01 1.52944e+03
1.62524e-01 9.91949e+02
1.67524e-01 -1.08571e+03
1.72523e-01 -5.74120e+02
1.77521e-01 5.17107e+02
1.82521e-01 2.01498e+03
1.87522e-01 -1.69195e+02
1.92522e-01 9.74288e+02
1.97522e-01 -3.89776e+01
2.02520e-01 -1.86413e+02
2.07516e-01 -6.36835e+02
2.12515e-01 -1.42802e+01
2.17519e-01 -8.83000e+02
2.22521e-01 5.65026e+02
2.27520e-01 5.51486e+02
2.32521e-01 4.52487e+02
2.37519e-01 7.43794e+00
2.42517e-01 4.07570e+02
2.47516e-01 -3.11736e+02
2.52517e-01 2.54393e+02
2.57519e-01 -1.51140e+03
2.62519e-01 7.61107e+02
2.67517e-01 -4.34333e+02
2.72515e-01 -1.10972e+03
2.77516e-01 -3.09974e+02
2.82516e-01 -4.37534e+02
2.87515e-01 -5.46042e+02
2.92513e-01 1.80779e+01
2.97512e-01 2.73506e+02
