80 2
k power
3.70544e-03 4.75955e+04
8.00271e-03 4.04934e+04
1.28497e-02 4.36430e+04
1.77641e-02 4.72214e+04
2.26842e-02 3.36317e+04
2.76464e-02 3.76340e+04
3.26361e-02 2.96830e+04
3.76229e-02 2.67604e+04
4.26066e-02 2.19249e+04
4.75842e-02 1.91035e+04
5.25722e-02 1.49692e+04
5.75659e-02 1.50482e+04
6.25589e-02 1.37204e+04
6.75629e-02 1.25181e+04
7.25605e-02 1.28634e+04
7.75516e-02 1.22231e+04
8.25500e-02 1.24689e+04
8.75455e-02 9.26632e+03
9.25437e-02 9.04748e+03
9.75415e-02 6.49420e+03
1.02534e-01 7.82487e+03
1.07536e-01 6.09516e+03
1.12540e-01 7.22284e+03
1.17537e-01 6.15196e+03
1.22533e-01 4.89281e+03
1.27534e-01 5.13685e+03
1.32530e-01 4.76355e+03
1.37531e-01 4.50488e+03
1.42530e-01 4.06371e+03
1.47526e-01 3.00876e+03
1.52527e-01 2.98250e+03
1.57528e-01 3.63852e+03
1.62527e-01 4.18247e+03
1.67526e-01 2.18892e+03
1.72526e-01 2.56300e+03
1.77526e-01 2.68196e+03
1.82527e-01 2.35033e+03
1.87525e-01 2.86920e+03
1.92520e-01 2.31030e+03
1.97516e-01 1.72637e+03
2.02513e-01 1.77087e+03
2.07516e-01 1.00344e+03
2.12517e-01 1.77152e+03
2.17519e-01 1.31521e+03
2.22521e-01 1.32620e+03
2.27519e-01 9.38594e+02
2.32521e-01 1.23143e+03
2.37520e-01 9.20859e+02
2.42520e-01 1.81441e+03
2.47519e-01 1.29566e+03
2.52516e-01 5.25008e+02
2.57514e-01 9.28594e+02
2.62513e-01 9.81109e+02
2.67513e-01 8.04422e+02
2.72514e-01 8.26086e+02
2.77515e-01 7.76852e+02
2.82516e-01 7.29945e+02
2.87514e-01 6.37070e+02
2.92512e-01 3.15328e+02
2.97514e-01 6.90594e+02
3.02516e-01 9.10039e+02
3.07515e-01 4.93992e+02
3.12512e-01 4.15039e+02
3.17510e-01 7.84031e+02
3.22511e-01 7.41875e+01
3.27512e-01 -2.22031e+02
3.32512e-01 2.56859e+02
3.37512e-01 2.93750e+00
3.42513e-01 3.45711e+02
3.47513e-01 5.56266e+02
3.52513e-01 2.58914e+02
3.57513e-01 2.00055e+02
3.62512e-01 3.16500e+02
3.67512e-01 1.21523e+02
3.72512e-01 3.88570e+02
3.77511e-01 1.35133e+02
3.82510e-01 1.77875e+02
3.87510e-01 3.21312e+02
3.92510e-01 9.18438e+01
3.97510e-01 1.67312e+02
3.70544e-03 -5.88814e+04
8.00271e-03 2.93003e+04
1.28497e-02 1.55343e+04
1.77641e-02 1.64773e+04
2.26842e-02 1.89719e+04
2.76464e-02 1.64654e+04
3.26361e-02 1.42811e+04
3.76229e-02 1.69146e+04
4.26066e-02 7.03803e+03
4.75842e-02 1.08777e+04
5.25722e-02 6.90632e+03
5.75659e-02 5.23491e+03
6.25589e-02 1.11183e+04
6.75629e-02 7.86184e+03
7.25605e-02 3.62898e+03
7.75516e-02 4.76050e+03
8.25500e-02 5.61958e+03
8.75455e-02 4.09502e+03
9.25437e-02 4.50155e+03
9.75415e-02 1.22461e+03
1.02534e-01 -9.29441e+02
1.07536e-01 2.12128e+03
1.12540e-01 9.63993e+02
1.17537e-01 1.64167e+03
1.22533e-01 1.49209e+03
1.27534e-01 8.64530e+02
1.32530e-01 -6.84986e+01
1.37531e-01 1.34155e+03
1.42530e-01 1.12192e+03
1.47526e-01 -1.30332e+03
1.52527e-01 1.02522e+03
1.57528e-01 4.45020e+02
1.62527e-01 -1.20691e+03
1.67526e-01 -6.88541e+02
1.72526e-01 1.76498e+03
1.77526e-01 5.01237e+02
1.82527e-01 7.73576e+02
1.87525e-01 -2.22562e+02
1.92520e-01 -1.04707e+03
1.97516e-01 1.32571e+03
2.02513e-01 -1.14504e+03
2.07516e-01 -9.16945e+02
2.12517e-01 -2.03412e+02
2.17519e-01 -7.06876e+02
2.22521e-01 4.15766e+02
2.27519e-01 -1.26076e+02
2.32521e-01 2.68358e+02
2.37520e-01 -7.77337e+02
2.42520e-01 2.44588e+01
2.47519e-01 5.69217e+02
2.52516e-01 3.32558e+02
2.57514e-01 2.30605e+02
2.62513e-01 -1.03662e+03
2.67513e-01 5.05511e+02
2.72514e-01 -2.48269e+02
2.77515e-01 -1.18833e+03
2.82516e-01 -7.42165e+02
2.87514e-01 -6.45892e+02
2.92512e-01 1.13383e+02
2.97514e-01 -3.48860e+02
3.02516e-01 -1.97848e+02
3.07515e-01 7.83022e+02
3.12512e-01 2.58961e+02
3.17510e-01 -1.08776e+02
3.22511e-01 -5.25162e+01
3.27512e-01 5.86356e+02
3.32512e-01 8.34293e+02
3.37512e-01 1.59076e+02
3.42513e-01 8.44708e+01
3.47513e-01 -8.09397e+02
3.52513e-01 2.80613e+01
3.57513e-01 -2.62030e+02
3.62512e-01 -5.71366e+00
3.67512e-01 2.72237e+02
3.72512e-01 -4.95881e+02
3.77511e-01 1.97662e+02
3.82510e-01 -3.75381e+02
3.87510e-01 6.60400e+01
3.92510e-01 -1.45478e+02
3.97510e-01 -4.10935e+02
