80 2
k power
3.70544e-03 5.42399e+04
8.00271e-03 3.57726e+04
1.28497e-02 4.43432e+04
1.77641e-02 4.04675e+04
2.26842e-02 4.64019e+04
2.76464e-02 3.28334e+04
3.26361e-02 3.39776e+04
3.76229e-02 2.46129e+04
4.26066e-02 2.35396e+04
4.75842e-02 1.99238e+04
5.25722e-02 1.62798e+04
5.75659e-02 1.66169e+04
6.25589e-02 1.76788e+04
6.75629e-02 1.72175e+04
7.25605e-02 1.22269e+04
7.75516e-02 1.11315e+04
8.25500e-02 1.30661e+04
8.75455e-02 1.13565e+04
9.25437e-02 1.06225e+04
9.75415e-02 7.40224e+03
1.02534e-01 7.56005e+03
1.07536e-01 7.36591e+03
1.12540e-01 6.66170e+03
1.17537e-01 7.16177e+03
1.22533e-01 5.60834e+03
1.27534e-01 5.17572e+03
1.32530e-01 4.32700e+03
1.37531e-01 3.69065e+03
1.42530e-01 4.28702e+03
1.47526e-01 3.99298e+03
1.52527e-01 3.08650e+03
1.57528e-01 3.17827e+03
1.62527e-01 3.83295e+03
1.67526e-01 3.12974e+03
1.72526e-01 2.61660e+03
1.77526e-01 2.62228e+03
1.82527e-01 2.69653e+03
1.87525e-01 2.19589e+03
1.92520e-01 2.02873e+03
1.97516e-01 1.81955e+03
2.02513e-01 1.41460e+03
2.07516e-01 2.42802e+03
2.12517e-01 1.95395e+03
2.17519e-01 1.60568e+03
2.22521e-01 1.68204e+03
2.27519e-01 4.42703e+02
2.32521e-01 1.24680e+03
2.37520e-01 1.16453e+03
2.42520e-01 1.04365e+03
2.47519e-01 9.92141e+02
2.52516e-01 7.20383e+02
2.57514e-01 7.49453e+02
2.62513e-01 1.09819e+03
2.67513e-01 6.23242e+02
2.72514e-01 5.37781e+02
2.77515e-01 5.03430e+02
2.82516e-01 8.44250e+02
2.87514e-01 8.80508e+02
2.92512e-01 7.49945e+02
2.97514e-01 6.23938e+02
3.02516e-01 4.88062e+02
3.07515e-01 -1.51703e+02
3.12512e-01 4.17086e+02
3.17510e-01 7.20125e+02
3.22511e-01 5.58773e+02
3.27512e-01 4.33570e+02
3.32512e-01 4.49352e+02
3.37512e-01 5.40469e+01
3.42513e-01 5.48812e+02
3.47513e-01 3.71984e+02
3.52513e-01 4.18055e+02
3.57513e-01 6.62883e+02
3.62512e-01 3.29320e+02
3.67512e-01 -1.91141e+02
3.72512e-01 3.55859e+02
3.77511e-01 2.49078e+02
3.82510e-01 3.67484e+02
3.87510e-01 1.88094e+02
3.92510e-01 4.36016e+01
3.97510e-01 5.37500e+00
3.70544e-03 -4.71774e+04
8.00271e-03 -2.50429e+03
1.28497e-02 2.11888e+04
1.77641e-02 3.11280e+04
2.26842e-02 3.91866e+04
2.76464e-02 1.88907e+04
3.26361e-02 4.20793e+03
3.76229e-02 9.22200e+03
4.26066e-02 8.72277e+03
4.75842e-02 1.26763e+04
5.25722e-02 8.62803e+03
5.75659e-02 9.58362e+03
6.25589e-02 5.77941e+03
6.75629e-02 2.71294e+03
7.25605e-02 9.57893e+02
7.75516e-02 3.68184e+03
8.25500e-02 3.79220e+03
8.75455e-02 2.95248e+03
9.25437e-02 1.83070e+03
9.75415e-02 -1.61418e+03
1.02534e-01 -3.72548e+02
1.07536e-01 1.02637e+03
1.12540e-01 2.80303e+02
1.17537e-01 -1.66855e+03
1.22533e-01 1.50153e+03
1.27534e-01 -5.89795e+01
1.32530e-01 1.56236e+03
1.37531e-01 1.91396e+03
1.42530e-01 4.30957e+02
1.47526e-01 -1.68650e+02
1.52527e-01 -6.23783e+02
1.57528e-01 -6.47485e+02
1.62527e-01 -2.38808e+02
1.67526e-01 -1.18846e+03
1.72526e-01 -1.49527e+03
1.77526e-01 -5.08410e+02
1.82527e-01 -1.37684e+03
1.87525e-01 -1.40957e+03
1.92520e-01 5.72913e+02
1.97516e-01 2.43293e+02
2.02513e-01 6.43220e+02
2.07516e-01 -5.55646e+02
2.12517e-01 -1.60551e+03
2.17519e-01 -3.83448e+02
2.22521e-01 -1.35755e+03
2.27519e-01 -3.94734e+02
2.32521e-01 1.07384e+03
2.37520e-01 -7.16249e+02
2.42520e-01 -9.56892e+02
2.47519e-01 1.85999e+02
2.52516e-01 9.50205e+01
2.57514e-01 -5.51774e+02
2.62513e-01 -4.28907e+02
2.67513e-01 -2.84427e+02
2.72514e-01 -3.80433e+02
2.77515e-01 -6.90178e+02
2.82516e-01 4.43845e+02
2.87514e-01 3.53840e+02
2.92512e-01 -1.19740e+03
2.97514e-01 -1.42105e+03
3.02516e-01 -5.82132e+02
3.07515e-01 -5.37462e+02
3.12512e-01 -7.09670e+02
3.17510e-01 -8.14607e+02
3.22511e-01 -2.23045e+02
3.27512e-01 4.25337e+02
3.32512e-01 3.45887e+02
3.37512e-01 2.84257e+02
3.42513e-01 -3.30599e+02
3.47513e-01 -3.38428e+02
3.52513e-01 -7.50788e+02
3.57513e-01 1.24101e+02
3.62512e-01 5.42303e+02
3.67512e-01 6.16932e+02
3.72512e-01 2.68775e+02
3.77511e-01 9.57224e+02
3.82510e-01 4.67892e+02
3.87510e-01 -3.59037e+02
3.92510e-01 -8.41101e+02
3.97510e-01 2.94389e+01
