59 2
k power
8.05565e-03 6.37578e+01
1.28387e-02 3.91200e+04
1.77584e-02 4.34560e+04
2.26862e-02 3.73632e+04
2.76450e-02 3.27425e+04
3.26261e-02 2.43654e+04
3.76152e-02 2.61655e+04
4.26121e-02 2.79192e+04
4.75881e-02 2.35002e+04
5.25764e-02 2.02107e+04
5.75766e-02 1.75490e+04
6.25706e-02 1.53282e+04
6.75643e-02 1.35959e+04
7.25546e-02 1.15905e+04
7.75520e-02 1.30588e+04
8.25499e-02 9.66744e+03
8.75466e-02 9.35499e+03
9.25461e-02 7.93668e+03
9.75410e-02 6.71170e+03
1.02539e-01 7.25956e+03
1.07538e-01 6.35678e+03
1.12539e-01 5.18313e+03
1.17539e-01 5.34440e+03
1.22534e-01 6.20880e+03
1.27532e-01 5.20416e+03
1.32531e-01 4.21855e+03
1.37529e-01 4.06461e+03
1.42529e-01 3.14674e+03
1.47527e-01 3.24726e+03
1.52526e-01 3.36566e+03
1.57526e-01 4.09296e+03
1.62527e-01 3.52777e+03
1.67528e-01 2.52233e+03
1.72524e-01 2.19068e+03
1.77522e-01 2.53941e+03
1.82524e-01 2.17626e+03
1.87522e-01 1.53963e+03
1.92522e-01 1.72738e+03
1.97523e-01 1.64656e+03
2.02522e-01 1.61895e+03
2.07520e-01 1.66215e+03
2.12520e-01 1.94832e+03
2.17519e-01 1.05338e+03
2.22517e-01 1.38695e+03
2.27517e-01 1.30355e+03
2.32517e-01 1.53655e+03
2.37517e-01 1.03722e+03
2.42517e-01 8.49844e+02
2.47517e-01 8.75945e+02
2.52517e-01 6.54688e+02
2.57516e-01 1.18591e+03
2.62515e-01 8.73625e+02
2.67515e-01 6.31227e+02
2.72514e-01 9.00352e+02
2.77515e-01 8.08703e+02
2.82515e-01 7.87766e+02
2.87514e-01 5.63000e+02
2.92514e-01 8.78414e+02
2.97513e-01 4.00992e+02
8.05565e-03 9.46216e+02
1.28387e-02 -6.02906e+03
1.77584e-02 -6.41409e+03
2.26862e-02 2.07323e+03
2.76450e-02 1.09678e+04
3.26261e-02 1.26158e+04
3.76152e-02 9.53151e+03
4.26121e-02 1.10626e+04
4.75881e-02 1.09860e+04
5.25764e-02 4.80252e+03
5.75766e-02 4.61129e+03
6.25706e-02 6.38454e+03
6.75643e-02 3.69958e+03
7.25546e-02 7.07692e+03
7.75520e-02 7.55566e+03
8.25499e-02 5.93737e+03
8.75466e-02 5.75846e+03
9.25461e-02 7.58580e+03
9.75410e-02 4.91304e+03
1.02539e-01 4.45938e+03
1.07538e-01 9.18224e+02
1.12539e-01 1.28443e+03
1.17539e-01 2.35646e+03
1.22534e-01 6.92315e+02
1.27532e-01 1.69162e+03
1.32531e-01 6.15362e+02
1.37529e-01 4.87575e+01
1.42529e-01 1.36110e+03
1.47527e-01 1.05608e+03
1.52526e-01 1.02283e+03
1.57526e-01 -1.38426e+01
1.62527e-01 3.01117e+02
1.67528e-01 2.49474e+02
1.72524e-01 -2.14013e+02
1.77522e-01 -4.02785e+02
1.82524e-01 4.84634e+02
1.87522e-01 -7.24957e+02
1.92522e-01 -7.43547e+02
1.97523e-01 -1.91908e+03
2.02522e-01 -1.77163e+03
2.07520e-01 -1.05741e+03
2.12520e-01 2.98243e+02
2.17519e-01 9.87391e+02
2.22517e-01 -9.27029e+02
2.27517e-01 -5.47076e+02
2.32517e-01 -3.30715e+02
2.37517e-01 -6.55411e+01
2.42517e-01 -5.19351e+02
2.47517e-01 -4.09420e+02
2.52517e-01 -1.68449e+02
2.57516e-01 9.47112e+02
2.62515e-01 5.17888e+02
2.67515e-01 -3.66276e+02
2.72514e-01 -9.90571e+01
2.77515e-01 -9.81779e+01
2.82515e-01 -9.81983e+01
2.87514e-01 -3.98211e+02
2.92514e-01 -1.38784e+02
2.97513e-01 -2.36325e+02
