60 2
k power
3.78596e-03 -1.59264e+04
8.05565e-03 5.63882e+03
1.28387e-02 3.37497e+04
1.77584e-02 3.71823e+04
2.26862e-02 3.42133e+04
2.76450e-02 3.06970e+04
3.26261e-02 3.47489e+04
3.76152e-02 2.23934e+04
4.26121e-02 2.21939e+04
4.75881e-02 1.89673e+04
5.25764e-02 2.01232e+04
5.75766e-02 1.91245e+04
6.25706e-02 1.57702e+04
6.75643e-02 1.36484e+04
7.25546e-02 1.31979e+04
7.75520e-02 1.35393e+04
8.25499e-02 1.03942e+04
8.75466e-02 9.81739e+03
9.25461e-02 8.56800e+03
9.75410e-02 7.49010e+03
1.02539e-01 6.71837e+03
1.07538e-01 5.85745e+03
1.12539e-01 5.93310e+03
1.17539e-01 5.35766e+03
1.22534e-01 5.41419e+03
1.27532e-01 5.23539e+03
1.32531e-01 5.55068e+03
1.37529e-01 4.67284e+03
1.42529e-01 4.27048e+03
1.47527e-01 4.06962e+03
1.52526e-01 3.44841e+03
1.57526e-01 3.59239e+03
1.62527e-01 2.70403e+03
1.67528e-01 2.44065e+03
1.72524e-01 2.51570e+03
1.77522e-01 2.42553e+03
1.82524e-01 2.81775e+03
1.87522e-01 2.48853e+03
1.92522e-01 2.30800e+03
1.97523e-01 1.88960e+03
2.02522e-01 1.82406e+03
2.07520e-01 2.22927e+03
2.12520e-01 1.48330e+03
2.17519e-01 1.25838e+03
2.22517e-01 1.23018e+03
2.27517e-01 1.20862e+03
2.32517e-01 1.00489e+03
2.37517e-01 7.24875e+02
2.42517e-01 1.24447e+03
2.47517e-01 9.69852e+02
2.52517e-01 9.35445e+02
2.57516e-01 7.97891e+02
2.62515e-01 1.26109e+03
2.67515e-01 1.02370e+03
2.72514e-01 9.54367e+02
2.77515e-01 6.40367e+02
2.82515e-01 8.67195e+02
2.87514e-01 5.51742e+02
2.92514e-01 2.42820e+02
2.97513e-01 2.61953e+02
3.78596e-03 3.66850e+04
8.05565e-03 -6.83524e+03
1.28387e-02 1.10024e+04
1.77584e-02 -1.59732e+04
2.26862e-02 2.36504e+03
2.76450e-02 1.29325e+04
3.26261e-02 1.67405e+04
3.76152e-02 2.42277e+03
4.26121e-02 2.02948e+03
4.75881e-02 -1.06724e+02
5.25764e-02 7.57502e+03
5.75766e-02 6.73736e+02
6.25706e-02 5.89955e+03
6.75643e-02 7.40207e+03
7.25546e-02 5.14340e+03
7.75520e-02 3.46245e+03
8.25499e-02 1.84568e+03
8.75466e-02 3.43988e+03
9.25461e-02 3.00826e+03
9.75410e-02 8.04308e+02
1.02539e-01 -3.75261e+02
1.07538e-01 1.63537e+03
1.12539e-01 5.82487e+02
1.17539e-01 4.29026e+02
1.22534e-01 1.76791e+02
1.27532e-01 2.04569e+03
1.32531e-01 2.54908e+03
1.37529e-01 2.02281e+02
1.42529e-01 1.85267e+03
1.47527e-01 -5.80069e+02
1.52526e-01 9.62079e+00
1.57526e-01 3.46734e+01
1.62527e-01 1.40871e+03
1.67528e-01 1.97910e+03
1.72524e-01 2.01426e+03
1.77522e-01 7.99660e+02
1.82524e-01 -3.53379e+02
1.87522e-01 -8.69722e+02
1.92522e-01 3.87183e+02
1.97523e-01 -4.96746e+02
2.02522e-01 7.04424e+02
2.07520e-01 5.07515e+02
2.12520e-01 5.39551e+02
2.17519e-01 -2.59137e+02
2.22517e-01 4.30436e+02
2.27517e-01 -4.62006e+02
2.32517e-01 -2.32354e+02
2.37517e-01 3.43290e+02
2.42517e-01 2.19056e+01
2.47517e-01 9.79391e+02
2.52517e-01 4.70629e+02
2.57516e-01 2.49761e+02
2.62515e-01 -9.40194e+01
2.67515e-01 -7.17240e+02
2.72514e-01 3.51674e+02
2.77515e-01 1.07538e+02
2.82515e-01 -5.84046e+02
2.87514e-01 2.43986e+02
2.92514e-01 -6.54381e+02
2.97513e-01 4.77255e+02
