60 2
k power
3.70814e-03 1.05995e+05
8.01858e-03 6.18890e+04
1.28441e-02 4.51713e+04
1.77514e-02 4.07146e+04
2.26910e-02 4.31713e+04
2.76613e-02 3.33451e+04
3.26316e-02 2.49642e+04
3.76089e-02 2.72549e+04
4.25899e-02 2.08958e+04
4.75838e-02 1.59271e+04
5.25894e-02 1.86060e+04
5.75770e-02 1.63048e+04
6.25679e-02 1.74184e+04
6.75637e-02 1.62092e+04
7.25587e-02 1.45358e+04
7.75534e-02 1.30578e+04
8.25494e-02 1.23422e+04
8.75470e-02 1.05431e+04
9.25421e-02 1.02587e+04
9.75420e-02 8.90048e+03
1.02542e-01 8.55064e+03
1.07541e-01 8.29006e+03
1.12539e-01 5.94820e+03
1.17536e-01 5.42984e+03
1.22536e-01 5.24869e+03
1.27533e-01 4.05174e+03
1.32529e-01 4.95460e+03
1.37528e-01 5.18309e+03
1.42529e-01 4.31188e+03
1.47530e-01 3.04955e+03
1.52529e-01 3.85984e+03
1.57528e-01 3.38494e+03
1.62527e-01 3.53384e+03
1.67527e-01 3.02833e+03
1.72526e-01 3.49528e+03
1.77523e-01 2.72673e+03
1.82522e-01 1.92283e+03
1.87521e-01 2.46645e+03
1.92521e-01 2.39155e+03
1.97520e-01 2.72780e+03
2.02519e-01 2.40228e+03
2.07520e-01 2.74067e+03
2.12519e-01 2.12677e+03
2.17519e-01 1.74610e+03
2.22518e-01 1.55836e+03
2.27517e-01 1.42038e+03
2.32518e-01 1.23124e+03
2.37519e-01 1.51260e+03
2.42519e-01 1.76170e+03
2.47519e-01 1.53999e+03
2.52518e-01 9.29883e+02
2.57516e-01 6.69648e+02
2.62515e-01 5.33453e+02
2.67514e-01 7.20336e+02
2.72514e-01 2.01648e+02
2.77515e-01 5.26773e+02
2.82515e-01 4.46164e+02
2.87515e-01 6.79289e+02
2.92514e-01 8.91141e+02
2.97513e-01 1.00663e+03
3.70814e-03 1.01632e+05
8.01858e-03 2.06065e+04
1.28441e-02 -2.44596e+04
1.77514e-02 -2.03801e+03
2.26910e-02 -3.24863e+03
2.76613e-02 -1.90838e+03
3.26316e-02 2.72840e+03
3.76089e-02 -2.56648e+03
4.25899e-02 -1.86591e+03
4.75838e-02 5.13525e+03
5.25894e-02 1.29384e+03
5.75770e-02 1.05775e+03
6.25679e-02 7.75705e+03
6.75637e-02 -9.33367e+01
7.25587e-02 4.62418e+03
7.75534e-02 2.81382e+03
8.25494e-02 3.62892e+03
8.75470e-02 1.52797e+03
9.25421e-02 5.69862e+03
9.75420e-02 2.99922e+03
1.02542e-01 -2.26581e+03
1.07541e-01 2.11668e+03
1.12539e-01 1.37176e+03
1.17536e-01 2.26655e+03
1.22536e-01 2.22286e+02
1.27533e-01 3.72420e+02
1.32529e-01 1.94520e+03
1.37528e-01 7.73552e+02
1.42529e-01 2.36647e+03
1.47530e-01 -8.79217e+00
1.52529e-01 6.72908e+02
1.57528e-01 1.10322e+03
1.62527e-01 2.32162e+03
1.67527e-01 -2.90527e+02
1.72526e-01 -1.75867e+02
1.77523e-01 -8.18656e+02
1.82522e-01 8.98197e+01
1.87521e-01 2.35770e+03
1.92521e-01 1.74363e+03
1.97520e-01 4.54482e+02
2.02519e-01 8.28616e+02
2.07520e-01 1.10969e+03
2.12519e-01 1.01923e+03
2.17519e-01 3.31455e+02
2.22518e-01 4.02757e+02
2.27517e-01 8.91738e+02
2.32518e-01 3.89576e+02
2.37519e-01 6.78270e+02
2.42519e-01 9.89636e+02
2.47519e-01 6.84535e+02
2.52518e-01 -9.49238e+02
2.57516e-01 4.00326e+02
2.62515e-01 1.03225e+02
2.67514e-01 -2.04980e+02
2.72514e-01 3.40838e+02
2.77515e-01 -2.31654e+02
2.82515e-01 -3.73753e+02
2.87515e-01 -3.66065e+02
2.92514e-01 2.38479e+02
2.97513e-01 -8.63694e+02
