59 2
k power
8.00271e-03 1.74296e+04
1.28497e-02 3.96806e+04
1.77641e-02 3.22926e+04
2.26842e-02 3.60608e+04
2.76464e-02 3.33868e+04
3.26361e-02 2.86752e+04
3.76229e-02 2.69011e+04
4.26066e-02 2.57490e+04
4.75842e-02 2.00035e+04
5.25722e-02 1.99066e+04
5.75659e-02 1.72747e+04
6.25589e-02 1.44943e+04
6.75629e-02 1.33194e+04
7.25605e-02 1.41016e+04
7.75516e-02 1.31294e+04
8.25500e-02 1.10703e+04
8.75455e-02 1.07154e+04
9.25437e-02 7.86911e+03
9.75415e-02 8.01032e+03
1.02534e-01 6.86114e+03
1.07536e-01 7.59133e+03
1.12540e-01 6.69926e+03
1.17537e-01 6.65830e+03
1.22533e-01 5.24711e+03
1.27534e-01 5.47483e+03
1.32530e-01 4.98795e+03
1.37531e-01 4.73735e+03
1.42530e-01 4.34516e+03
1.47526e-01 4.91244e+03
1.52527e-01 3.74469e+03
1.57528e-01 3.40150e+03
1.62527e-01 2.78016e+03
1.67526e-01 2.90184e+03
1.72526e-01 2.58196e+03
1.77526e-01 2.89635e+03
1.82527e-01 2.61820e+03
1.87525e-01 2.00412e+03
1.92520e-01 2.04925e+03
1.97516e-01 1.92614e+03
2.02513e-01 1.89679e+03
2.07516e-01 2.26284e+03
2.12517e-01 1.91852e+03
2.17519e-01 1.74491e+03
2.22521e-01 1.68019e+03
2.27519e-01 1.07262e+03
2.32521e-01 1.42500e+03
2.37520e-01 1.36649e+03
2.42520e-01 1.61130e+03
2.47519e-01 1.26607e+03
2.52516e-01 8.83094e+02
2.57514e-01 1.15724e+03
2.62513e-01 1.51463e+03
2.67513e-01 1.01948e+03
2.72514e-01 9.88281e+02
2.77515e-01 1.08598e+03
2.82516e-01 8.92930e+02
2.87514e-01 5.75461e+02
2.92512e-01 5.64898e+02
2.97514e-01 6.30078e+02
8.00271e-03 1.34796e+04
1.28497e-02 2.24203e+04
1.77641e-02 2.19831e+04
2.26842e-02 3.18714e+04
2.76464e-02 1.24401e+04
3.26361e-02 4.17352e+03
3.76229e-02 9.07975e+03
4.26066e-02 1.78358e+04
4.75842e-02 1.74512e+03
5.25722e-02 1.28601e+04
5.75659e-02 7.85444e+03
6.25589e-02 6.24902e+03
6.75629e-02 8.79675e+03
7.25605e-02 5.91724e+03
7.75516e-02 7.23049e+03
8.25500e-02 5.82000e+03
8.75455e-02 2.24075e+03
9.25437e-02 4.51348e+03
9.75415e-02 4.74011e+03
1.02534e-01 5.22227e+02
1.07536e-01 5.34864e+02
1.12540e-01 3.18124e+03
1.17537e-01 1.72846e+03
1.22533e-01 1.51402e+03
1.27534e-01 1.46857e+03
1.32530e-01 -4.99553e+02
1.37531e-01 1.24184e+03
1.42530e-01 4.84756e+02
1.47526e-01 1.00305e+03
1.52527e-01 1.89883e+03
1.57528e-01 -8.63800e+02
1.62527e-01 -1.58004e+03
1.67526e-01 -8.58951e+02
1.72526e-01 6.03556e+02
1.77526e-01 -8.48749e+02
1.82527e-01 -9.48261e+01
1.87525e-01 -3.21904e+02
1.92520e-01 3.75744e+02
1.97516e-01 1.37791e+03
2.02513e-01 -7.09793e+01
2.07516e-01 5.38237e+02
2.12517e-01 7.74509e+02
2.17519e-01 -1.31646e+03
2.22521e-01 -7.90426e+02
2.27519e-01 4.92692e+02
2.32521e-01 3.67002e+02
2.37520e-01 -6.99156e+02
2.42520e-01 -5.53014e+02
2.47519e-01 5.24663e+02
2.52516e-01 3.23392e+02
2.57514e-01 -9.43541e+02
2.62513e-01 -2.48519e+02
2.67513e-01 8.66247e+01
2.72514e-01 2.12380e+02
2.77515e-01 6.46817e+02
2.82516e-01 1.59772e+02
2.87514e-01 -8.26307e+02
2.92512e-01 -6.08994e+02
2.97514e-01 -5.92728e+02
