60 2
k power
3.70814e-03 -4.82983e+03
8.01858e-03 1.04741e+04
1.28441e-02 2.42255e+04
1.77514e-02 3.49787e+04
2.26910e-02 3.92922e+04
2.76613e-02 3.21010e+04
3.26316e-02 3.05311e+04
3.76089e-02 2.69725e+04
4.25899e-02 2.23433e+04
4.75838e-02 2.03968e+04
5.25894e-02 1.73744e+04
5.75770e-02 1.82148e+04
6.25679e-02 1.62500e+04
6.75637e-02 1.66716e+04
7.25587e-02 1.52479e+04
7.75534e-02 1.36779e+04
8.25494e-02 1.19539e+04
8.75470e-02 1.00305e+04
9.25421e-02 8.38001e+03
9.75420e-02 6.34088e+03
1.02542e-01 7.57836e+03
1.07541e-01 7.88195e+03
1.12539e-01 6.82887e+03
1.17536e-01 5.63924e+03
1.22536e-01 5.02599e+03
1.27533e-01 6.26166e+03
1.32529e-01 5.90083e+03
1.37528e-01 5.20335e+03
1.42529e-01 4.13373e+03
1.47530e-01 3.69044e+03
1.52529e-01 4.69307e+03
1.57528e-01 3.34301e+03
1.62527e-01 3.87948e+03
1.67527e-01 3.76266e+03
1.72526e-01 3.68148e+03
1.77523e-01 3.14533e+03
1.82522e-01 2.70798e+03
1.87521e-01 2.23368e+03
1.92521e-01 2.30737e+03
1.97520e-01 1.93581e+03
2.02519e-01 1.75048e+03
2.07520e-01 2.23819e+03
2.12519e-01 1.97855e+03
2.17519e-01 1.78877e+03
2.22518e-01 1.21773e+03
2.27517e-01 1.64038e+03
2.32518e-01 1.19898e+03
2.37519e-01 1.14726e+03
2.42519e-01 1.55170e+03
2.47519e-01 1.58508e+03
2.52518e-01 1.39586e+03
2.57516e-01 1.18370e+03
2.62515e-01 9.60055e+02
2.67514e-01 1.13838e+03
2.72514e-01 1.13520e+03
2.77515e-01 6.04961e+02
2.82515e-01 6.53492e+02
2.87515e-01 7.72531e+02
2.92514e-01 7.82133e+02
2.97513e-01 8.36547e+02
3.70814e-03 1.34052e+04
8.01858e-03 1.43994e+04
1.28441e-02 -1.94221e+04
1.77514e-02 1.30839e+04
2.26910e-02 3.28506e+04
2.76613e-02 5.98455e+03
3.26316e-02 2.67449e+03
3.76089e-02 1.70888e+03
4.25899e-02 8.75683e+03
4.75838e-02 -4.45704e+03
5.25894e-02 1.54399e+03
5.75770e-02 6.85051e+03
6.25679e-02 -8.54804e+02
6.75637e-02 2.36893e+03
7.25587e-02 -3.81627e+02
7.75534e-02 4.21562e+03
8.25494e-02 4.32045e+03
8.75470e-02 2.94875e+03
9.25421e-02 1.05113e+03
9.75420e-02 3.17340e+03
1.02542e-01 3.16084e+03
1.07541e-01 4.90286e+02
1.12539e-01 2.45590e+03
1.17536e-01 2.51701e+03
1.22536e-01 4.62890e+02
1.27533e-01 1.67755e+03
1.32529e-01 -1.88176e+03
1.37528e-01 1.93167e+03
1.42529e-01 2.00706e+03
1.47530e-01 1.30028e+03
1.52529e-01 5.30224e+02
1.57528e-01 2.19707e+02
1.62527e-01 -8.49631e+02
1.67527e-01 8.97574e+01
1.72526e-01 -1.03676e+03
1.77523e-01 4.70197e+02
1.82522e-01 2.47697e+03
1.87521e-01 3.85198e+02
1.92521e-01 1.08099e+03
1.97520e-01 7.12516e+02
2.02519e-01 5.95119e+02
2.07520e-01 7.00236e+02
2.12519e-01 -1.57737e+01
2.17519e-01 9.80870e+02
2.22518e-01 -2.97251e+02
2.27517e-01 4.08320e+02
2.32518e-01 3.97172e+02
2.37519e-01 -3.71279e+02
2.42519e-01 1.03733e+02
2.47519e-01 -1.31685e+02
2.52518e-01 9.53783e+02
2.57516e-01 1.07249e+03
2.62515e-01 6.06969e+02
2.67514e-01 -3.69665e+02
2.72514e-01 -1.01545e+03
2.77515e-01 -7.63554e+02
2.82515e-01 7.42550e+02
2.87515e-01 8.40014e+02
2.92514e-01 -9.21584e+02
2.97513e-01 2.55006e+02
