60 2
k power
3.70814e-03 -1.25819e+04
8.01858e-03 1.97439e+04
1.28441e-02 2.01239e+04
1.77514e-02 2.49001e+04
2.26910e-02 3.29525e+04
2.76613e-02 2.64486e+04
3.26316e-02 2.22728e+04
3.76089e-02 2.61980e+04
4.25899e-02 2.99621e+04
4.75838e-02 2.23041e+04
5.25894e-02 1.99375e+04
5.75770e-02 1.88865e+04
6.25679e-02 1.75129e+04
6.75637e-02 1.46486e+04
7.25587e-02 1.52349e+04
7.75534e-02 1.24574e+04
8.25494e-02 1.05241e+04
8.75470e-02 1.11333e+04
9.25421e-02 8.64025e+03
9.75420e-02 7.69682e+03
1.02542e-01 8.17089e+03
1.07541e-01 7.80355e+03
1.12539e-01 6.76583e+03
1.17536e-01 7.87241e+03
1.22536e-01 6.59956e+03
1.27533e-01 6.55288e+03
1.32529e-01 5.88503e+03
1.37528e-01 5.39276e+03
1.42529e-01 5.67818e+03
1.47530e-01 4.57720e+03
1.52529e-01 4.62246e+03
1.57528e-01 4.25877e+03
1.62527e-01 3.56972e+03
1.67527e-01 3.96380e+03
1.72526e-01 3.69654e+03
1.77523e-01 3.55995e+03
1.82522e-01 2.80752e+03
1.87521e-01 1.74884e+03
1.92521e-01 1.76020e+03
1.97520e-01 2.41147e+03
2.02519e-01 2.04120e+03
2.07520e-01 1.68101e+03
2.12519e-01 1.00495e+03
2.17519e-01 1.33529e+03
2.22518e-01 1.31169e+03
2.27517e-01 8.06961e+02
2.32518e-01 1.11632e+03
2.37519e-01 1.24786e+03
2.42519e-01 8.06820e+02
2.47519e-01 1.20047e+03
2.52518e-01 9.03680e+02
2.57516e-01 4.22867e+02
2.62515e-01 4.38750e+02
2.67514e-01 4.79039e+02
2.72514e-01 5.24156e+02
2.77515e-01 6.43734e+02
2.82515e-01 5.72875e+02
2.87515e-01 2.31219e+02
2.92514e-01 2.21023e+02
2.97513e-01 5.23844e+02
3.70814e-03 1.39489e+04
8.01858e-03 3.45566e+04
1.28441e-02 1.02691e+04
1.77514e-02 1.43505e+04
2.26910e-02 1.90259e+04
2.76613e-02 9.67733e+03
3.26316e-02 1.25631e+04
3.76089e-02 6.83613e+03
4.25899e-02 2.77925e+03
4.75838e-02 5.41661e+03
5.25894e-02 1.01683e+04
5.75770e-02 1.15828e+04
6.25679e-02 -4.92209e+03
6.75637e-02 8.85962e+02
7.25587e-02 7.30488e+03
7.75534e-02 3.51704e+03
8.25494e-02 6.77832e+02
8.75470e-02 9.43852e+03
9.25421e-02 6.78474e+03
9.75420e-02 3.53707e+03
1.02542e-01 3.30366e+03
1.07541e-01 3.24053e+03
1.12539e-01 9.28575e+02
1.17536e-01 8.59470e+02
1.22536e-01 3.82220e+02
1.27533e-01 2.53739e+03
1.32529e-01 6.45878e+02
1.37528e-01 2.94305e+02
1.42529e-01 3.59847e+02
1.47530e-01 1.63230e+02
1.52529e-01 1.20133e+03
1.57528e-01 1.74826e+03
1.62527e-01 2.26778e+03
1.67527e-01 4.98174e+02
1.72526e-01 4.53285e+02
1.77523e-01 2.76811e+03
1.82522e-01 7.66838e+02
1.87521e-01 -6.24765e+02
1.92521e-01 4.28026e+02
1.97520e-01 9.38023e+02
2.02519e-01 -1.02335e+03
2.07520e-01 2.02176e+02
2.12519e-01 -1.60900e+01
2.17519e-01 1.30955e+03
2.22518e-01 7.12717e+02
2.27517e-01 5.24695e+02
2.32518e-01 4.25336e+02
2.37519e-01 1.25667e+02
2.42519e-01 -9.42296e+01
2.47519e-01 -1.48864e+03
2.52518e-01 -4.00242e+02
2.57516e-01 -9.62103e+01
2.62515e-01 7.17544e+02
2.67514e-01 3.79420e+02
2.72514e-01 -4.63362e+02
2.77515e-01 2.70462e+02
2.82515e-01 7.32987e+02
2.87515e-01 -2.84042e+02
2.92514e-01 1.21739e+01
2.97513e-01 -4.26336e+02
