80 2
k power
3.70544e-03 5.26751e+04
8.00271e-03 4.97226e+04
1.28497e-02 4.08219e+04
1.77641e-02 4.44265e+04
2.26842e-02 3.43569e+04
2.76464e-02 2.99326e+04
3.26361e-02 2.66728e+04
3.76229e-02 2.38389e+04
4.26066e-02 2.20902e+04
4.75842e-02 2.15224e+04
5.25722e-02 1.73370e+04
5.75659e-02 1.65640e+04
6.25589e-02 1.15626e+04
6.75629e-02 1.24240e+04
7.25605e-02 1.24682e+04
7.75516e-02 1.33623e+04
8.25500e-02 8.99734e+03
8.75455e-02 6.87139e+03
9.25437e-02 8.79019e+03
9.75415e-02 6.56471e+03
1.02534e-01 6.94654e+03
1.07536e-01 7.02745e+03
1.12540e-01 5.39682e+03
1.17537e-01 5.35065e+03
1.22533e-01 4.65738e+03
1.27534e-01 4.88679e+03
1.32530e-01 3.78610e+03
1.37531e-01 5.68114e+03
1.42530e-01 3.94386e+03
1.47526e-01 3.59307e+03
1.52527e-01 3.29134e+03
1.57528e-01 3.51057e+03
1.62527e-01 2.94833e+03
1.67526e-01 2.69846e+03
1.72526e-01 2.55276e+03
1.77526e-01 2.66585e+03
1.82527e-01 2.03211e+03
1.87525e-01 2.20158e+03
1.92520e-01 1.65770e+03
1.97516e-01 1.73813e+03
2.02513e-01 1.69996e+03
2.07516e-01 1.55145e+03
2.12517e-01 1.36176e+03
2.17519e-01 1.76002e+03
2.22521e-01 2.10235e+03
2.27519e-01 1.84748e+03
2.32521e-01 9.58922e+02
2.37520e-01 7.85930e+02
2.42520e-01 9.19711e+02
2.47519e-01 8.21047e+02
2.52516e-01 3.58930e+02
2.57514e-01 3.67852e+02
2.62513e-01 8.38734e+02
2.67513e-01 8.79852e+02
2.72514e-01 5.89320e+02
2.77515e-01 9.23289e+02
2.82516e-01 3.74203e+02
2.87514e-01 1.90891e+02
2.92512e-01 1.95500e+02
2.97514e-01 1.99461e+02
3.02516e-01 3.77094e+02
3.07515e-01 4.68188e+02
3.12512e-01 6.17672e+02
3.17510e-01 8.95844e+02
3.22511e-01 7.31539e+02
3.27512e-01 6.75328e+02
3.32512e-01 4.73539e+02
3.37512e-01 6.52281e+02
3.42513e-01 3.67641e+02
3.47513e-01 4.86930e+02
3.52513e-01 5.20477e+02
3.57513e-01 8.20562e+02
3.62512e-01 6.11867e+02
3.67512e-01 2.89578e+02
3.72512e-01 3.49742e+02
3.77511e-01 2.27469e+02
3.82510e-01 5.08586e+02
3.87510e-01 2.14883e+02
3.92510e-01 5.05812e+02
3.97510e-01 3.67422e+01
3.70544e-03 5.40067e+04
8.00271e-03 2.05194e+04
1.28497e-02 2.51921e+03
1.77641e-02 2.06487e+04
2.26842e-02 9.66276e+03
2.76464e-02 2.11816e+03
3.26361e-02 3.34933e+03
3.76229e-02 2.20264e+03
4.26066e-02 1.20563e+04
4.75842e-02 7.91495e+03
5.25722e-02 1.24550e+04
5.75659e-02 7.19804e+03
6.25589e-02 3.23660e+03
6.75629e-02 7.10024e+03
7.25605e-02 1.76778e+03
7.75516e-02 -1.87520e+03
8.25500e-02 2.20218e+03
8.75455e-02 4.03395e+03
9.25437e-02 2.74331e+03
9.75415e-02 4.81098e+03
1.02534e-01 1.55036e+03
1.07536e-01 1.46318e+03
1.12540e-01 2.15915e+03
1.17537e-01 3.29508e+03
1.22533e-01 -1.13573e+03
1.27534e-01 -5.42531e+02
1.32530e-01 -1.08308e+02
1.37531e-01 2.22613e+03
1.42530e-01 1.71565e+03
1.47526e-01 1.11153e+03
1.52527e-01 1.28787e+03
1.57528e-01 -7.73039e+02
1.62527e-01 -1.22975e+03
1.67526e-01 1.38042e+03
1.72526e-01 1.14855e+03
1.77526e-01 -5.52344e+01
1.82527e-01 1.04377e+03
1.87525e-01 4.25404e+02
1.92520e-01 -1.08878e+02
1.97516e-01 1.74009e+02
2.02513e-01 -2.39830e+02
2.07516e-01 -5.75375e+02
2.12517e-01 3.42060e+02
2.17519e-01 3.68600e+01
2.22521e-01 -2.12141e+02
2.27519e-01 5.10061e+02
2.32521e-01 1.13883e+03
2.37520e-01 -5.38923e+02
2.42520e-01 1.89497e+02
2.47519e-01 5.66176e+02
2.52516e-01 1.40097e+02
2.57514e-01 5.29146e+02
2.62513e-01 -4.22776e+01
2.67513e-01 -3.59562e+02
2.72514e-01 2.06569e+01
2.77515e-01 8.23614e+01
2.82516e-01 -1.33440e+02
2.87514e-01 -1.76703e+02
2.92512e-01 -2.60111e+02
2.97514e-01 2.32436e+02
3.02516e-01 -7.23886e+02
3.07515e-01 -2.07655e+02
3.12512e-01 -2.00632e+02
3.17510e-01 1.74053e+02
3.22511e-01 -9.71827e+01
3.27512e-01 5.46809e+01
3.32512e-01 5.47070e+02
3.37512e-01 -1.62110e+02
3.42513e-01 -1.49827e+02
3.47513e-01 -9.00241e+02
3.52513e-01 -4.44627e+02
3.57513e-01 -4.56942e+02
3.62512e-01 -4.87286e+02
3.67512e-01 2.99253e+02
3.72512e-01 -1.84902e+01
3.77511e-01 1.78474e+02
3.82510e-01 -7.22471e+02
3.87510e-01 -2.53697e+02
3.92510e-01 1.95727e+01
3.97510e-01 4.68189e+02
