80 2
k power
3.70544e-03 3.79537e+04
8.00271e-03 2.99264e+04
1.28497e-02 5.34154e+04
1.77641e-02 4.62936e+04
2.26842e-02 3.53979e+04
2.76464e-02 3.52162e+04
3.26361e-02 3.32624e+04
3.76229e-02 2.84944e+04
4.26066e-02 2.53634e+04
4.75842e-02 2.20857e+04
5.25722e-02 2.09142e+04
5.75659e-02 1.95168e+04
6.25589e-02 1.65888e+04
6.75629e-02 1.51352e+04
7.25605e-02 1.42530e+04
7.75516e-02 1.12169e+04
8.25500e-02 1.22686e+04
8.75455e-02 9.36498e+03
9.25437e-02 9.41017e+03
9.75415e-02 9.96353e+03
1.02534e-01 8.60493e+03
1.07536e-01 6.70370e+03
1.12540e-01 6.99212e+03
1.17537e-01 6.77421e+03
1.22533e-01 5.70973e+03
1.27534e-01 5.97493e+03
1.32530e-01 5.85957e+03
1.37531e-01 4.22552e+03
1.42530e-01 4.77400e+03
1.47526e-01 3.76766e+03
1.52527e-01 4.13003e+03
1.57528e-01 2.85060e+03
1.62527e-01 3.04383e+03
1.67526e-01 3.61488e+03
1.72526e-01 3.66991e+03
1.77526e-01 2.78542e+03
1.82527e-01 2.37331e+03
1.87525e-01 1.73345e+03
1.92520e-01 1.70191e+03
1.97516e-01 1.42174e+03
2.02513e-01 1.67884e+03
2.07516e-01 1.91214e+03
2.12517e-01 1.80957e+03
2.17519e-01 1.34643e+03
2.22521e-01 1.23017e+03
2.27519e-01 1.32664e+03
2.32521e-01 1.30993e+03
2.37520e-01 1.25532e+03
2.42520e-01 1.14746e+03
2.47519e-01 1.06720e+03
2.52516e-01 7.80617e+02
2.57514e-01 1.13307e+03
2.62513e-01 1.14516e+03
2.67513e-01 6.96562e+02
2.72514e-01 5.55648e+02
2.77515e-01 6.47109e+02
2.82516e-01 4.64219e+02
2.87514e-01 9.67602e+02
2.92512e-01 3.74633e+02
2.97514e-01 2.39031e+02
3.02516e-01 4.83289e+02
3.07515e-01 3.28281e+02
3.12512e-01 3.86883e+02
3.17510e-01 4.29586e+02
3.22511e-01 6.77797e+02
3.27512e-01 7.33070e+02
3.32512e-01 1.01270e+03
3.37512e-01 -1.58984e+01
3.42513e-01 9.11172e+01
3.47513e-01 1.07727e+02
3.52513e-01 1.95695e+02
3.57513e-01 4.00711e+02
3.62512e-01 4.82844e+02
3.67512e-01 2.70312e+02
3.72512e-01 4.63562e+02
3.77511e-01 4.48195e+02
3.82510e-01 3.71352e+02
3.87510e-01 1.01344e+02
3.92510e-01 -2.01328e+02
3.97510e-01 -1.09641e+02
3.70544e-03 -1.00454e+05
8.00271e-03 2.31662e+04
1.28497e-02 3.25118e+04
1.77641e-02 -2.73731e+02
2.26842e-02 1.06353e+04
2.76464e-02 -1.38991e+03
3.26361e-02 1.17259e+04
3.76229e-02 9.07684e+03
4.26066e-02 6.25700e+03
4.75842e-02 4.86145e+03
5.25722e-02 5.60756e+03
5.75659e-02 6.33581e+03
6.25589e-02 8.83584e+03
6.75629e-02 1.62602e+03
7.25605e-02 1.75656e+02
7.75516e-02 3.31668e+03
8.25500e-02 -2.36570e+03
8.75455e-02 -7.86757e+02
9.25437e-02 -5.27673e+02
9.75415e-02 -5.81458e+02
1.02534e-01 1.38297e+03
1.07536e-01 1.96303e+03
1.12540e-01 1.71149e+03
1.17537e-01 2.05748e+03
1.22533e-01 3.15990e+03
1.27534e-01 2.93387e+03
1.32530e-01 6.66637e+02
1.37531e-01 6.69627e+02
1.42530e-01 2.89998e+02
1.47526e-01 -1.11522e+02
1.52527e-01 8.65984e+01
1.57528e-01 -1.92446e+03
1.62527e-01 1.33158e+02
1.67526e-01 -3.13432e+02
1.72526e-01 5.53365e+02
1.77526e-01 3.47042e+01
1.82527e-01 -1.11400e+02
1.87525e-01 -3.75288e+01
1.92520e-01 3.48031e+02
1.97516e-01 6.13379e+02
2.02513e-01 -8.77846e+02
2.07516e-01 -1.83832e+03
2.12517e-01 -8.09516e+01
2.17519e-01 -2.76859e+02
2.22521e-01 -3.59801e+02
2.27519e-01 -1.05006e+03
2.32521e-01 -1.52254e+02
2.37520e-01 2.31188e+02
2.42520e-01 -8.64124e+02
2.47519e-01 -8.58832e+02
2.52516e-01 -4.32418e+02
2.57514e-01 4.16385e+02
2.62513e-01 -3.62710e+02
2.67513e-01 -3.43761e+02
2.72514e-01 -9.46557e+02
2.77515e-01 6.80425e+01
2.82516e-01 8.54466e+02
2.87514e-01 -7.79964e+00
2.92512e-01 7.83660e+02
2.97514e-01 -3.11361e+02
3.02516e-01 -1.49635e+00
3.07515e-01 -2.84283e+02
3.12512e-01 7.34875e+02
3.17510e-01 2.33942e+02
3.22511e-01 -7.58459e+01
3.27512e-01 2.65776e+02
3.32512e-01 -2.94665e+02
3.37512e-01 -6.83807e+02
3.42513e-01 -1.13325e+03
3.47513e-01 4.57202e+01
3.52513e-01 -5.12102e+02
3.57513e-01 -3.09531e+02
3.62512e-01 -7.51193e+02
3.67512e-01 3.59748e+02
3.72512e-01 2.81741e+02
3.77511e-01 -2.48171e+02
3.82510e-01 1.21440e+02
3.87510e-01 -5.50861e+01
3.92510e-01 8.37805e+01
3.97510e-01 -2.48276e+02
