80 2
k power
3.75378e-03 7.28801e+04
8.05040e-03 5.71505e+04
1.28486e-02 2.93136e+04
1.77516e-02 3.77480e+04
2.26918e-02 3.31591e+04
2.76480e-02 3.00887e+04
3.26126e-02 3.52333e+04
3.76111e-02 3.05489e+04
4.26130e-02 2.29258e+04
4.76051e-02 1.84437e+04
5.25913e-02 2.21997e+04
5.75684e-02 1.92447e+04
6.25625e-02 1.52836e+04
6.75666e-02 1.53973e+04
7.25730e-02 1.30885e+04
7.75647e-02 1.07736e+04
8.25476e-02 9.85467e+03
8.75441e-02 9.88791e+03
9.25437e-02 9.40543e+03
9.75415e-02 9.05747e+03
1.02541e-01 7.13144e+03
1.07542e-01 7.58373e+03
1.12541e-01 6.31786e+03
1.17533e-01 6.78301e+03
1.22524e-01 6.40104e+03
1.27531e-01 5.65155e+03
1.32537e-01 5.39842e+03
1.37532e-01 5.04880e+03
1.42526e-01 3.26880e+03
1.47525e-01 3.62597e+03
1.52527e-01 3.42177e+03
1.57525e-01 3.63053e+03
1.62524e-01 3.32634e+03
1.67524e-01 3.43382e+03
1.72523e-01 2.69766e+03
1.77521e-01 2.37622e+03
1.82521e-01 2.20783e+03
1.87522e-01 2.70114e+03
1.92522e-01 2.19386e+03
1.97522e-01 2.86806e+03
2.02520e-01 2.04492e+03
2.07516e-01 2.43560e+03
2.12515e-01 2.17777e+03
2.17519e-01 2.31548e+03
2.22521e-01 2.10632e+03
2.27520e-01 1.12881e+03
2.32521e-01 1.28249e+03
2.37519e-01 1.56604e+03
2.42517e-01 1.44300e+03
2.47516e-01 1.17735e+03
2.52517e-01 8.80875e+02
2.57519e-01 9.98312e+02
2.62519e-01 9.55406e+02
2.67517e-01 3.23492e+02
2.72515e-01 1.09912e+03
2.77516e-01 1.23869e+03
2.82516e-01 2.89984e+02
2.87515e-01 4.07430e+02
2.92513e-01 6.29430e+02
2.97512e-01 7.80773e+02
3.02513e-01 5.93172e+02
3.07511e-01 5.72930e+02
3.12511e-01 2.75578e+02
3.17513e-01 3.68047e+01
3.22513e-01 3.90844e+02
3.27512e-01 4.38812e+02
3.32509e-01 9.21484e+01
3.37510e-01 -1.67289e+02
3.42513e-01 -4.60938e-01
3.47514e-01 2.55094e+02
3.52514e-01 3.24234e+02
3.57512e-01 2.53617e+02
3.62512e-01 4.07586e+02
3.67512e-01 -7.53594e+01
3.72510e-01 4.74227e+02
3.77511e-01 5.73852e+02
3.82512e-01 5.41484e+02
3.87512e-01 3.30109e+02
3.92510e-01 6.59062e+01
3.97510e-01 1.75445e+02
3.75378e-03 6.27688e+04
8.05040e-03 1.05845e+05
1.28486e-02 1.55091e+04
1.77516e-02 1.09944e+04
2.26918e-02 1.15259e+04
2.76480e-02 1.68531e+04
3.26126e-02 -3.29582e+03
3.76111e-02 -8.40969e+03
4.26130e-02 3.12024e+03
4.76051e-02 6.26497e+03
5.25913e-02 4.71381e+03
5.75684e-02 6.27544e+03
6.25625e-02 6.90392e+03
6.75666e-02 8.14209e+03
7.25730e-02 5.93351e+03
7.75647e-02 6.09662e+03
8.25476e-02 3.85917e+03
8.75441e-02 6.53218e+03
9.25437e-02 1.89253e+03
9.75415e-02 2.57259e+03
1.02541e-01 5.72649e+03
1.07542e-01 5.20486e+03
1.12541e-01 3.86873e+03
1.17533e-01 2.41356e+03
1.22524e-01 8.36734e+02
1.27531e-01 3.45502e+03
1.32537e-01 1.55639e+03
1.37532e-01 1.47220e+03
1.42526e-01 1.22663e+03
1.47525e-01 1.84027e+03
1.52527e-01 6.03523e+02
1.57525e-01 -2.58711e+02
1.62524e-01 8.29413e+00
1.67524e-01 -1.31591e+02
1.72523e-01 1.53980e+03
1.77521e-01 2.00039e+03
1.82521e-01 6.10727e+02
1.87522e-01 -6.47193e+01
1.92522e-01 -2.09072e+03
1.97522e-01 -3.96420e+02
2.02520e-01 -5.88409e+02
2.07516e-01 2.76110e+02
2.12515e-01 1.20699e+03
2.17519e-01 1.06033e+02
2.22521e-01 -1.99680e+02
2.27520e-01 1.26512e+03
2.32521e-01 2.05029e+03
2.37519e-01 -7.13451e+01
2.42517e-01 -7.21013e+02
2.47516e-01 -2.05283e+02
2.52517e-01 -1.28772e+02
2.57519e-01 1.14114e+03
2.62519e-01 6.83958e+02
2.67517e-01 7.31154e+02
2.72515e-01 -6.94986e+02
2.77516e-01 -7.01265e+02
2.82516e-01 3.01709e+02
2.87515e-01 -1.21507e+03
2.92513e-01 3.44759e+02
2.97512e-01 4.27641e+02
3.02513e-01 4.67736e+02
3.07511e-01 2.14774e+02
3.12511e-01 -6.39418e+02
3.17513e-01 -9.33272e+02
3.22513e-01 -1.89630e+02
3.27512e-01 -4.11330e+02
3.32509e-01 -1.06187e+00
3.37510e-01 -1.93139e+02
3.42513e-01 3.02904e+02
3.47514e-01 -2.36753e+02
3.52514e-01 4.41436e+02
3.57512e-01 2.63311e+02
3.62512e-01 4.34039e+01
3.67512e-01 3.73889e+02
3.72510e-01 -1.36184e+01
3.77511e-01 -3.46519e+02
3.82512e-01 -6.41572e+02
3.87512e-01 -6.78417e+01
3.92510e-01 4.69874e+02
3.97510e-01 -1.58533e+02
