59 2
k power
8.05565e-03 2.56150e+04
1.28387e-02 4.64882e+04
1.77584e-02 3.99187e+04
2.26862e-02 3.82886e+04
2.76450e-02 3.53277e+04
3.26261e-02 3.13184e+04
3.76152e-02 2.90030e+04
4.26121e-02 2.18728e+04
4.75881e-02 2.13488e+04
5.25764e-02 1.73949e+04
5.75766e-02 1.75498e+04
6.25706e-02 1.35511e+04
6.75643e-02 1.46784e+04
7.25546e-02 1.29938e+04
7.75520e-02 1.00193e+04
8.25499e-02 1.05716e+04
8.75466e-02 8.51300e+03
9.25461e-02 9.03552e+03
9.75410e-02 9.02831e+03
1.02539e-01 7.13045e+03
1.07538e-01 6.14724e+03
1.12539e-01 5.55290e+03
1.17539e-01 5.36049e+03
1.22534e-01 5.24510e+03
1.27532e-01 4.16645e+03
1.32531e-01 5.29370e+03
1.37529e-01 4.86483e+03
1.42529e-01 4.04052e+03
1.47527e-01 4.29551e+03
1.52526e-01 3.94987e+03
1.57526e-01 3.02531e+03
1.62527e-01 3.03303e+03
1.67528e-01 2.63296e+03
1.72524e-01 1.90906e+03
1.77522e-01 2.70984e+03
1.82524e-01 2.37204e+03
1.87522e-01 1.94134e+03
1.92522e-01 2.54859e+03
1.97523e-01 2.24872e+03
2.02522e-01 1.85198e+03
2.07520e-01 1.84127e+03
2.12520e-01 1.73377e+03
2.17519e-01 1.73054e+03
2.22517e-01 1.30471e+03
2.27517e-01 9.30461e+02
2.32517e-01 1.25873e+03
2.37517e-01 3.16664e+02
2.42517e-01 1.38554e+03
2.47517e-01 8.57500e+02
2.52517e-01 1.05779e+03
2.57516e-01 7.76609e+02
2.62515e-01 9.70234e+02
2.67515e-01 9.68742e+02
2.72514e-01 7.40219e+02
2.77515e-01 7.58625e+02
2.82515e-01 9.64945e+02
2.87514e-01 6.25078e+02
2.92514e-01 4.02242e+02
2.97513e-01 3.26891e+02
8.05565e-03 1.89050e+04
1.28387e-02 -2.26166e+04
1.77584e-02 1.45262e+04
2.26862e-02 1.52916e+04
2.76450e-02 2.38219e+04
3.26261e-02 1.90400e+04
3.76152e-02 1.98093e+03
4.26121e-02 9.21454e+03
4.75881e-02 5.64046e+03
5.25764e-02 8.54888e+03
5.75766e-02 9.43864e+03
6.25706e-02 6.79459e+03
6.75643e-02 8.51611e+03
7.25546e-02 3.72352e+03
7.75520e-02 -5.59370e+02
8.25499e-02 4.07284e+03
8.75466e-02 7.19817e+02
9.25461e-02 2.21065e+03
9.75410e-02 5.53377e+02
1.02539e-01 1.71954e+03
1.07538e-01 3.15843e+03
1.12539e-01 8.64814e+02
1.17539e-01 3.09778e+03
1.22534e-01 1.10809e+03
1.27532e-01 1.94982e+02
1.32531e-01 4.78938e+01
1.37529e-01 -4.84154e+02
1.42529e-01 4.73229e+02
1.47527e-01 1.57375e+01
1.52526e-01 8.72901e+02
1.57526e-01 -5.59980e+02
1.62527e-01 1.14365e+03
1.67528e-01 6.31331e+01
1.72524e-01 6.43488e+02
1.77522e-01 1.75218e+02
1.82524e-01 8.18712e+02
1.87522e-01 3.02696e+02
1.92522e-01 1.06984e+02
1.97523e-01 -4.01031e+02
2.02522e-01 6.66311e+02
2.07520e-01 -8.60906e+01
2.12520e-01 -5.61178e+02
2.17519e-01 -5.16739e+02
2.22517e-01 -5.90994e+02
2.27517e-01 -1.61727e+03
2.32517e-01 6.31593e+02
2.37517e-01 -5.76175e+02
2.42517e-01 -4.51549e+00
2.47517e-01 -1.34784e+02
2.52517e-01 -5.79199e+02
2.57516e-01 -3.55910e+02
2.62515e-01 -7.56630e+02
2.67515e-01 -7.32977e+02
2.72514e-01 -6.70338e+02
2.77515e-01 1.43661e+02
2.82515e-01 -6.36167e+02
2.87514e-01 -1.45977e+02
2.92514e-01 -6.44773e+02
2.97513e-01 -1.32788e+03
