59 2
k power
8.01858e-03 1.55419e+04
1.28441e-02 3.87666e+04
1.77514e-02 4.29741e+04
2.26910e-02 4.01355e+04
2.76613e-02 3.30150e+04
3.26316e-02 3.26943e+04
3.76089e-02 2.71509e+04
4.25899e-02 2.18260e+04
4.75838e-02 2.20475e+04
5.25894e-02 1.86064e+04
5.75770e-02 1.78195e+04
6.25679e-02 1.63749e+04
6.75637e-02 1.54364e+04
7.25587e-02 1.41093e+04
7.75534e-02 1.46374e+04
8.25494e-02 1.22274e+04
8.75470e-02 1.02416e+04
9.25421e-02 6.72811e+03
9.75420e-02 7.29173e+03
1.02542e-01 7.10524e+03
1.07541e-01 6.30588e+03
1.12539e-01 5.34125e+03
1.17536e-01 5.77953e+03
1.22536e-01 5.87588e+03
1.27533e-01 6.33462e+03
1.32529e-01 5.98641e+03
1.37528e-01 4.87664e+03
1.42529e-01 4.11636e+03
1.47530e-01 4.15528e+03
1.52529e-01 4.03146e+03
1.57528e-01 3.61550e+03
1.62527e-01 2.52680e+03
1.67527e-01 2.48823e+03
1.72526e-01 3.12853e+03
1.77523e-01 2.49905e+03
1.82522e-01 1.51732e+03
1.87521e-01 2.05300e+03
1.92521e-01 1.98466e+03
1.97520e-01 1.87022e+03
2.02519e-01 2.04841e+03
2.07520e-01 1.67227e+03
2.12519e-01 1.06328e+03
2.17519e-01 7.05477e+02
2.22518e-01 7.70492e+02
2.27517e-01 1.64503e+03
2.32518e-01 1.91950e+03
2.37519e-01 1.24030e+03
2.42519e-01 8.92242e+02
2.47519e-01 7.71984e+02
2.52518e-01 3.87172e+02
2.57516e-01 1.28906e+03
2.62515e-01 6.57961e+02
2.67514e-01 3.80578e+02
2.72514e-01 1.05152e+03
2.77515e-01 1.16229e+03
2.82515e-01 1.50075e+03
2.87515e-01 1.30903e+03
2.92514e-01 8.99109e+02
2.97513e-01 7.94398e+02
8.01858e-03 -3.71097e+04
1.28441e-02 -3.61574e+04
1.77514e-02 1.22436e+03
2.26910e-02 -1.31453e+03
2.76613e-02 3.22705e+04
3.26316e-02 2.47765e+04
3.76089e-02 -9.18264e+03
4.25899e-02 -1.03057e+04
4.75838e-02 3.75340e+03
5.25894e-02 1.28065e+04
5.75770e-02 7.87786e+03
6.25679e-02 8.59326e+03
6.75637e-02 8.88640e+03
7.25587e-02 7.47028e+03
7.75534e-02 8.45587e+03
8.25494e-02 4.04486e+03
8.75470e-02 1.21306e+03
9.25421e-02 6.00661e+03
9.75420e-02 5.10385e+03
1.02542e-01 2.07427e+03
1.07541e-01 3.22860e+03
1.12539e-01 2.36600e+03
1.17536e-01 1.62311e+03
1.22536e-01 5.23999e+02
1.27533e-01 3.46993e+03
1.32529e-01 1.35243e+03
1.37528e-01 -3.91309e+02
1.42529e-01 -1.45326e+03
1.47530e-01 6.73341e+02
1.52529e-01 3.98019e+02
1.57528e-01 8.96048e+02
1.62527e-01 1.85024e+03
1.67527e-01 6.41806e+02
1.72526e-01 2.61702e+02
1.77523e-01 1.48182e+03
1.82522e-01 1.94535e+03
1.87521e-01 -4.95244e+02
1.92521e-01 2.04785e+03
1.97520e-01 6.71523e+02
2.02519e-01 1.04061e+03
2.07520e-01 8.61018e+02
2.12519e-01 -5.84583e+02
2.17519e-01 9.74556e+02
2.22518e-01 1.13899e+03
2.27517e-01 1.01938e+03
2.32518e-01 1.00448e+03
2.37519e-01 7.64790e+02
2.42519e-01 7.29563e+02
2.47519e-01 1.74359e+02
2.52518e-01 -4.54767e+02
2.57516e-01 -1.90296e+02
2.62515e-01 1.17798e+02
2.67514e-01 -2.32207e+02
2.72514e-01 1.38426e+02
2.77515e-01 -8.21712e+02
2.82515e-01 -1.67928e+02
2.87515e-01 -5.67293e+02
2.92514e-01 -1.31324e+03
2.97513e-01 -2.66012e+02
