80 2
k power
3.75378e-03 9.92099e+04
8.05040e-03 5.08408e+04
1.28486e-02 3.55614e+04
1.77516e-02 3.91141e+04
2.26918e-02 4.03197e+04
2.76480e-02 3.43207e+04
3.26126e-02 3.29508e+04
3.76111e-02 2.81574e+04
4.26130e-02 2.25500e+04
4.76051e-02 1.85089e+04
5.25913e-02 1.46289e+04
5.75684e-02 1.71724e+04
6.25625e-02 1.51471e+04
6.75666e-02 1.48479e+04
7.25730e-02 1.35493e+04
7.75647e-02 1.27129e+04
8.25476e-02 1.00543e+04
8.75441e-02 9.45585e+03
9.25437e-02 8.97307e+03
9.75415e-02 7.47625e+03
1.02541e-01 6.51381e+03
1.07542e-01 6.16678e+03
1.12541e-01 7.23713e+03
1.17533e-01 7.23894e+03
1.22524e-01 7.08550e+03
1.27531e-01 5.47866e+03
1.32537e-01 4.39378e+03
1.37532e-01 4.49369e+03
1.42526e-01 4.64199e+03
1.47525e-01 4.38054e+03
1.52527e-01 4.16564e+03
1.57525e-01 3.47502e+03
1.62524e-01 3.22378e+03
1.67524e-01 2.80361e+03
1.72523e-01 2.80321e+03
1.77521e-01 2.52536e+03
1.82521e-01 2.69080e+03
1.87522e-01 1.81291e+03
1.92522e-01 2.14577e+03
1.97522e-01 1.54769e+03
2.02520e-01 2.28934e+03
2.07516e-01 1.71251e+03
2.12515e-01 1.44616e+03
2.17519e-01 1.30415e+03
2.22521e-01 1.50909e+03
2.27520e-01 1.57941e+03
2.32521e-01 1.26066e+03
2.37519e-01 6.53312e+02
2.42517e-01 1.01736e+03
2.47516e-01 1.24629e+03
2.52517e-01 1.15591e+03
2.57519e-01 8.40875e+02
2.62519e-01 5.01031e+02
2.67517e-01 5.72703e+02
2.72515e-01 7.70062e+02
2.77516e-01 7.68469e+02
2.82516e-01 8.48984e+02
2.87515e-01 8.79562e+02
2.92513e-01 7.49695e+02
2.97512e-01 8.04219e+02
3.02513e-01 3.27766e+02
3.07511e-01 5.61648e+02
3.12511e-01 5.36680e+02
3.17513e-01 5.33164e+02
3.22513e-01 4.98883e+02
3.27512e-01 3.48562e+02
3.32509e-01 -7.18125e+01
3.37510e-01 3.31078e+02
3.42513e-01 3.00289e+02
3.47514e-01 -1.54336e+02
3.52514e-01 -6.36641e+01
3.57512e-01 2.08938e+02
3.62512e-01 3.35430e+02
3.67512e-01 7.49688e+01
3.72510e-01 1.93555e+02
3.77511e-01 3.61977e+02
3.82512e-01 2.23688e+02
3.87512e-01 3.92031e+02
3.92510e-01 4.68172e+02
3.97510e-01 3.83656e+02
3.75378e-03 -6.38080e+04
8.05040e-03 2.69263e+04
1.28486e-02 1.42609e+04
1.77516e-02 4.76952e+03
2.26918e-02 1.78881e+04
2.76480e-02 2.80238e+03
3.26126e-02 6.19790e+03
3.76111e-02 1.08150e+04
4.26130e-02 7.90683e+03
4.76051e-02 1.04112e+04
5.25913e-02 -4.50371e+03
5.75684e-02 8.26863e+03
6.25625e-02 6.43623e+03
6.75666e-02 3.60290e+03
7.25730e-02 6.35883e+03
7.75647e-02 3.32190e+03
8.25476e-02 4.16829e+03
8.75441e-02 4.56645e+03
9.25437e-02 6.55632e+03
9.75415e-02 1.64522e+03
1.02541e-01 1.98108e+03
1.07542e-01 2.26238e+03
1.12541e-01 1.47938e+03
1.17533e-01 7.09547e+02
1.22524e-01 -2.08833e+03
1.27531e-01 2.36920e+03
1.32537e-01 -6.22605e+02
1.37532e-01 1.34665e+03
1.42526e-01 1.30374e+03
1.47525e-01 8.87641e+02
1.52527e-01 4.15087e+02
1.57525e-01 1.18078e+03
1.62524e-01 1.13322e+03
1.67524e-01 1.39684e+03
1.72523e-01 1.47696e+03
1.77521e-01 9.23030e+02
1.82521e-01 -3.09840e+02
1.87522e-01 -1.08782e+02
1.92522e-01 6.89743e+02
1.97522e-01 9.14804e+01
2.02520e-01 -8.92142e+02
2.07516e-01 4.07492e+02
2.12515e-01 -2.79629e+02
2.17519e-01 3.13528e+02
2.22521e-01 1.00983e+03
2.27520e-01 -5.49957e+02
2.32521e-01 4.52606e+02
2.37519e-01 8.87206e+02
2.42517e-01 3.39638e+02
2.47516e-01 -9.74761e+02
2.52517e-01 5.23116e+01
2.57519e-01 6.85246e+02
2.62519e-01 2.73047e+02
2.67517e-01 -1.71303e+03
2.72515e-01 -8.25577e+02
2.77516e-01 -1.13105e+03
2.82516e-01 -4.00054e+02
2.87515e-01 -5.24267e+02
2.92513e-01 2.82380e+02
2.97512e-01 -1.49830e+02
3.02513e-01 -4.41543e+02
3.07511e-01 5.18734e+01
3.12511e-01 -2.75101e+02
3.17513e-01 4.20771e+02
3.22513e-01 -3.79382e+02
3.27512e-01 2.73316e+02
3.32509e-01 3.23154e+02
3.37510e-01 -7.78335e+02
3.42513e-01 -9.06144e+02
3.47514e-01 -4.32377e+02
3.52514e-01 -7.58596e+01
3.57512e-01 6.81191e+02
3.62512e-01 1.98359e+02
3.67512e-01 -1.30824e+02
3.72510e-01 -3.80858e+02
3.77511e-01 6.44632e+00
3.82512e-01 3.17870e+02
3.87512e-01 2.92661e+02
3.92510e-01 1.06782e+02
3.97510e-01 -1.86458e+02
