59 2
k power
8.00271e-03 2.55776e+04
1.28497e-02 3.12030e+04
1.77641e-02 3.89364e+04
2.26842e-02 3.99831e+04
2.76464e-02 3.46825e+04
3.26361e-02 2.90786e+04
3.76229e-02 2.03234e+04
4.26066e-02 2.47344e+04
4.75842e-02 2.27027e+04
5.25722e-02 1.89543e+04
5.75659e-02 1.71960e+04
6.25589e-02 1.38628e+04
6.75629e-02 1.48208e+04
7.25605e-02 1.24060e+04
7.75516e-02 1.11328e+04
8.25500e-02 1.14298e+04
8.75455e-02 9.21791e+03
9.25437e-02 8.58810e+03
9.75415e-02 7.10859e+03
1.02534e-01 7.19103e+03
1.07536e-01 7.07835e+03
1.12540e-01 6.98448e+03
1.17537e-01 6.05627e+03
1.22533e-01 5.34878e+03
1.27534e-01 5.55162e+03
1.32530e-01 3.89677e+03
1.37531e-01 3.82461e+03
1.42530e-01 3.90161e+03
1.47526e-01 3.86946e+03
1.52527e-01 3.60281e+03
1.57528e-01 3.95953e+03
1.62527e-01 2.84793e+03
1.67526e-01 2.83590e+03
1.72526e-01 2.35831e+03
1.77526e-01 2.35184e+03
1.82527e-01 2.91074e+03
1.87525e-01 2.15119e+03
1.92520e-01 2.46069e+03
1.97516e-01 1.69578e+03
2.02513e-01 1.84162e+03
2.07516e-01 1.06318e+03
2.12517e-01 1.19230e+03
2.17519e-01 1.23273e+03
2.22521e-01 1.16924e+03
2.27519e-01 1.43276e+03
2.32521e-01 1.14188e+03
2.37520e-01 1.60616e+03
2.42520e-01 1.41170e+03
2.47519e-01 1.23174e+03
2.52516e-01 8.95898e+02
2.57514e-01 1.07581e+03
2.62513e-01 1.07579e+03
2.67513e-01 1.09244e+03
2.72514e-01 4.70266e+02
2.77515e-01 8.58766e+02
2.82516e-01 7.69648e+02
2.87514e-01 3.86688e+02
2.92512e-01 -3.52906e+02
2.97514e-01 1.94242e+02
8.00271e-03 2.88621e+03
1.28497e-02 -1.07728e+03
1.77641e-02 4.05727e+03
2.26842e-02 1.73036e+04
2.76464e-02 2.04022e+04
3.26361e-02 2.38083e+04
3.76229e-02 9.47822e+03
4.26066e-02 7.12516e+03
4.75842e-02 5.38158e+03
5.25722e-02 2.97168e+02
5.75659e-02 3.94400e+03
6.25589e-02 5.59009e+03
6.75629e-02 4.14014e+03
7.25605e-02 6.24431e+03
7.75516e-02 3.23312e+03
8.25500e-02 4.49665e+03
8.75455e-02 4.26986e+03
9.25437e-02 3.59581e+03
9.75415e-02 4.50019e+02
1.02534e-01 -2.58778e+02
1.07536e-01 -9.93990e+02
1.12540e-01 -5.77092e+02
1.17537e-01 1.22520e+03
1.22533e-01 1.86212e+03
1.27534e-01 2.36849e+03
1.32530e-01 -1.44901e+03
1.37531e-01 5.38384e+02
1.42530e-01 9.40641e+02
1.47526e-01 7.66588e+02
1.52527e-01 3.92137e+02
1.57528e-01 1.59810e+03
1.62527e-01 1.65838e+01
1.67526e-01 3.73681e+03
1.72526e-01 1.79800e+03
1.77526e-01 2.40173e+03
1.82527e-01 2.44097e+02
1.87525e-01 7.62455e+02
1.92520e-01 1.12956e+03
1.97516e-01 1.38984e+02
2.02513e-01 8.23524e+02
2.07516e-01 -3.39385e+02
2.12517e-01 -8.28550e+01
2.17519e-01 -8.77992e+02
2.22521e-01 -2.74605e+02
2.27519e-01 8.86497e+02
2.32521e-01 -3.49074e+02
2.37520e-01 2.80773e+02
2.42520e-01 -1.47931e+03
2.47519e-01 -4.04844e+02
2.52516e-01 -1.78526e+02
2.57514e-01 1.08995e+03
2.62513e-01 -8.95237e+02
2.67513e-01 -7.64345e+02
2.72514e-01 -3.30487e+01
2.77515e-01 -4.33025e+02
2.82516e-01 -1.21305e+01
2.87514e-01 -8.69448e+02
2.92512e-01 -7.42583e+02
2.97514e-01 -8.69502e+02
