59 2
k power
8.00271e-03 3.54966e+04
1.28497e-02 2.85340e+04
1.77641e-02 3.15695e+04
2.26842e-02 4.15219e+04
2.76464e-02 3.66554e+04
3.26361e-02 2.47727e+04
3.76229e-02 2.88188e+04
4.26066e-02 2.28919e+04
4.75842e-02 2.28823e+04
5.25722e-02 2.11733e+04
5.75659e-02 1.48288e+04
6.25589e-02 1.54591e+04
6.75629e-02 1.55420e+04
7.25605e-02 1.41006e+04
7.75516e-02 1.17112e+04
8.25500e-02 1.18924e+04
8.75455e-02 9.80120e+03
9.25437e-02 7.60325e+03
9.75415e-02 8.39717e+03
1.02534e-01 7.63407e+03
1.07536e-01 6.07752e+03
1.12540e-01 6.68151e+03
1.17537e-01 5.95671e+03
1.22533e-01 5.91575e+03
1.27534e-01 5.66455e+03
1.32530e-01 5.03941e+03
1.37531e-01 5.60480e+03
1.42530e-01 5.16816e+03
1.47526e-01 5.13810e+03
1.52527e-01 3.51507e+03
1.57528e-01 3.69870e+03
1.62527e-01 3.64698e+03
1.67526e-01 2.91478e+03
1.72526e-01 2.41834e+03
1.77526e-01 1.84580e+03
1.82527e-01 2.13527e+03
1.87525e-01 2.08562e+03
1.92520e-01 2.33956e+03
1.97516e-01 2.17388e+03
2.02513e-01 2.10882e+03
2.07516e-01 1.99254e+03
2.12517e-01 1.07444e+03
2.17519e-01 1.81142e+03
2.22521e-01 1.41811e+03
2.27519e-01 9.66773e+02
2.32521e-01 1.28905e+03
2.37520e-01 1.16582e+03
2.42520e-01 7.21398e+02
2.47519e-01 9.73906e+02
2.52516e-01 1.08623e+03
2.57514e-01 7.59586e+02
2.62513e-01 7.98648e+02
2.67513e-01 6.26188e+02
2.72514e-01 5.73031e+02
2.77515e-01 6.13047e+02
2.82516e-01 -9.25781e+01
2.87514e-01 3.97094e+02
2.92512e-01 4.51953e+02
2.97514e-01 3.06852e+02
8.00271e-03 1.57856e+04
1.28497e-02 3.74649e+04
1.77641e-02 3.41780e+04
2.26842e-02 2.07923e+04
2.76464e-02 5.71713e+03
3.26361e-02 1.97469e+04
3.76229e-02 6.69199e+02
4.26066e-02 1.28518e+03
4.75842e-02 6.34715e+03
5.25722e-02 1.58489e+04
5.75659e-02 8.15118e+03
6.25589e-02 1.05669e+04
6.75629e-02 6.41002e+03
7.25605e-02 3.14162e+03
7.75516e-02 3.69098e+03
8.25500e-02 3.85497e+03
8.75455e-02 3.64436e+03
9.25437e-02 -2.55228e+02
9.75415e-02 -1.42789e+02
1.02534e-01 2.62791e+03
1.07536e-01 6.24104e+03
1.12540e-01 2.93697e+03
1.17537e-01 3.31399e+03
1.22533e-01 2.26515e+03
1.27534e-01 1.66034e+03
1.32530e-01 -2.60633e+02
1.37531e-01 -4.92026e+02
1.42530e-01 1.16331e+02
1.47526e-01 3.70036e+02
1.52527e-01 5.64263e+01
1.57528e-01 -1.14578e+03
1.62527e-01 2.79875e+02
1.67526e-01 -9.26630e+02
1.72526e-01 -7.56126e+02
1.77526e-01 -1.54580e+02
1.82527e-01 -2.11669e+02
1.87525e-01 -1.03952e+03
1.92520e-01 1.55143e+02
1.97516e-01 -9.93399e+02
2.02513e-01 -7.21792e+02
2.07516e-01 -8.39535e+01
2.12517e-01 -2.19692e+02
2.17519e-01 -8.19640e+02
2.22521e-01 3.21531e+02
2.27519e-01 -2.75552e+02
2.32521e-01 3.17618e+02
2.37520e-01 2.89348e+02
2.42520e-01 -9.77113e+02
2.47519e-01 1.01187e+02
2.52516e-01 3.50441e+02
2.57514e-01 -7.11592e+02
2.62513e-01 1.41525e+02
2.67513e-01 -6.37150e+02
2.72514e-01 -1.29842e+03
2.77515e-01 -3.73806e+02
2.82516e-01 -5.22762e+02
2.87514e-01 -5.55645e+02
2.92512e-01 -2.76021e+02
2.97514e-01 5.22478e+02
