80 2
k power
3.75378e-03 -1.07329e+04
8.05040e-03 2.63278e+04
1.28486e-02 3.89190e+04
1.77516e-02 4.21516e+04
2.26918e-02 4.40677e+04
2.76480e-02 3.01257e+04
3.26126e-02 2.50352e+04
3.76111e-02 2.44254e+04
4.26130e-02 1.94070e+04
4.76051e-02 2.09159e+04
5.25913e-02 2.02113e+04
5.75684e-02 1.95196e+04
6.25625e-02 1.58543e+04
6.75666e-02 1.37869e+04
7.25730e-02 1.41955e+04
7.75647e-02 1.52695e+04
8.25476e-02 1.23183e+04
8.75441e-02 1.13947e+04
9.25437e-02 1.01988e+04
9.75415e-02 1.09967e+04
1.02541e-01 8.83259e+03
1.07542e-01 5.24832e+03
1.12541e-01 6.65826e+03
1.17533e-01 5.55441e+03
1.22524e-01 5.74019e+03
1.27531e-01 5.65383e+03
1.32537e-01 4.59337e+03
1.37532e-01 4.81277e+03
1.42526e-01 4.89180e+03
1.47525e-01 4.75710e+03
1.52527e-01 4.24266e+03
1.57525e-01 3.23498e+03
1.62524e-01 3.16998e+03
1.67524e-01 2.82381e+03
1.72523e-01 3.39037e+03
1.77521e-01 3.32241e+03
1.82521e-01 2.73757e+03
1.87522e-01 2.25259e+03
1.92522e-01 2.19593e+03
1.97522e-01 2.62177e+03
2.02520e-01 2.29657e+03
2.07516e-01 2.25431e+03
2.12515e-01 1.80140e+03
2.17519e-01 1.98613e+03
2.22521e-01 1.28479e+03
2.27520e-01 1.19566e+03
2.32521e-01 1.26534e+03
2.37519e-01 5.64594e+02
2.42517e-01 1.19994e+03
2.47516e-01 1.29725e+03
2.52517e-01 9.70922e+02
2.57519e-01 6.56438e+02
2.62519e-01 6.57859e+02
2.67517e-01 8.48344e+02
2.72515e-01 3.75188e+02
2.77516e-01 8.74391e+02
2.82516e-01 5.73633e+02
2.87515e-01 4.33117e+02
2.92513e-01 6.52172e+02
2.97512e-01 1.07641e+02
3.02513e-01 2.22148e+02
3.07511e-01 4.24250e+02
3.12511e-01 2.98078e+02
3.17513e-01 3.90742e+02
3.22513e-01 1.39664e+02
3.27512e-01 3.62078e+02
3.32509e-01 4.38602e+02
3.37510e-01 3.34734e+02
3.42513e-01 6.69453e+01
3.47514e-01 2.17648e+02
3.52514e-01 2.66453e+02
3.57512e-01 7.04383e+02
3.62512e-01 2.98906e+02
3.67512e-01 3.68750e+01
3.72510e-01 1.38758e+02
3.77511e-01 6.18453e+02
3.82512e-01 4.19156e+02
3.87512e-01 1.71430e+02
3.92510e-01 -1.14898e+02
3.97510e-01 1.05727e+02
3.75378e-03 2.88192e+04
8.05040e-03 -1.92009e+04
1.28486e-02 -1.30176e+04
1.77516e-02 1.01988e+04
2.26918e-02 8.73613e+03
2.76480e-02 1.75114e+04
3.26126e-02 6.34682e+03
3.76111e-02 4.88979e+03
4.26130e-02 8.32669e+02
4.76051e-02 1.04631e+03
5.25913e-02 1.68109e+03
5.75684e-02 8.54158e+03
6.25625e-02 4.00271e+03
6.75666e-02 4.81777e+03
7.25730e-02 3.50897e+03
7.75647e-02 1.47888e+03
8.25476e-02 2.96526e+03
8.75441e-02 4.03487e+03
9.25437e-02 -5.19373e+02
9.75415e-02 6.03742e+02
1.02541e-01 4.43674e+03
1.07542e-01 2.48409e+03
1.12541e-01 2.54435e+03
1.17533e-01 -2.26281e+02
1.22524e-01 8.85909e+02
1.27531e-01 2.43758e+03
1.32537e-01 1.11654e+02
1.37532e-01 2.75824e+03
1.42526e-01 2.51219e+03
1.47525e-01 3.07008e+03
1.52527e-01 1.39098e+03
1.57525e-01 8.67789e+02
1.62524e-01 -8.38453e+02
1.67524e-01 2.76123e+03
1.72523e-01 2.49784e+03
1.77521e-01 1.27354e+02
1.82521e-01 -1.73260e+02
1.87522e-01 -1.04853e+03
1.92522e-01 -3.16600e+02
1.97522e-01 -1.18931e+03
2.02520e-01 -6.39010e+02
2.07516e-01 8.99338e+02
2.12515e-01 1.39905e+03
2.17519e-01 1.26199e+03
2.22521e-01 1.04426e+03
2.27520e-01 -2.59090e+02
2.32521e-01 -1.51357e+02
2.37519e-01 -6.87462e+01
2.42517e-01 -1.73972e+02
2.47516e-01 6.15466e+02
2.52517e-01 6.65529e+02
2.57519e-01 -1.84751e+02
2.62519e-01 4.75465e+02
2.67517e-01 1.89781e+02
2.72515e-01 -5.33163e+02
2.77516e-01 1.95660e+02
2.82516e-01 1.02319e+02
2.87515e-01 4.25020e+02
2.92513e-01 -7.98315e+02
2.97512e-01 -8.96184e+02
3.02513e-01 3.90395e+02
3.07511e-01 4.97592e+02
3.12511e-01 -5.80999e+02
3.17513e-01 -5.92533e+01
3.22513e-01 -5.30235e+02
3.27512e-01 -5.10279e+02
3.32509e-01 8.68987e+02
3.37510e-01 -1.91390e+02
3.42513e-01 -1.00631e+02
3.47514e-01 4.49665e+02
3.52514e-01 -4.53422e+02
3.57512e-01 -1.04393e+03
3.62512e-01 1.64556e+01
3.67512e-01 3.80064e+02
3.72510e-01 -3.66932e+02
3.77511e-01 4.45943e+02
3.82512e-01 5.79808e+02
3.87512e-01 5.96795e+02
3.92510e-01 9.73778e+02
3.97510e-01 2.02264e+02
