59 2
k power
8.01858e-03 2.69767e+04
1.28441e-02 3.69794e+04
1.77514e-02 3.05140e+04
2.26910e-02 2.77372e+04
2.76613e-02 2.88882e+04
3.26316e-02 2.87916e+04
3.76089e-02 2.66177e+04
4.25899e-02 2.38377e+04
4.75838e-02 2.06740e+04
5.25894e-02 1.82851e+04
5.75770e-02 1.88843e+04
6.25679e-02 1.64093e+04
6.75637e-02 1.65704e+04
7.25587e-02 1.65766e+04
7.75534e-02 1.35979e+04
8.25494e-02 9.88643e+03
8.75470e-02 9.39716e+03
9.25421e-02 8.59897e+03
9.75420e-02 7.54327e+03
1.02542e-01 6.33509e+03
1.07541e-01 6.04109e+03
1.12539e-01 6.93952e+03
1.17536e-01 5.89560e+03
1.22536e-01 5.61003e+03
1.27533e-01 5.53698e+03
1.32529e-01 4.94617e+03
1.37528e-01 4.58848e+03
1.42529e-01 3.33945e+03
1.47530e-01 3.24409e+03
1.52529e-01 2.82991e+03
1.57528e-01 3.14240e+03
1.62527e-01 2.58930e+03
1.67527e-01 2.69623e+03
1.72526e-01 2.75753e+03
1.77523e-01 2.84857e+03
1.82522e-01 2.20596e+03
1.87521e-01 1.22773e+03
1.92521e-01 1.86753e+03
1.97520e-01 1.70766e+03
2.02519e-01 1.85025e+03
2.07520e-01 1.57626e+03
2.12519e-01 1.92541e+03
2.17519e-01 1.24461e+03
2.22518e-01 1.33131e+03
2.27517e-01 1.57765e+03
2.32518e-01 1.57914e+03
2.37519e-01 1.46298e+03
2.42519e-01 1.00576e+03
2.47519e-01 9.12250e+02
2.52518e-01 1.07510e+03
2.57516e-01 1.23534e+03
2.62515e-01 1.21583e+03
2.67514e-01 1.15073e+03
2.72514e-01 4.19891e+02
2.77515e-01 7.43016e+02
2.82515e-01 1.13661e+03
2.87515e-01 8.50508e+02
2.92514e-01 5.28133e+02
2.97513e-01 3.29023e+02
8.01858e-03 -2.65346e+02
1.28441e-02 3.00931e+04
1.77514e-02 2.11132e+04
2.26910e-02 2.52498e+04
2.76613e-02 5.19915e+03
3.26316e-02 1.69880e+04
3.76089e-02 8.80517e+03
4.25899e-02 1.68689e+04
4.75838e-02 1.30194e+04
5.25894e-02 3.73377e+03
5.75770e-02 6.47210e+03
6.25679e-02 7.79305e+03
6.75637e-02 6.25217e+03
7.25587e-02 4.07546e+03
7.75534e-02 5.37354e+03
8.25494e-02 5.77293e+03
8.75470e-02 4.37652e+03
9.25421e-02 2.01477e+03
9.75420e-02 -7.16077e+02
1.02542e-01 3.33854e+02
1.07541e-01 1.97505e+03
1.12539e-01 2.18156e+03
1.17536e-01 -2.59532e+02
1.22536e-01 4.28617e+02
1.27533e-01 2.34078e+03
1.32529e-01 2.64303e+03
1.37528e-01 2.55448e+03
1.42529e-01 1.68353e+03
1.47530e-01 1.28391e+03
1.52529e-01 5.84697e+02
1.57528e-01 1.94087e+03
1.62527e-01 3.08710e+03
1.67527e-01 2.24434e+03
1.72526e-01 1.54049e+03
1.77523e-01 1.38878e+03
1.82522e-01 1.01339e+03
1.87521e-01 3.62031e+02
1.92521e-01 1.20775e+03
1.97520e-01 1.05607e+03
2.02519e-01 7.00686e+02
2.07520e-01 7.52716e+02
2.12519e-01 4.31984e+02
2.17519e-01 -2.34353e+02
2.22518e-01 -7.09516e+02
2.27517e-01 7.03437e+02
2.32518e-01 5.76483e+02
2.37519e-01 1.25521e+03
2.42519e-01 1.09169e+03
2.47519e-01 2.59918e+02
2.52518e-01 -1.13836e+02
2.57516e-01 -7.04898e+02
2.62515e-01 -4.48262e+01
2.67514e-01 4.78405e+02
2.72514e-01 7.11891e+02
2.77515e-01 3.43475e+02
2.82515e-01 -2.95327e+02
2.87515e-01 1.17191e+03
2.92514e-01 3.56590e+02
2.97513e-01 1.00003e+02
