60 2
k power
3.70544e-03 7.69149e+04
8.00271e-03 5.23663e+04
1.28497e-02 4.99399e+04
1.77641e-02 3.78998e+04
2.26842e-02 3.93167e+04
2.76464e-02 3.98228e+04
3.26361e-02 2.79783e+04
3.76229e-02 2.20260e+04
4.26066e-02 2.17628e+04
4.75842e-02 2.02722e+04
5.25722e-02 2.15951e+04
5.75659e-02 2.04474e+04
6.25589e-02 1.56006e+04
6.75629e-02 1.63701e+04
7.25605e-02 1.40966e+04
7.75516e-02 1.45394e+04
8.25500e-02 1.05961e+04
8.75455e-02 9.15961e+03
9.25437e-02 9.81082e+03
9.75415e-02 8.84773e+03
1.02534e-01 7.20506e+03
1.07536e-01 6.91883e+03
1.12540e-01 6.35310e+03
1.17537e-01 5.96448e+03
1.22533e-01 6.35821e+03
1.27534e-01 5.89805e+03
1.32530e-01 3.99910e+03
1.37531e-01 3.82518e+03
1.42530e-01 5.28295e+03
1.47526e-01 4.33939e+03
1.52527e-01 2.58526e+03
1.57528e-01 2.64821e+03
1.62527e-01 3.34601e+03
1.67526e-01 3.26688e+03
1.72526e-01 3.11897e+03
1.77526e-01 3.21888e+03
1.82527e-01 2.62402e+03
1.87525e-01 2.45248e+03
1.92520e-01 1.54101e+03
1.97516e-01 1.65605e+03
2.02513e-01 1.95008e+03
2.07516e-01 1.21407e+03
2.12517e-01 1.47959e+03
2.17519e-01 1.40406e+03
2.22521e-01 1.14138e+03
2.27519e-01 1.52259e+03
2.32521e-01 1.56654e+03
2.37520e-01 7.06055e+02
2.42520e-01 1.25519e+03
2.47519e-01 1.32757e+03
2.52516e-01 8.79695e+02
2.57514e-01 6.72250e+02
2.62513e-01 5.66367e+02
2.67513e-01 6.52172e+02
2.72514e-01 3.11938e+02
2.77515e-01 7.84367e+02
2.82516e-01 4.85266e+02
2.87514e-01 8.74031e+02
2.92512e-01 1.01135e+03
2.97514e-01 5.97648e+02
3.70544e-03 6.23599e+04
8.00271e-03 5.44713e+04
1.28497e-02 2.14434e+04
1.77641e-02 9.66479e+03
2.26842e-02 1.73703e+04
2.76464e-02 3.07280e+04
3.26361e-02 1.04528e+04
3.76229e-02 8.87350e+03
4.26066e-02 5.60585e+03
4.75842e-02 7.82263e+03
5.25722e-02 1.31605e+04
5.75659e-02 6.27301e+03
6.25589e-02 1.09141e+04
6.75629e-02 4.56780e+03
7.25605e-02 2.16464e+03
7.75516e-02 1.61105e+03
8.25500e-02 3.10598e+03
8.75455e-02 5.48761e+03
9.25437e-02 -8.33932e+01
9.75415e-02 2.10174e+02
1.02534e-01 3.93990e+03
1.07536e-01 5.80126e+03
1.12540e-01 1.74946e+03
1.17537e-01 1.72480e+03
1.22533e-01 -6.32350e+02
1.27534e-01 -7.87889e+02
1.32530e-01 -3.61480e+02
1.37531e-01 -2.72786e+02
1.42530e-01 -2.50695e+02
1.47526e-01 2.04690e+03
1.52527e-01 9.11162e+02
1.57528e-01 1.60451e+03
1.62527e-01 4.90423e+01
1.67526e-01 2.83657e+02
1.72526e-01 4.70718e+02
1.77526e-01 -2.59550e+02
1.82527e-01 -2.85237e+01
1.87525e-01 -4.84694e+01
1.92520e-01 8.09302e+02
1.97516e-01 -6.35612e+02
2.02513e-01 -5.93163e+01
2.07516e-01 7.33539e+02
2.12517e-01 7.24375e+02
2.17519e-01 1.33953e+03
2.22521e-01 -2.35367e+02
2.27519e-01 4.35408e+02
2.32521e-01 -8.82255e+02
2.37520e-01 -4.57565e+02
2.42520e-01 -7.15357e+02
2.47519e-01 1.66712e+02
2.52516e-01 -4.06185e+02
2.57514e-01 -6.59846e+02
2.62513e-01 3.51996e+02
2.67513e-01 4.14804e+02
2.72514e-01 8.72823e+02
2.77515e-01 9.92845e+01
2.82516e-01 -4.36007e+02
2.87514e-01 -6.91141e+02
2.92512e-01 -3.30597e+02
2.97514e-01 -8.69763e+02
