60 2
k power
3.70814e-03 1.24631e+03
8.01858e-03 1.93187e+04
1.28441e-02 2.65563e+04
1.77514e-02 3.14608e+04
2.26910e-02 3.23490e+04
2.76613e-02 3.22069e+04
3.26316e-02 3.37977e+04
3.76089e-02 2.48771e+04
4.25899e-02 1.83904e+04
4.75838e-02 1.95428e+04
5.25894e-02 1.68182e+04
5.75770e-02 1.62309e+04
6.25679e-02 1.71030e+04
6.75637e-02 1.70778e+04
7.25587e-02 1.41138e+04
7.75534e-02 1.07421e+04
8.25494e-02 1.21320e+04
8.75470e-02 1.15985e+04
9.25421e-02 9.88049e+03
9.75420e-02 9.41082e+03
1.02542e-01 7.51123e+03
1.07541e-01 7.11629e+03
1.12539e-01 6.34413e+03
1.17536e-01 5.46114e+03
1.22536e-01 4.21055e+03
1.27533e-01 5.88879e+03
1.32529e-01 5.30253e+03
1.37528e-01 4.68741e+03
1.42529e-01 4.03020e+03
1.47530e-01 3.70872e+03
1.52529e-01 3.74987e+03
1.57528e-01 3.05919e+03
1.62527e-01 3.46523e+03
1.67527e-01 3.25798e+03
1.72526e-01 2.68837e+03
1.77523e-01 2.85903e+03
1.82522e-01 2.74367e+03
1.87521e-01 2.26609e+03
1.92521e-01 2.07311e+03
1.97520e-01 1.55433e+03
2.02519e-01 1.73577e+03
2.07520e-01 1.91550e+03
2.12519e-01 2.24441e+03
2.17519e-01 1.91223e+03
2.22518e-01 1.70613e+03
2.27517e-01 1.06912e+03
2.32518e-01 1.21660e+03
2.37519e-01 1.16927e+03
2.42519e-01 9.09859e+02
2.47519e-01 8.73539e+02
2.52518e-01 1.06830e+03
2.57516e-01 8.89594e+02
2.62515e-01 5.24086e+02
2.67514e-01 1.10116e+03
2.72514e-01 1.35715e+03
2.77515e-01 1.03466e+03
2.82515e-01 6.30242e+02
2.87515e-01 8.34648e+02
2.92514e-01 7.99023e+02
2.97513e-01 4.36938e+02
3.70814e-03 -2.83974e+04
8.01858e-03 8.39418e+03
1.28441e-02 1.56434e+04
1.77514e-02 -5.70865e+03
2.26910e-02 1.60295e+04
2.76613e-02 2.90326e+04
3.26316e-02 2.27449e+04
3.76089e-02 1.26168e+04
4.25899e-02 5.17730e+03
4.75838e-02 3.55344e+03
5.25894e-02 8.30706e+03
5.75770e-02 1.03164e+04
6.25679e-02 9.53603e+03
6.75637e-02 6.80202e+03
7.25587e-02 6.63772e+03
7.75534e-02 6.19105e+03
8.25494e-02 3.60954e+03
8.75470e-02 6.10546e+03
9.25421e-02 6.42180e+03
9.75420e-02 2.43959e+03
1.02542e-01 4.14548e+03
1.07541e-01 5.78976e+03
1.12539e-01 3.60380e+03
1.17536e-01 3.81434e+03
1.22536e-01 2.72902e+03
1.27533e-01 1.62996e+03
1.32529e-01 1.97127e+03
1.37528e-01 2.08986e+03
1.42529e-01 7.29414e+02
1.47530e-01 1.39697e+03
1.52529e-01 -3.37588e+02
1.57528e-01 1.17002e+03
1.62527e-01 1.27990e+03
1.67527e-01 3.89835e+02
1.72526e-01 -1.55727e+02
1.77523e-01 -9.32695e+02
1.82522e-01 -3.77602e+01
1.87521e-01 5.57208e+02
1.92521e-01 5.80852e+02
1.97520e-01 8.09445e+02
2.02519e-01 3.14755e+02
2.07520e-01 1.59769e+02
2.12519e-01 1.02753e+03
2.17519e-01 7.88014e+02
2.22518e-01 -2.49498e+02
2.27517e-01 2.08524e+02
2.32518e-01 -8.80452e+01
2.37519e-01 6.14315e+02
2.42519e-01 5.45232e+02
2.47519e-01 -7.39624e+02
2.52518e-01 2.85613e+02
2.57516e-01 1.65591e+01
2.62515e-01 -8.90663e+02
2.67514e-01 -5.31269e+02
2.72514e-01 7.01755e+02
2.77515e-01 -4.80627e+02
2.82515e-01 -2.63322e+02
2.87515e-01 -3.41507e+02
2.92514e-01 1.20519e+02
2.97513e-01 -2.67395e+02
