80 2
k power
3.70544e-03 5.69235e+04
8.00271e-03 5.38496e+04
1.28497e-02 3.76927e+04
1.77641e-02 4.13244e+04
2.26842e-02 3.34899e+04
2.76464e-02 2.51202e+04
3.26361e-02 2.34332e+04
3.76229e-02 2.51995e+04
4.26066e-02 2.63609e+04
4.75842e-02 1.95223e+04
5.25722e-02 2.13602e+04
5.75659e-02 1.75070e+04
6.25589e-02 1.54548e+04
6.75629e-02 1.33803e+04
7.25605e-02 1.23342e+04
7.75516e-02 1.28891e+04
8.25500e-02 9.98455e+03
8.75455e-02 9.95331e+03
9.25437e-02 1.00505e+04
9.75415e-02 9.35244e+03
1.02534e-01 6.84581e+03
1.07536e-01 6.75870e+03
1.12540e-01 7.13567e+03
1.17537e-01 6.57719e+03
1.22533e-01 5.26402e+03
1.27534e-01 5.47568e+03
1.32530e-01 4.88316e+03
1.37531e-01 4.41049e+03
1.42530e-01 4.26582e+03
1.47526e-01 3.59559e+03
1.52527e-01 2.82560e+03
1.57528e-01 3.29705e+03
1.62527e-01 3.03485e+03
1.67526e-01 2.80601e+03
1.72526e-01 2.59655e+03
1.77526e-01 2.30960e+03
1.82527e-01 1.98659e+03
1.87525e-01 2.35666e+03
1.92520e-01 2.48011e+03
1.97516e-01 1.87284e+03
2.02513e-01 2.11441e+03
2.07516e-01 1.95432e+03
2.12517e-01 1.74874e+03
2.17519e-01 1.89750e+03
2.22521e-01 1.49549e+03
2.27519e-01 1.31842e+03
2.32521e-01 9.14625e+02
2.37520e-01 1.07259e+03
2.42520e-01 1.40384e+03
2.47519e-01 1.01422e+03
2.52516e-01 1.47220e+03
2.57514e-01 8.60422e+02
2.62513e-01 8.27688e+02
2.67513e-01 7.52055e+02
2.72514e-01 7.51133e+02
2.77515e-01 7.13805e+02
2.82516e-01 5.93820e+02
2.87514e-01 1.13360e+03
2.92512e-01 7.27695e+02
2.97514e-01 4.17109e+02
3.02516e-01 9.50398e+02
3.07515e-01 5.54727e+02
3.12512e-01 5.40219e+02
3.17510e-01 3.77359e+02
3.22511e-01 4.85953e+02
3.27512e-01 4.23109e+02
3.32512e-01 8.15938e+01
3.37512e-01 1.47742e+02
3.42513e-01 4.24148e+02
3.47513e-01 4.32461e+02
3.52513e-01 -9.95547e+01
3.57513e-01 3.04266e+02
3.62512e-01 3.05398e+02
3.67512e-01 3.81625e+02
3.72512e-01 5.00523e+02
3.77511e-01 3.12758e+02
3.82510e-01 3.44875e+02
3.87510e-01 1.69227e+02
3.92510e-01 3.38672e+02
3.97510e-01 1.18109e+02
3.70544e-03 -8.71001e+04
8.00271e-03 8.93350e+03
1.28497e-02 -7.86001e+03
1.77641e-02 1.90662e+04
2.26842e-02 1.28863e+04
2.76464e-02 1.14345e+04
3.26361e-02 7.90476e+03
3.76229e-02 1.06624e+04
4.26066e-02 8.29145e+03
4.75842e-02 1.44291e+04
5.25722e-02 1.23190e+04
5.75659e-02 1.23715e+04
6.25589e-02 3.00645e+03
6.75629e-02 5.39484e+03
7.25605e-02 4.13117e+03
7.75516e-02 2.71718e+03
8.25500e-02 2.40414e+03
8.75455e-02 -3.04966e+02
9.25437e-02 -3.62977e+02
9.75415e-02 1.11411e+03
1.02534e-01 1.78472e+03
1.07536e-01 1.63209e+03
1.12540e-01 2.28973e+02
1.17537e-01 -8.65094e+00
1.22533e-01 1.28891e+03
1.27534e-01 1.46974e+02
1.32530e-01 -5.00394e+02
1.37531e-01 3.69402e+02
1.42530e-01 1.34466e+03
1.47526e-01 1.15608e+03
1.52527e-01 -7.49176e+02
1.57528e-01 -8.82938e+02
1.62527e-01 -7.29012e+02
1.67526e-01 -6.88970e+02
1.72526e-01 2.67593e+02
1.77526e-01 -5.51807e+02
1.82527e-01 5.20919e+02
1.87525e-01 -7.26710e+02
1.92520e-01 -1.30552e+03
1.97516e-01 -5.95783e+01
2.02513e-01 3.62343e+02
2.07516e-01 -1.82908e+02
2.12517e-01 3.90861e+02
2.17519e-01 1.05166e+03
2.22521e-01 -1.30177e+03
2.27519e-01 -4.05150e+02
2.32521e-01 -1.00477e+03
2.37520e-01 -9.36596e+02
2.42520e-01 3.45193e+02
2.47519e-01 2.43118e+02
2.52516e-01 1.40860e+02
2.57514e-01 -1.42253e+03
2.62513e-01 -9.18128e+02
2.67513e-01 -5.71681e+02
2.72514e-01 -3.78433e+01
2.77515e-01 1.22109e+03
2.82516e-01 2.38471e+02
2.87514e-01 -2.54904e+01
2.92512e-01 -7.90528e+02
2.97514e-01 -8.91131e+01
3.02516e-01 -6.28337e+01
3.07515e-01 6.56067e+02
3.12512e-01 4.20265e+02
3.17510e-01 2.06163e+02
3.22511e-01 -5.65637e+02
3.27512e-01 -4.79907e+02
3.32512e-01 -2.78909e+02
3.37512e-01 -2.28791e+02
3.42513e-01 -1.01814e+03
3.47513e-01 2.56629e+02
3.52513e-01 -5.02441e+00
3.57513e-01 -9.33728e+02
3.62512e-01 -5.31356e+02
3.67512e-01 -1.79029e+02
3.72512e-01 -9.96956e+02
3.77511e-01 -3.49052e+02
3.82510e-01 7.03814e+01
3.87510e-01 -2.38035e+02
3.92510e-01 -4.59476e+02
3.97510e-01 -8.24049e+02
