80 2
k power
3.70544e-03 7.06249e+04
8.00271e-03 2.58445e+04
1.28497e-02 4.53992e+04
1.77641e-02 4.44354e+04
2.26842e-02 3.35581e+04
2.76464e-02 3.06143e+04
3.26361e-02 3.18324e+04
3.76229e-02 2.45725e+04
4.26066e-02 2.58024e+04
4.75842e-02 2.00669e+04
5.25722e-02 1.98779e+04
5.75659e-02 1.61298e+04
6.25589e-02 1.35581e+04
6.75629e-02 1.41345e+04
7.25605e-02 1.30484e+04
7.75516e-02 1.04340e+04
8.25500e-02 1.11641e+04
8.75455e-02 9.95888e+03
9.25437e-02 1.05010e+04
9.75415e-02 8.56569e+03
1.02534e-01 7.45357e+03
1.07536e-01 7.38729e+03
1.12540e-01 5.77845e+03
1.17537e-01 5.66227e+03
1.22533e-01 5.87475e+03
1.27534e-01 5.23768e+03
1.32530e-01 5.33516e+03
1.37531e-01 4.08525e+03
1.42530e-01 4.48278e+03
1.47526e-01 3.52111e+03
1.52527e-01 2.44282e+03
1.57528e-01 3.82610e+03
1.62527e-01 3.14097e+03
1.67526e-01 2.72266e+03
1.72526e-01 2.46580e+03
1.77526e-01 2.14854e+03
1.82527e-01 2.12667e+03
1.87525e-01 2.26665e+03
1.92520e-01 1.83112e+03
1.97516e-01 1.19736e+03
2.02513e-01 1.68191e+03
2.07516e-01 1.48424e+03
2.12517e-01 1.52599e+03
2.17519e-01 1.19134e+03
2.22521e-01 2.11128e+03
2.27519e-01 8.23664e+02
2.32521e-01 1.43295e+03
2.37520e-01 8.53430e+02
2.42520e-01 8.75109e+02
2.47519e-01 1.49018e+03
2.52516e-01 1.06152e+03
2.57514e-01 7.97703e+02
2.62513e-01 1.00019e+03
2.67513e-01 9.08875e+02
2.72514e-01 8.94195e+02
2.77515e-01 1.11973e+03
2.82516e-01 9.07445e+02
2.87514e-01 5.50477e+02
2.92512e-01 1.30148e+02
2.97514e-01 6.24875e+02
3.02516e-01 -5.39844e+01
3.07515e-01 2.44539e+02
3.12512e-01 -3.76953e+01
3.17510e-01 2.39906e+02
3.22511e-01 2.67305e+02
3.27512e-01 1.26977e+02
3.32512e-01 -2.21133e+02
3.37512e-01 2.66523e+02
3.42513e-01 1.66477e+02
3.47513e-01 2.73664e+02
3.52513e-01 3.41383e+02
3.57513e-01 4.20844e+02
3.62512e-01 1.45188e+02
3.67512e-01 1.74750e+02
3.72512e-01 9.29688e+00
3.77511e-01 1.88805e+02
3.82510e-01 2.58805e+02
3.87510e-01 8.23906e+01
3.92510e-01 6.05391e+01
3.97510e-01 1.54914e+02
3.70544e-03 7.70274e+04
8.00271e-03 7.88061e+03
1.28497e-02 2.02630e+04
1.77641e-02 3.06069e+04
2.26842e-02 2.47443e+04
2.76464e-02 8.36105e+03
3.26361e-02 1.24105e+04
3.76229e-02 5.94613e+03
4.26066e-02 1.14736e+04
4.75842e-02 3.69750e+03
5.25722e-02 5.40101e+03
5.75659e-02 5.93091e+03
6.25589e-02 1.57812e+03
6.75629e-02 3.76095e+03
7.25605e-02 3.80813e+03
7.75516e-02 2.73851e+03
8.25500e-02 -9.26255e+02
8.75455e-02 -2.01310e+03
9.25437e-02 1.44572e+03
9.75415e-02 -1.60721e+03
1.02534e-01 2.74040e+03
1.07536e-01 1.22580e+03
1.12540e-01 4.50017e+02
1.17537e-01 2.46446e+03
1.22533e-01 2.50460e+03
1.27534e-01 1.55127e+03
1.32530e-01 -3.36516e+02
1.37531e-01 1.58553e+02
1.42530e-01 2.84757e+02
1.47526e-01 -1.07642e+03
1.52527e-01 4.36127e+02
1.57528e-01 -7.24525e+02
1.62527e-01 6.81913e+02
1.67526e-01 2.47342e+02
1.72526e-01 -3.91532e+01
1.77526e-01 1.80037e+02
1.82527e-01 -3.86774e+02
1.87525e-01 -3.24464e+02
1.92520e-01 -7.19963e+02
1.97516e-01 -5.43098e+02
2.02513e-01 -1.63498e+03
2.07516e-01 -1.63873e+03
2.12517e-01 -9.25253e+02
2.17519e-01 1.26105e+03
2.22521e-01 -3.08314e+01
2.27519e-01 3.79980e+02
2.32521e-01 -1.63587e+03
2.37520e-01 -5.92716e+02
2.42520e-01 2.88503e+02
2.47519e-01 8.00257e+01
2.52516e-01 5.71803e+02
2.57514e-01 4.89151e+02
2.62513e-01 1.00158e+02
2.67513e-01 -2.24552e+02
2.72514e-01 -4.54990e+02
2.77515e-01 -1.18319e+02
2.82516e-01 9.89106e+01
2.87514e-01 -6.94766e+02
2.92512e-01 -6.19276e+02
2.97514e-01 -3.78064e+02
3.02516e-01 -7.27550e+02
3.07515e-01 1.93455e+02
3.12512e-01 6.45057e+02
3.17510e-01 -5.50916e+00
3.22511e-01 -3.45109e+02
3.27512e-01 5.74206e+00
3.32512e-01 2.86674e+02
3.37512e-01 5.13346e+01
3.42513e-01 -7.24282e+02
3.47513e-01 -6.56612e+02
3.52513e-01 -4.05780e+02
3.57513e-01 3.65667e+02
3.62512e-01 1.65870e+02
3.67512e-01 -1.52126e+02
3.72512e-01 -2.33883e+02
3.77511e-01 4.05859e+02
3.82510e-01 -7.08673e+00
3.87510e-01 6.12314e+01
3.92510e-01 -7.72186e+01
3.97510e-01 -3.59953e+01
