59 2
k power
8.05565e-03 2.01474e+04
1.28387e-02 4.56586e+04
1.77584e-02 3.82387e+04
2.26862e-02 4.14200e+04
2.76450e-02 3.27588e+04
3.26261e-02 2.81607e+04
3.76152e-02 2.26850e+04
4.26121e-02 2.27740e+04
4.75881e-02 1.71020e+04
5.25764e-02 1.99522e+04
5.75766e-02 1.64434e+04
6.25706e-02 1.66409e+04
6.75643e-02 1.46138e+04
7.25546e-02 1.41928e+04
7.75520e-02 1.21660e+04
8.25499e-02 1.13473e+04
8.75466e-02 9.57439e+03
9.25461e-02 9.46672e+03
9.75410e-02 7.99421e+03
1.02539e-01 6.35869e+03
1.07538e-01 6.71261e+03
1.12539e-01 6.60168e+03
1.17539e-01 5.76988e+03
1.22534e-01 4.88813e+03
1.27532e-01 4.10988e+03
1.32531e-01 4.77297e+03
1.37529e-01 4.33831e+03
1.42529e-01 4.20761e+03
1.47527e-01 3.27079e+03
1.52526e-01 3.24420e+03
1.57526e-01 3.22899e+03
1.62527e-01 2.79848e+03
1.67528e-01 1.87473e+03
1.72524e-01 2.02612e+03
1.77522e-01 2.91872e+03
1.82524e-01 1.77361e+03
1.87522e-01 2.24149e+03
1.92522e-01 2.47602e+03
1.97523e-01 1.60726e+03
2.02522e-01 1.55859e+03
2.07520e-01 1.04963e+03
2.12520e-01 1.22415e+03
2.17519e-01 1.30893e+03
2.22517e-01 1.50391e+03
2.27517e-01 1.24657e+03
2.32517e-01 1.10577e+03
2.37517e-01 1.21001e+03
2.42517e-01 1.31541e+03
2.47517e-01 1.15087e+03
2.52517e-01 7.27227e+02
2.57516e-01 4.92586e+02
2.62515e-01 8.01297e+02
2.67515e-01 6.43969e+02
2.72514e-01 4.83867e+02
2.77515e-01 6.25922e+02
2.82515e-01 7.19094e+02
2.87514e-01 9.16898e+02
2.92514e-01 5.30648e+02
2.97513e-01 8.22148e+02
8.05565e-03 3.51717e+02
1.28387e-02 7.76504e+02
1.77584e-02 1.12066e+04
2.26862e-02 2.12214e+04
2.76450e-02 1.62678e+04
3.26261e-02 2.06171e+04
3.76152e-02 1.03715e+04
4.26121e-02 1.04072e+04
4.75881e-02 6.42088e+03
5.25764e-02 1.09999e+04
5.75766e-02 4.06351e+03
6.25706e-02 9.85708e+03
6.75643e-02 3.01277e+03
7.25546e-02 3.48221e+03
7.75520e-02 4.54494e+03
8.25499e-02 6.15140e+03
8.75466e-02 6.99572e+02
9.25461e-02 1.69140e+03
9.75410e-02 1.74146e+02
1.02539e-01 1.48629e+03
1.07538e-01 2.50078e+03
1.12539e-01 3.36792e+03
1.17539e-01 5.67399e+02
1.22534e-01 -5.48819e+02
1.27532e-01 5.68351e+02
1.32531e-01 1.47126e+03
1.37529e-01 2.19749e+03
1.42529e-01 -6.82891e+02
1.47527e-01 3.21606e+02
1.52526e-01 1.72226e+03
1.57526e-01 -4.12307e+02
1.62527e-01 -3.80439e+02
1.67528e-01 1.09676e+03
1.72524e-01 1.02069e+03
1.77522e-01 5.82269e+02
1.82524e-01 2.03041e+03
1.87522e-01 8.08051e+02
1.92522e-01 1.12458e+03
1.97523e-01 -2.59813e+02
2.02522e-01 3.60453e+02
2.07520e-01 6.21267e+02
2.12520e-01 -9.50824e+01
2.17519e-01 -3.40296e+02
2.22517e-01 3.35540e+02
2.27517e-01 3.42330e+02
2.32517e-01 3.16915e+02
2.37517e-01 -9.43272e+02
2.42517e-01 -6.29505e+02
2.47517e-01 4.13421e+02
2.52517e-01 1.82299e+02
2.57516e-01 -1.34755e+03
2.62515e-01 -6.54489e+02
2.67515e-01 -8.16585e+02
2.72514e-01 -9.33752e+02
2.77515e-01 -9.63316e+02
2.82515e-01 -6.38395e+02
2.87514e-01 -8.85113e+02
2.92514e-01 -3.70675e+02
2.97513e-01 5.48391e+02
