80 2
k power
3.70544e-03 4.93629e+04
8.00271e-03 2.83346e+04
1.28497e-02 3.21287e+04
1.77641e-02 3.46963e+04
2.26842e-02 2.81941e+04
2.76464e-02 3.19113e+04
3.26361e-02 3.21589e+04
3.76229e-02 2.40484e+04
4.26066e-02 2.24188e+04
4.75842e-02 1.72566e+04
5.25722e-02 1.71093e+04
5.75659e-02 1.55779e+04
6.25589e-02 1.66160e+04
6.75629e-02 1.63145e+04
7.25605e-02 1.35856e+04
7.75516e-02 1.31156e+04
8.25500e-02 1.14505e+04
8.75455e-02 9.25388e+03
9.25437e-02 8.28398e+03
9.75415e-02 7.19546e+03
1.02534e-01 6.93168e+03
1.07536e-01 6.20087e+03
1.12540e-01 6.57623e+03
1.17537e-01 5.94564e+03
1.22533e-01 4.38678e+03
1.27534e-01 4.66655e+03
1.32530e-01 5.39955e+03
1.37531e-01 4.69851e+03
1.42530e-01 4.76535e+03
1.47526e-01 3.98986e+03
1.52527e-01 3.16483e+03
1.57528e-01 2.46188e+03
1.62527e-01 2.62899e+03
1.67526e-01 2.53412e+03
1.72526e-01 2.84309e+03
1.77526e-01 2.29959e+03
1.82527e-01 1.81247e+03
1.87525e-01 1.99733e+03
1.92520e-01 1.33726e+03
1.97516e-01 1.99869e+03
2.02513e-01 1.82434e+03
2.07516e-01 1.77316e+03
2.12517e-01 1.78021e+03
2.17519e-01 1.23176e+03
2.22521e-01 1.21251e+03
2.27519e-01 9.35680e+02
2.32521e-01 1.09773e+03
2.37520e-01 1.13148e+03
2.42520e-01 8.42203e+02
2.47519e-01 8.15016e+02
2.52516e-01 1.11616e+03
2.57514e-01 7.39867e+02
2.62513e-01 5.69000e+02
2.67513e-01 2.27602e+02
2.72514e-01 8.19031e+02
2.77515e-01 7.71070e+02
2.82516e-01 3.42586e+02
2.87514e-01 4.97930e+02
2.92512e-01 6.02648e+02
2.97514e-01 7.16445e+02
3.02516e-01 9.52977e+02
3.07515e-01 1.98781e+02
3.12512e-01 1.91375e+02
3.17510e-01 5.46188e+02
3.22511e-01 3.69883e+02
3.27512e-01 4.81656e+02
3.32512e-01 3.00016e+02
3.37512e-01 2.94766e+01
3.42513e-01 2.02000e+02
3.47513e-01 1.10938e+02
3.52513e-01 1.83703e+02
3.57513e-01 7.24609e+01
3.62512e-01 1.16102e+02
3.67512e-01 2.38367e+02
3.72512e-01 1.89797e+02
3.77511e-01 4.31789e+02
3.82510e-01 4.61359e+02
3.87510e-01 2.32734e+02
3.92510e-01 2.53047e+01
3.97510e-01 -1.19453e+01
3.70544e-03 -5.94840e+04
8.00271e-03 -5.07313e+03
1.28497e-02 1.97430e+04
1.77641e-02 4.81899e+03
2.26842e-02 7.17274e+03
2.76464e-02 8.20981e+03
3.26361e-02 7.30015e+03
3.76229e-02 6.41075e+03
4.26066e-02 9.65488e+03
4.75842e-02 9.56157e+03
5.25722e-02 8.57227e+03
5.75659e-02 4.86912e+03
6.25589e-02 5.65773e+03
6.75629e-02 8.39976e+03
7.25605e-02 3.78399e+03
7.75516e-02 5.44480e+03
8.25500e-02 5.74308e+03
8.75455e-02 1.57512e+03
9.25437e-02 2.98466e+03
9.75415e-02 7.13355e+02
1.02534e-01 7.34361e+02
1.07536e-01 4.70223e+03
1.12540e-01 1.69077e+03
1.17537e-01 1.56362e+03
1.22533e-01 1.57039e+03
1.27534e-01 3.27884e+03
1.32530e-01 3.29221e+03
1.37531e-01 -3.17204e+02
1.42530e-01 1.66321e+03
1.47526e-01 2.46668e+02
1.52527e-01 -6.98046e+02
1.57528e-01 1.70729e+01
1.62527e-01 1.80196e+03
1.67526e-01 -2.99536e+02
1.72526e-01 -2.60016e+02
1.77526e-01 4.50779e+02
1.82527e-01 -1.42450e+02
1.87525e-01 2.61154e+02
1.92520e-01 -7.46640e+02
1.97516e-01 -6.21575e+02
2.02513e-01 9.31791e+02
2.07516e-01 -9.38578e+02
2.12517e-01 6.74194e+02
2.17519e-01 -1.73087e+03
2.22521e-01 1.31245e+02
2.27519e-01 -5.94267e+02
2.32521e-01 -5.97768e+02
2.37520e-01 3.28011e+02
2.42520e-01 1.05195e+03
2.47519e-01 1.29993e+03
2.52516e-01 3.19605e+02
2.57514e-01 6.35649e+02
2.62513e-01 1.30413e+02
2.67513e-01 -5.85738e+02
2.72514e-01 -2.78266e+02
2.77515e-01 -3.68109e+02
2.82516e-01 -1.32894e+02
2.87514e-01 -7.84999e+02
2.92512e-01 -1.96331e+02
2.97514e-01 3.41480e+01
3.02516e-01 -4.51014e+02
3.07515e-01 -8.98327e+02
3.12512e-01 -6.90427e+02
3.17510e-01 1.34469e+01
3.22511e-01 7.78493e+01
3.27512e-01 -1.27077e+02
3.32512e-01 -9.14547e+01
3.37512e-01 3.70718e+02
3.42513e-01 -1.14013e+02
3.47513e-01 -3.11499e+02
3.52513e-01 3.90141e+02
3.57513e-01 -1.35939e+02
3.62512e-01 3.24529e+01
3.67512e-01 -2.92853e+02
3.72512e-01 -1.02208e+02
3.77511e-01 6.82334e+01
3.82510e-01 -1.38217e+02
3.87510e-01 -9.25978e+02
3.92510e-01 -2.76057e+02
3.97510e-01 -7.05028e+02
