60 2
k power
3.70544e-03 2.76610e+04
8.00271e-03 4.59263e+04
1.28497e-02 3.97451e+04
1.77641e-02 4.00442e+04
2.26842e-02 3.80101e+04
2.76464e-02 2.88091e+04
3.26361e-02 3.03508e+04
3.76229e-02 2.48883e+04
4.26066e-02 2.41478e+04
4.75842e-02 2.30207e+04
5.25722e-02 1.86588e+04
5.75659e-02 1.46871e+04
6.25589e-02 1.51137e+04
6.75629e-02 1.50210e+04
7.25605e-02 1.29708e+04
7.75516e-02 1.20287e+04
8.25500e-02 9.99157e+03
8.75455e-02 9.08567e+03
9.25437e-02 8.72933e+03
9.75415e-02 7.41180e+03
1.02534e-01 6.98395e+03
1.07536e-01 6.10181e+03
1.12540e-01 6.24034e+03
1.17537e-01 5.33090e+03
1.22533e-01 4.82848e+03
1.27534e-01 5.33350e+03
1.32530e-01 4.71466e+03
1.37531e-01 4.18355e+03
1.42530e-01 3.84115e+03
1.47526e-01 3.56826e+03
1.52527e-01 3.61080e+03
1.57528e-01 2.61970e+03
1.62527e-01 3.00880e+03
1.67526e-01 2.51137e+03
1.72526e-01 3.01979e+03
1.77526e-01 1.70355e+03
1.82527e-01 1.82182e+03
1.87525e-01 2.10620e+03
1.92520e-01 1.89200e+03
1.97516e-01 2.36759e+03
2.02513e-01 2.00650e+03
2.07516e-01 1.78100e+03
2.12517e-01 1.37497e+03
2.17519e-01 1.87288e+03
2.22521e-01 9.49156e+02
2.27519e-01 1.15002e+03
2.32521e-01 1.20223e+03
2.37520e-01 5.84711e+02
2.42520e-01 8.36359e+02
2.47519e-01 8.05523e+02
2.52516e-01 1.07449e+03
2.57514e-01 3.14523e+02
2.62513e-01 4.94539e+02
2.67513e-01 7.61375e+02
2.72514e-01 9.73828e+02
2.77515e-01 6.37602e+02
2.82516e-01 5.08961e+02
2.87514e-01 9.47125e+02
2.92512e-01 6.84156e+02
2.97514e-01 4.03594e+02
3.70544e-03 -3.12580e+04
8.00271e-03 -1.18519e+04
1.28497e-02 3.12739e+04
1.77641e-02 2.27106e+04
2.26842e-02 2.59859e+04
2.76464e-02 1.89018e+04
3.26361e-02 1.71196e+04
3.76229e-02 8.71162e+03
4.26066e-02 9.66929e+03
4.75842e-02 4.81180e+03
5.25722e-02 8.40422e+03
5.75659e-02 1.12470e+04
6.25589e-02 7.12928e+03
6.75629e-02 7.41274e+03
7.25605e-02 6.13154e+03
7.75516e-02 2.61669e+03
8.25500e-02 3.38654e+03
8.75455e-02 2.60445e+03
9.25437e-02 2.81697e+03
9.75415e-02 8.57580e+02
1.02534e-01 2.41369e+03
1.07536e-01 2.52597e+02
1.12540e-01 2.83884e+03
1.17537e-01 2.13165e+03
1.22533e-01 1.19040e+03
1.27534e-01 1.44897e+03
1.32530e-01 5.27737e+02
1.37531e-01 4.29768e+02
1.42530e-01 3.56139e+02
1.47526e-01 3.13373e+02
1.52527e-01 -3.76520e+02
1.57528e-01 -3.67349e+02
1.62527e-01 -8.27590e+02
1.67526e-01 9.98835e+02
1.72526e-01 5.47246e+02
1.77526e-01 -1.44583e+02
1.82527e-01 -1.33199e+03
1.87525e-01 8.50614e+02
1.92520e-01 -8.74817e+02
1.97516e-01 -1.64323e+02
2.02513e-01 6.38570e+02
2.07516e-01 5.63427e+02
2.12517e-01 9.74770e+02
2.17519e-01 1.10885e+03
2.22521e-01 1.15465e+03
2.27519e-01 5.67506e+02
2.32521e-01 -4.18609e+02
2.37520e-01 -6.86515e+02
2.42520e-01 -2.06936e+02
2.47519e-01 -8.14868e+01
2.52516e-01 -9.71270e+02
2.57514e-01 4.31193e+02
2.62513e-01 -5.34469e+02
2.67513e-01 -9.49311e+02
2.72514e-01 7.93516e+02
2.77515e-01 3.09455e+01
2.82516e-01 -6.44491e+02
2.87514e-01 -8.30945e+02
2.92512e-01 -2.81293e+02
2.97514e-01 -2.27366e+02
