60 2
k power
3.70544e-03 -1.61534e+04
8.00271e-03 3.04579e+04
1.28497e-02 3.65726e+04
1.77641e-02 3.84854e+04
2.26842e-02 3.33461e+04
2.76464e-02 2.90760e+04
3.26361e-02 2.44857e+04
3.76229e-02 1.96124e+04
4.26066e-02 2.05533e+04
4.75842e-02 1.81753e+04
5.25722e-02 1.85375e+04
5.75659e-02 1.77875e+04
6.25589e-02 1.46556e+04
6.75629e-02 1.59850e+04
7.25605e-02 1.62404e+04
7.75516e-02 1.52143e+04
8.25500e-02 1.38991e+04
8.75455e-02 8.74252e+03
9.25437e-02 7.70002e+03
9.75415e-02 6.77138e+03
1.02534e-01 7.73020e+03
1.07536e-01 6.93731e+03
1.12540e-01 6.27510e+03
1.17537e-01 5.55615e+03
1.22533e-01 5.35121e+03
1.27534e-01 5.80716e+03
1.32530e-01 5.22318e+03
1.37531e-01 4.54800e+03
1.42530e-01 3.70891e+03
1.47526e-01 3.99737e+03
1.52527e-01 3.72885e+03
1.57528e-01 3.56888e+03
1.62527e-01 3.51420e+03
1.67526e-01 2.59366e+03
1.72526e-01 1.68027e+03
1.77526e-01 2.25164e+03
1.82527e-01 2.54832e+03
1.87525e-01 2.03531e+03
1.92520e-01 3.00312e+03
1.97516e-01 1.70536e+03
2.02513e-01 1.69298e+03
2.07516e-01 2.11916e+03
2.12517e-01 1.59899e+03
2.17519e-01 1.38395e+03
2.22521e-01 1.46604e+03
2.27519e-01 1.26618e+03
2.32521e-01 1.04123e+03
2.37520e-01 1.29053e+03
2.42520e-01 5.87469e+02
2.47519e-01 1.10276e+03
2.52516e-01 9.33508e+02
2.57514e-01 8.85828e+02
2.62513e-01 6.95281e+02
2.67513e-01 1.06404e+03
2.72514e-01 7.60703e+02
2.77515e-01 5.75023e+02
2.82516e-01 9.88047e+02
2.87514e-01 5.76641e+02
2.92512e-01 9.94461e+02
2.97514e-01 5.31297e+02
3.70544e-03 3.02853e+04
8.00271e-03 2.35080e+04
1.28497e-02 1.75198e+04
1.77641e-02 2.60117e+03
2.26842e-02 1.10614e+04
2.76464e-02 8.48174e+03
3.26361e-02 4.21689e+03
3.76229e-02 8.97907e+03
4.26066e-02 7.34652e+03
4.75842e-02 5.24008e+02
5.25722e-02 1.07309e+04
5.75659e-02 2.76125e+03
6.25589e-02 7.21475e+03
6.75629e-02 5.92834e+03
7.25605e-02 2.44719e+03
7.75516e-02 1.86377e+03
8.25500e-02 4.02146e+03
8.75455e-02 3.22314e+03
9.25437e-02 2.01038e+03
9.75415e-02 2.80156e+03
1.02534e-01 4.66479e+03
1.07536e-01 4.76304e+03
1.12540e-01 -4.75188e+02
1.17537e-01 2.44248e+03
1.22533e-01 2.32473e+03
1.27534e-01 1.04886e+03
1.32530e-01 -9.68368e+01
1.37531e-01 -3.55383e+02
1.42530e-01 1.68191e+03
1.47526e-01 7.64283e+02
1.52527e-01 -1.62613e+03
1.57528e-01 -9.67519e+02
1.62527e-01 -2.87222e+02
1.67526e-01 -1.15316e+01
1.72526e-01 3.06328e+02
1.77526e-01 3.63127e+02
1.82527e-01 2.31541e+02
1.87525e-01 1.31289e+03
1.92520e-01 -3.91309e+02
1.97516e-01 2.22239e+02
2.02513e-01 -1.75440e+02
2.07516e-01 2.58894e+02
2.12517e-01 6.05424e+02
2.17519e-01 -7.68559e+02
2.22521e-01 1.28004e+01
2.27519e-01 6.17300e+00
2.32521e-01 2.29674e+02
2.37520e-01 -3.15330e+02
2.42520e-01 8.61030e+02
2.47519e-01 -9.17625e+02
2.52516e-01 -1.52554e+02
2.57514e-01 -5.43191e+02
2.62513e-01 -6.13382e+02
2.67513e-01 2.74458e+02
2.72514e-01 1.05510e+03
2.77515e-01 1.90440e+01
2.82516e-01 3.10494e+02
2.87514e-01 6.17954e+02
2.92512e-01 -5.61885e+01
2.97514e-01 3.95134e+02
