60 2
k power
3.78596e-03 5.53923e+04
8.05565e-03 4.31759e+04
1.28387e-02 3.81517e+04
1.77584e-02 4.31986e+04
2.26862e-02 3.64385e+04
2.76450e-02 2.83736e+04
3.26261e-02 2.73906e+04
3.76152e-02 2.46846e+04
4.26121e-02 2.09910e+04
4.75881e-02 2.16558e+04
5.25764e-02 1.91798e+04
5.75766e-02 1.69276e+04
6.25706e-02 1.66381e+04
6.75643e-02 1.22041e+04
7.25546e-02 1.36390e+04
7.75520e-02 1.33792e+04
8.25499e-02 1.29568e+04
8.75466e-02 1.01775e+04
9.25461e-02 8.88211e+03
9.75410e-02 6.47711e+03
1.02539e-01 6.77228e+03
1.07538e-01 6.32656e+03
1.12539e-01 5.96786e+03
1.17539e-01 6.86470e+03
1.22534e-01 6.71105e+03
1.27532e-01 5.22952e+03
1.32531e-01 5.36805e+03
1.37529e-01 5.03612e+03
1.42529e-01 5.12699e+03
1.47527e-01 4.49247e+03
1.52526e-01 4.40538e+03
1.57526e-01 3.91466e+03
1.62527e-01 3.36990e+03
1.67528e-01 2.69338e+03
1.72524e-01 2.68024e+03
1.77522e-01 3.19616e+03
1.82524e-01 1.93280e+03
1.87522e-01 2.09770e+03
1.92522e-01 2.13336e+03
1.97523e-01 2.34755e+03
2.02522e-01 1.80330e+03
2.07520e-01 1.45153e+03
2.12520e-01 1.60662e+03
2.17519e-01 1.79677e+03
2.22517e-01 1.26333e+03
2.27517e-01 1.52361e+03
2.32517e-01 1.37057e+03
2.37517e-01 1.20582e+03
2.42517e-01 1.02238e+03
2.47517e-01 8.49539e+02
2.52517e-01 5.32930e+02
2.57516e-01 8.26914e+02
2.62515e-01 1.14636e+03
2.67515e-01 7.56016e+02
2.72514e-01 4.62383e+02
2.77515e-01 4.71086e+02
2.82515e-01 4.42164e+02
2.87514e-01 1.09068e+03
2.92514e-01 6.57086e+02
2.97513e-01 6.17258e+02
3.78596e-03 -8.22420e+03
8.05565e-03 2.58845e+04
1.28387e-02 2.70740e+04
1.77584e-02 2.68106e+04
2.26862e-02 1.01881e+03
2.76450e-02 7.14139e+03
3.26261e-02 3.81883e+03
3.76152e-02 4.49552e+03
4.26121e-02 7.34114e+03
4.75881e-02 7.70229e+03
5.25764e-02 1.12979e+04
5.75766e-02 1.30910e+04
6.25706e-02 7.89020e+03
6.75643e-02 7.88652e+03
7.25546e-02 4.77972e+03
7.75520e-02 6.61832e+03
8.25499e-02 2.54534e+03
8.75466e-02 2.53911e+03
9.25461e-02 5.17994e+03
9.75410e-02 2.46536e+03
1.02539e-01 4.24730e+03
1.07538e-01 2.48018e+03
1.12539e-01 7.90617e+02
1.17539e-01 6.50212e+02
1.22534e-01 1.79829e+03
1.27532e-01 1.02502e+03
1.32531e-01 1.70835e+03
1.37529e-01 7.40893e+02
1.42529e-01 2.11221e+03
1.47527e-01 1.04588e+03
1.52526e-01 -2.65781e+02
1.57526e-01 -6.67231e+02
1.62527e-01 3.29173e+02
1.67528e-01 3.21600e+02
1.72524e-01 3.48676e+02
1.77522e-01 3.24291e+02
1.82524e-01 -5.31000e+01
1.87522e-01 -1.04179e+03
1.92522e-01 3.06157e+02
1.97523e-01 2.38062e+02
2.02522e-01 -1.06475e+03
2.07520e-01 4.33503e+02
2.12520e-01 1.55390e+03
2.17519e-01 4.87574e+02
2.22517e-01 -5.67556e+01
2.27517e-01 -3.39229e+02
2.32517e-01 5.45845e+02
2.37517e-01 2.66516e+01
2.42517e-01 7.38944e+02
2.47517e-01 5.91619e+02
2.52517e-01 1.06743e+03
2.57516e-01 -7.14557e+01
2.62515e-01 4.59568e+02
2.67515e-01 1.97900e+02
2.72514e-01 4.33527e+02
2.77515e-01 4.90974e+02
2.82515e-01 -1.14052e+02
2.87514e-01 2.94634e+02
2.92514e-01 -8.18764e+02
2.97513e-01 2.63409e+02
