59 2
k power
8.00271e-03 4.03069e+04
1.28497e-02 3.41335e+04
1.77641e-02 3.61226e+04
2.26842e-02 3.60006e+04
2.76464e-02 2.98312e+04
3.26361e-02 2.85620e+04
3.76229e-02 2.83741e+04
4.26066e-02 1.91729e+04
4.75842e-02 1.69428e+04
5.25722e-02 1.85150e+04
5.75659e-02 1.69491e+04
6.25589e-02 1.33424e+04
6.75629e-02 1.41592e+04
7.25605e-02 1.36229e+04
7.75516e-02 1.21879e+04
8.25500e-02 1.11026e+04
8.75455e-02 1.20579e+04
9.25437e-02 1.02362e+04
9.75415e-02 9.11952e+03
1.02534e-01 7.70625e+03
1.07536e-01 7.14991e+03
1.12540e-01 5.84592e+03
1.17537e-01 5.77184e+03
1.22533e-01 6.30852e+03
1.27534e-01 5.83125e+03
1.32530e-01 5.53328e+03
1.37531e-01 4.51262e+03
1.42530e-01 4.46295e+03
1.47526e-01 3.94359e+03
1.52527e-01 3.61627e+03
1.57528e-01 2.82077e+03
1.62527e-01 3.21130e+03
1.67526e-01 3.44848e+03
1.72526e-01 2.58816e+03
1.77526e-01 3.18628e+03
1.82527e-01 2.70022e+03
1.87525e-01 2.42618e+03
1.92520e-01 2.20025e+03
1.97516e-01 2.18097e+03
2.02513e-01 2.71133e+03
2.07516e-01 1.91262e+03
2.12517e-01 2.11523e+03
2.17519e-01 1.61876e+03
2.22521e-01 1.61170e+03
2.27519e-01 1.77483e+03
2.32521e-01 1.37915e+03
2.37520e-01 1.26845e+03
2.42520e-01 1.14505e+03
2.47519e-01 1.21309e+03
2.52516e-01 1.03952e+03
2.57514e-01 8.92352e+02
2.62513e-01 1.07257e+03
2.67513e-01 1.27185e+03
2.72514e-01 1.19375e+03
2.77515e-01 8.80055e+02
2.82516e-01 8.03227e+02
2.87514e-01 6.37031e+02
2.92512e-01 5.90250e+02
2.97514e-01 6.02773e+02
8.00271e-03 -2.64958e+04
1.28497e-02 2.28041e+04
1.77641e-02 1.96947e+04
2.26842e-02 -4.98675e+03
2.76464e-02 6.32172e+03
3.26361e-02 1.52534e+04
3.76229e-02 7.77500e+03
4.26066e-02 2.93610e+03
4.75842e-02 8.96825e+03
5.25722e-02 1.00026e+04
5.75659e-02 5.51641e+03
6.25589e-02 6.35210e+03
6.75629e-02 2.90227e+03
7.25605e-02 1.01876e+03
7.75516e-02 2.19027e+03
8.25500e-02 2.18786e+03
8.75455e-02 2.88259e+03
9.25437e-02 3.70204e+03
9.75415e-02 5.05683e+03
1.02534e-01 -4.85182e+02
1.07536e-01 1.01980e+03
1.12540e-01 2.74198e+03
1.17537e-01 1.17736e+02
1.22533e-01 3.15274e+03
1.27534e-01 2.83206e+03
1.32530e-01 2.54887e+03
1.37531e-01 1.36995e+03
1.42530e-01 1.11499e+03
1.47526e-01 -4.75875e+02
1.52527e-01 1.27712e+01
1.57528e-01 -2.90883e+02
1.62527e-01 -6.66153e+02
1.67526e-01 -3.73355e+02
1.72526e-01 7.38728e+02
1.77526e-01 2.78591e+01
1.82527e-01 3.22391e+02
1.87525e-01 1.30385e+03
1.92520e-01 7.42745e+02
1.97516e-01 -7.09671e+02
2.02513e-01 1.04047e+03
2.07516e-01 6.01713e+02
2.12517e-01 -6.74572e+02
2.17519e-01 -1.97779e+02
2.22521e-01 -4.33705e+02
2.27519e-01 -6.39684e+02
2.32521e-01 -6.90781e+02
2.37520e-01 4.51535e+02
2.42520e-01 -9.35187e+01
2.47519e-01 3.56886e+02
2.52516e-01 7.53585e+02
2.57514e-01 -2.01010e+01
2.62513e-01 1.50996e+01
2.67513e-01 -2.88322e+00
2.72514e-01 -2.37172e+02
2.77515e-01 -4.13068e+02
2.82516e-01 -3.20020e+02
2.87514e-01 -1.09594e+03
2.92512e-01 -5.31366e+02
2.97514e-01 -2.13448e+02
