59 2
k power
8.05565e-03 2.61758e+04
1.28387e-02 3.01851e+04
1.77584e-02 3.51499e+04
2.26862e-02 4.56061e+04
2.76450e-02 3.48265e+04
3.26261e-02 2.87953e+04
3.76152e-02 2.71617e+04
4.26121e-02 2.88548e+04
4.75881e-02 2.08908e+04
5.25764e-02 1.62165e+04
5.75766e-02 1.67527e+04
6.25706e-02 1.54931e+04
6.75643e-02 1.37710e+04
7.25546e-02 1.35078e+04
7.75520e-02 1.11024e+04
8.25499e-02 1.06599e+04
8.75466e-02 1.03160e+04
9.25461e-02 9.22523e+03
9.75410e-02 6.77775e+03
1.02539e-01 7.44413e+03
1.07538e-01 7.08415e+03
1.12539e-01 5.11238e+03
1.17539e-01 5.77785e+03
1.22534e-01 5.07241e+03
1.27532e-01 5.33670e+03
1.32531e-01 5.75977e+03
1.37529e-01 5.37427e+03
1.42529e-01 3.84038e+03
1.47527e-01 3.15315e+03
1.52526e-01 3.14102e+03
1.57526e-01 2.71060e+03
1.62527e-01 3.31654e+03
1.67528e-01 2.84534e+03
1.72524e-01 2.84223e+03
1.77522e-01 3.00198e+03
1.82524e-01 2.54398e+03
1.87522e-01 1.99871e+03
1.92522e-01 2.45121e+03
1.97523e-01 2.15705e+03
2.02522e-01 2.09264e+03
2.07520e-01 1.72879e+03
2.12520e-01 2.11788e+03
2.17519e-01 1.72665e+03
2.22517e-01 1.65218e+03
2.27517e-01 1.50048e+03
2.32517e-01 1.53541e+03
2.37517e-01 1.19862e+03
2.42517e-01 9.38641e+02
2.47517e-01 1.26759e+03
2.52517e-01 1.38047e+03
2.57516e-01 7.17156e+02
2.62515e-01 1.00885e+03
2.67515e-01 8.29484e+02
2.72514e-01 7.66609e+02
2.77515e-01 9.42242e+02
2.82515e-01 1.04495e+03
2.87514e-01 4.27172e+02
2.92514e-01 5.76602e+02
2.97513e-01 4.01695e+02
8.05565e-03 1.08187e+03
1.28387e-02 6.02649e+03
1.77584e-02 -5.56742e+02
2.26862e-02 1.94576e+04
2.76450e-02 1.78415e+04
3.26261e-02 1.43126e+04
3.76152e-02 4.44888e+03
4.26121e-02 8.05222e+03
4.75881e-02 1.34521e+04
5.25764e-02 8.99572e+03
5.75766e-02 4.58726e+03
6.25706e-02 -2.27599e+03
6.75643e-02 4.70747e+03
7.25546e-02 3.73102e+03
7.75520e-02 3.61273e+03
8.25499e-02 3.40040e+02
8.75466e-02 5.33111e+03
9.25461e-02 5.08149e+03
9.75410e-02 2.57446e+03
1.02539e-01 3.27994e+03
1.07538e-01 7.37799e+02
1.12539e-01 4.40088e+02
1.17539e-01 5.68382e+02
1.22534e-01 2.91230e+03
1.27532e-01 1.28783e+03
1.32531e-01 -1.67960e+03
1.37529e-01 2.29896e+03
1.42529e-01 1.12693e+03
1.47527e-01 1.50655e+03
1.52526e-01 -5.35809e+02
1.57526e-01 1.51784e+03
1.62527e-01 5.56050e+02
1.67528e-01 -9.34448e+01
1.72524e-01 1.41761e+03
1.77522e-01 -1.90994e+02
1.82524e-01 1.98345e+02
1.87522e-01 1.62819e+03
1.92522e-01 7.75661e+02
1.97523e-01 1.30827e+02
2.02522e-01 -3.38050e+02
2.07520e-01 -9.77510e+02
2.12520e-01 3.55083e+02
2.17519e-01 2.39593e+02
2.22517e-01 3.27022e+02
2.27517e-01 2.00308e+02
2.32517e-01 8.79718e+02
2.37517e-01 -7.71292e+02
2.42517e-01 -1.93150e+02
2.47517e-01 -1.27540e+02
2.52517e-01 -3.51261e+02
2.57516e-01 -7.71464e+02
2.62515e-01 -1.89308e+02
2.67515e-01 -9.55191e+02
2.72514e-01 -3.73502e+01
2.77515e-01 3.42258e+02
2.82515e-01 -4.85660e+02
2.87514e-01 -1.56425e+02
2.92514e-01 7.66525e+02
2.97513e-01 1.43822e+02
