60 2
k power
3.78596e-03 2.62355e+04
8.05565e-03 3.10762e+04
1.28387e-02 3.15851e+04
1.77584e-02 3.81073e+04
2.26862e-02 4.19219e+04
2.76450e-02 3.94354e+04
3.26261e-02 2.38074e+04
3.76152e-02 2.41325e+04
4.26121e-02 2.10390e+04
4.75881e-02 1.92607e+04
5.25764e-02 1.82483e+04
5.75766e-02 1.66493e+04
6.25706e-02 1.50006e+04
6.75643e-02 1.27656e+04
7.25546e-02 1.12965e+04
7.75520e-02 1.32514e+04
8.25499e-02 1.07011e+04
8.75466e-02 9.95029e+03
9.25461e-02 8.74633e+03
9.75410e-02 8.46926e+03
1.02539e-01 6.04302e+03
1.07538e-01 6.46146e+03
1.12539e-01 5.43334e+03
1.17539e-01 4.82984e+03
1.22534e-01 5.82640e+03
1.27532e-01 4.31430e+03
1.32531e-01 4.08176e+03
1.37529e-01 4.08688e+03
1.42529e-01 4.51791e+03
1.47527e-01 4.18881e+03
1.52526e-01 3.38966e+03
1.57526e-01 3.03076e+03
1.62527e-01 2.26522e+03
1.67528e-01 2.60497e+03
1.72524e-01 1.90125e+03
1.77522e-01 2.13868e+03
1.82524e-01 1.77531e+03
1.87522e-01 2.62319e+03
1.92522e-01 2.27904e+03
1.97523e-01 1.97612e+03
2.02522e-01 1.31889e+03
2.07520e-01 1.41752e+03
2.12520e-01 1.43068e+03
2.17519e-01 1.23773e+03
2.22517e-01 1.28259e+03
2.27517e-01 8.37070e+02
2.32517e-01 1.06449e+03
2.37517e-01 1.06780e+03
2.42517e-01 1.25387e+03
2.47517e-01 9.02531e+02
2.52517e-01 8.58531e+02
2.57516e-01 8.96188e+02
2.62515e-01 9.31203e+02
2.67515e-01 1.12193e+03
2.72514e-01 1.13231e+03
2.77515e-01 4.94742e+02
2.82515e-01 3.27961e+02
2.87514e-01 9.22266e+01
2.92514e-01 7.31906e+02
2.97513e-01 5.16969e+02
3.78596e-03 8.71257e+04
8.05565e-03 2.02055e+04
1.28387e-02 3.72136e+04
1.77584e-02 1.78516e+04
2.26862e-02 2.45679e+04
2.76450e-02 3.08799e+03
3.26261e-02 1.48178e+04
3.76152e-02 1.29918e+04
4.26121e-02 1.26174e+04
4.75881e-02 7.49292e+03
5.25764e-02 8.32393e+03
5.75766e-02 9.52119e+03
6.25706e-02 5.45746e+03
6.75643e-02 -1.32341e+03
7.25546e-02 4.89832e+03
7.75520e-02 6.70521e+03
8.25499e-02 5.36002e+03
8.75466e-02 2.46548e+03
9.25461e-02 1.45927e+03
9.75410e-02 1.98318e+03
1.02539e-01 2.10127e+03
1.07538e-01 1.64320e+02
1.12539e-01 2.31088e+03
1.17539e-01 1.30597e+03
1.22534e-01 -3.96291e+02
1.27532e-01 1.76347e+03
1.32531e-01 -2.51331e+03
1.37529e-01 -7.76166e+02
1.42529e-01 -6.69450e+02
1.47527e-01 2.19828e+03
1.52526e-01 -2.63907e+00
1.57526e-01 -3.05421e+02
1.62527e-01 -5.45805e+02
1.67528e-01 4.24702e+02
1.72524e-01 5.74948e+02
1.77522e-01 1.12571e+03
1.82524e-01 -1.04490e+03
1.87522e-01 -1.22402e+03
1.92522e-01 -7.69387e+00
1.97523e-01 -7.44289e+02
2.02522e-01 -1.08465e+03
2.07520e-01 -7.62959e+02
2.12520e-01 -4.67313e+02
2.17519e-01 -5.70357e+02
2.22517e-01 2.75157e+02
2.27517e-01 -2.86110e+01
2.32517e-01 2.93006e+02
2.37517e-01 -3.64541e+02
2.42517e-01 -1.23007e+03
2.47517e-01 -4.79229e+02
2.52517e-01 -3.38998e+02
2.57516e-01 8.62877e+02
2.62515e-01 -3.03145e+02
2.67515e-01 -1.35988e+02
2.72514e-01 5.64088e+02
2.77515e-01 6.21430e+02
2.82515e-01 4.57191e+01
2.87514e-01 3.01975e+02
2.92514e-01 4.95356e+02
2.97513e-01 1.00131e+02
