80 2
k power
3.75378e-03 1.35328e+02
8.05040e-03 2.69911e+04
1.28486e-02 4.41695e+04
1.77516e-02 3.60135e+04
2.26918e-02 4.41018e+04
2.76480e-02 3.52873e+04
3.26126e-02 2.77287e+04
3.76111e-02 2.16896e+04
4.26130e-02 2.45337e+04
4.76051e-02 2.01321e+04
5.25913e-02 1.89811e+04
5.75684e-02 1.86879e+04
6.25625e-02 1.53566e+04
6.75666e-02 1.38134e+04
7.25730e-02 1.31617e+04
7.75647e-02 1.28319e+04
8.25476e-02 1.16155e+04
8.75441e-02 1.15936e+04
9.25437e-02 9.74352e+03
9.75415e-02 8.90820e+03
1.02541e-01 7.94523e+03
1.07542e-01 7.52642e+03
1.12541e-01 6.90504e+03
1.17533e-01 6.26365e+03
1.22524e-01 6.90217e+03
1.27531e-01 5.76184e+03
1.32537e-01 5.18194e+03
1.37532e-01 5.23379e+03
1.42526e-01 3.91959e+03
1.47525e-01 3.78706e+03
1.52527e-01 3.80060e+03
1.57525e-01 3.96881e+03
1.62524e-01 3.63431e+03
1.67524e-01 3.95659e+03
1.72523e-01 2.32377e+03
1.77521e-01 2.24556e+03
1.82521e-01 2.65895e+03
1.87522e-01 1.96952e+03
1.92522e-01 1.78479e+03
1.97522e-01 2.18966e+03
2.02520e-01 2.19716e+03
2.07516e-01 2.07714e+03
2.12515e-01 1.92827e+03
2.17519e-01 1.35824e+03
2.22521e-01 1.38527e+03
2.27520e-01 1.96153e+03
2.32521e-01 1.41304e+03
2.37519e-01 1.23488e+03
2.42517e-01 1.11609e+03
2.47516e-01 4.22812e+02
2.52517e-01 5.03805e+02
2.57519e-01 8.86797e+02
2.62519e-01 1.17732e+03
2.67517e-01 1.19920e+03
2.72515e-01 1.07477e+03
2.77516e-01 5.68633e+02
2.82516e-01 7.09953e+02
2.87515e-01 4.97281e+02
2.92513e-01 3.10219e+02
2.97512e-01 5.62664e+02
3.02513e-01 4.94336e+02
3.07511e-01 7.54562e+02
3.12511e-01 2.11680e+02
3.17513e-01 2.12461e+02
3.22513e-01 4.85383e+02
3.27512e-01 4.50336e+02
3.32509e-01 7.79688e+01
3.37510e-01 6.54523e+02
3.42513e-01 2.96367e+02
3.47514e-01 2.64148e+02
3.52514e-01 1.16969e+02
3.57512e-01 1.37602e+02
3.62512e-01 4.60750e+02
3.67512e-01 2.44750e+02
3.72510e-01 6.42578e+01
3.77511e-01 1.33578e+02
3.82512e-01 9.28047e+01
3.87512e-01 -1.54875e+02
3.92510e-01 1.17391e+02
3.97510e-01 4.02711e+02
3.75378e-03 3.06968e+04
8.05040e-03 3.55880e+04
1.28486e-02 1.19824e+04
1.77516e-02 4.36480e+03
2.26918e-02 1.80366e+04
2.76480e-02 9.95131e+03
3.26126e-02 7.13880e+03
3.76111e-02 2.06052e+04
4.26130e-02 3.46438e+03
4.76051e-02 2.70678e+03
5.25913e-02 1.45943e+04
5.75684e-02 8.75168e+03
6.25625e-02 4.98608e+03
6.75666e-02 1.30386e+04
7.25730e-02 3.54442e+03
7.75647e-02 4.11607e+03
8.25476e-02 3.33358e+03
8.75441e-02 8.26870e+03
9.25437e-02 6.72120e+03
9.75415e-02 4.69977e+03
1.02541e-01 1.46337e+03
1.07542e-01 5.45243e+03
1.12541e-01 2.53582e+03
1.17533e-01 1.07114e+03
1.22524e-01 9.76489e+02
1.27531e-01 1.15250e+03
1.32537e-01 1.96751e+03
1.37532e-01 2.35615e+02
1.42526e-01 -7.66578e+02
1.47525e-01 -3.03066e+03
1.52527e-01 9.10932e+02
1.57525e-01 2.41807e+03
1.62524e-01 9.25356e+02
1.67524e-01 1.23464e+03
1.72523e-01 5.88767e+02
1.77521e-01 6.30010e+02
1.82521e-01 7.24893e+02
1.87522e-01 1.54561e+03
1.92522e-01 9.58900e+02
1.97522e-01 5.01229e+02
2.02520e-01 7.87522e+02
2.07516e-01 1.05972e+03
2.12515e-01 -1.58972e+03
2.17519e-01 -1.71679e+03
2.22521e-01 1.10918e+03
2.27520e-01 4.10899e+01
2.32521e-01 -8.34466e+02
2.37519e-01 2.38065e+02
2.42517e-01 9.31471e+02
2.47516e-01 -5.74228e+01
2.52517e-01 -1.68333e+03
2.57519e-01 -2.89030e+02
2.62519e-01 -9.95601e+02
2.67517e-01 -6.31595e+02
2.72515e-01 2.59347e+02
2.77516e-01 -4.65860e+02
2.82516e-01 8.44464e+02
2.87515e-01 9.94326e+01
2.92513e-01 7.32286e+02
2.97512e-01 5.93991e+02
3.02513e-01 4.38988e+02
3.07511e-01 -8.13094e+01
3.12511e-01 6.35451e+02
3.17513e-01 1.30911e+03
3.22513e-01 -8.24196e+02
3.27512e-01 1.86248e+02
3.32509e-01 1.03438e+03
3.37510e-01 6.76119e+02
3.42513e-01 7.12163e+02
3.47514e-01 1.05123e+03
3.52514e-01 -1.11410e+02
3.57512e-01 1.12938e+02
3.62512e-01 -5.51288e+02
3.67512e-01 -1.16823e+03
3.72510e-01 -7.55818e+02
3.77511e-01 6.84388e+02
3.82512e-01 4.08542e+02
3.87512e-01 -8.72424e+02
3.92510e-01 -8.76805e+02
3.97510e-01 -3.56458e+01
