60 2
k power
3.70814e-03 1.68588e+04
8.01858e-03 2.74330e+04
1.28441e-02 3.62046e+04
1.77514e-02 3.95331e+04
2.26910e-02 3.69923e+04
2.76613e-02 3.58024e+04
3.26316e-02 2.70515e+04
3.76089e-02 2.45938e+04
4.25899e-02 2.33893e+04
4.75838e-02 2.02075e+04
5.25894e-02 2.10370e+04
5.75770e-02 1.85991e+04
6.25679e-02 1.83564e+04
6.75637e-02 1.57856e+04
7.25587e-02 1.11192e+04
7.75534e-02 1.16536e+04
8.25494e-02 1.23279e+04
8.75470e-02 1.04164e+04
9.25421e-02 9.53757e+03
9.75420e-02 9.13662e+03
1.02542e-01 8.90680e+03
1.07541e-01 6.99440e+03
1.12539e-01 6.49198e+03
1.17536e-01 6.25692e+03
1.22536e-01 6.08680e+03
1.27533e-01 4.82187e+03
1.32529e-01 4.37827e+03
1.37528e-01 4.44717e+03
1.42529e-01 3.94426e+03
1.47530e-01 3.11416e+03
1.52529e-01 3.25717e+03
1.57528e-01 3.03832e+03
1.62527e-01 3.00086e+03
1.67527e-01 3.42402e+03
1.72526e-01 3.63787e+03
1.77523e-01 3.22739e+03
1.82522e-01 2.04246e+03
1.87521e-01 1.94616e+03
1.92521e-01 3.12991e+03
1.97520e-01 2.66631e+03
2.02519e-01 2.66511e+03
2.07520e-01 2.34755e+03
2.12519e-01 1.78569e+03
2.17519e-01 1.31551e+03
2.22518e-01 1.19284e+03
2.27517e-01 1.50301e+03
2.32518e-01 1.32839e+03
2.37519e-01 1.23373e+03
2.42519e-01 1.50473e+03
2.47519e-01 1.56821e+03
2.52518e-01 1.42767e+03
2.57516e-01 5.95094e+02
2.62515e-01 1.12240e+03
2.67514e-01 1.53420e+03
2.72514e-01 1.02486e+03
2.77515e-01 6.18547e+02
2.82515e-01 3.73727e+02
2.87515e-01 4.37414e+02
2.92514e-01 5.76703e+02
2.97513e-01 7.93977e+02
3.70814e-03 3.95356e+04
8.01858e-03 1.95561e+04
1.28441e-02 3.11216e+04
1.77514e-02 2.19774e+04
2.26910e-02 2.52375e+04
2.76613e-02 1.68500e+04
3.26316e-02 6.58066e+03
3.76089e-02 8.77026e+03
4.25899e-02 3.50554e+03
4.75838e-02 6.49111e+03
5.25894e-02 6.18528e+03
5.75770e-02 7.92605e+03
6.25679e-02 9.19696e+02
6.75637e-02 4.32393e+03
7.25587e-02 6.14138e+03
7.75534e-02 5.13808e+03
8.25494e-02 1.55162e+03
8.75470e-02 6.07855e+03
9.25421e-02 6.79829e+03
9.75420e-02 4.31424e+03
1.02542e-01 2.63401e+03
1.07541e-01 3.60359e+03
1.12539e-01 -4.85730e+02
1.17536e-01 -1.53324e+03
1.22536e-01 2.66113e+03
1.27533e-01 4.25527e+03
1.32529e-01 1.28732e+03
1.37528e-01 2.77517e+03
1.42529e-01 1.93673e+03
1.47530e-01 4.08888e+03
1.52529e-01 1.69857e+03
1.57528e-01 7.13109e+02
1.62527e-01 1.43963e+03
1.67527e-01 1.06597e+03
1.72526e-01 1.20035e+02
1.77523e-01 6.67775e+02
1.82522e-01 8.29636e+02
1.87521e-01 -2.50337e+02
1.92521e-01 5.38269e+02
1.97520e-01 1.50699e+03
2.02519e-01 -1.01931e+02
2.07520e-01 1.25267e+02
2.12519e-01 3.59102e+01
2.17519e-01 -6.12284e+01
2.22518e-01 4.77055e+02
2.27517e-01 -3.42866e+02
2.32518e-01 -1.03613e+03
2.37519e-01 -5.11406e+01
2.42519e-01 -1.90336e+02
2.47519e-01 3.12413e+02
2.52518e-01 5.31494e+02
2.57516e-01 1.44462e+02
2.62515e-01 -1.43382e+02
2.67514e-01 -6.13175e+02
2.72514e-01 6.50870e+02
2.77515e-01 1.45187e+02
2.82515e-01 -4.88217e+02
2.87515e-01 -1.70386e+01
2.92514e-01 -4.08183e+01
2.97513e-01 -1.30453e+02
