60 2
k power
3.70814e-03 4.72566e+04
8.01858e-03 2.13357e+04
1.28441e-02 3.79563e+04
1.77514e-02 4.57559e+04
2.26910e-02 3.49158e+04
2.76613e-02 2.92632e+04
3.26316e-02 2.81871e+04
3.76089e-02 2.11097e+04
4.25899e-02 1.70612e+04
4.75838e-02 1.98250e+04
5.25894e-02 1.52217e+04
5.75770e-02 1.62917e+04
6.25679e-02 1.50072e+04
6.75637e-02 1.20110e+04
7.25587e-02 1.35091e+04
7.75534e-02 1.21512e+04
8.25494e-02 8.42098e+03
8.75470e-02 7.99417e+03
9.25421e-02 7.55911e+03
9.75420e-02 7.66376e+03
1.02542e-01 8.23662e+03
1.07541e-01 7.23992e+03
1.12539e-01 7.12123e+03
1.17536e-01 6.16127e+03
1.22536e-01 5.61680e+03
1.27533e-01 5.18687e+03
1.32529e-01 5.73442e+03
1.37528e-01 5.42770e+03
1.42529e-01 5.01788e+03
1.47530e-01 4.54807e+03
1.52529e-01 4.12550e+03
1.57528e-01 3.76008e+03
1.62527e-01 3.86249e+03
1.67527e-01 3.14199e+03
1.72526e-01 2.49652e+03
1.77523e-01 2.46801e+03
1.82522e-01 2.07116e+03
1.87521e-01 2.48940e+03
1.92521e-01 2.38821e+03
1.97520e-01 2.29493e+03
2.02519e-01 1.63720e+03
2.07520e-01 1.81595e+03
2.12519e-01 1.53761e+03
2.17519e-01 1.92259e+03
2.22518e-01 1.63169e+03
2.27517e-01 1.19996e+03
2.32518e-01 1.33586e+03
2.37519e-01 1.41138e+03
2.42519e-01 1.34705e+03
2.47519e-01 1.89229e+03
2.52518e-01 9.89586e+02
2.57516e-01 1.05773e+03
2.62515e-01 1.03954e+03
2.67514e-01 8.64820e+02
2.72514e-01 8.40117e+02
2.77515e-01 4.17469e+02
2.82515e-01 5.54297e+02
2.87515e-01 4.31555e+02
2.92514e-01 3.57156e+02
2.97513e-01 4.29164e+02
3.70814e-03 -3.56440e+04
8.01858e-03 1.13420e+03
1.28441e-02 1.95033e+04
1.77514e-02 3.09392e+04
2.26910e-02 1.31165e+04
2.76613e-02 2.40283e+04
3.26316e-02 2.53295e+04
3.76089e-02 8.75088e+03
4.25899e-02 3.53350e+03
4.75838e-02 1.43643e+04
5.25894e-02 3.66792e+03
5.75770e-02 1.10509e+04
6.25679e-02 1.12074e+04
6.75637e-02 6.63219e+03
7.25587e-02 3.46024e+03
7.75534e-02 3.72911e+03
8.25494e-02 -1.06453e+03
8.75470e-02 8.12364e+02
9.25421e-02 2.28856e+03
9.75420e-02 5.60239e+03
1.02542e-01 5.68071e+03
1.07541e-01 2.16102e+03
1.12539e-01 4.67185e+03
1.17536e-01 4.45716e+03
1.22536e-01 2.02959e+03
1.27533e-01 2.52634e+03
1.32529e-01 1.03609e+03
1.37528e-01 1.77907e+03
1.42529e-01 3.50775e+03
1.47530e-01 2.08291e+03
1.52529e-01 1.21159e+03
1.57528e-01 -6.04363e+02
1.62527e-01 -6.98931e+02
1.67527e-01 6.12585e+02
1.72526e-01 -1.40274e+03
1.77523e-01 -5.28277e+02
1.82522e-01 -1.19167e+03
1.87521e-01 4.70257e+02
1.92521e-01 3.47461e+02
1.97520e-01 1.11992e+03
2.02519e-01 -9.63472e+02
2.07520e-01 3.37336e+02
2.12519e-01 -6.25629e+02
2.17519e-01 -1.15683e+03
2.22518e-01 -7.38863e+02
2.27517e-01 2.03705e+02
2.32518e-01 6.41881e+01
2.37519e-01 -3.16456e+02
2.42519e-01 -8.68640e+02
2.47519e-01 3.86998e+02
2.52518e-01 9.22500e+02
2.57516e-01 2.09178e+02
2.62515e-01 -2.25613e+02
2.67514e-01 4.46146e+02
2.72514e-01 1.93827e+02
2.77515e-01 4.55409e+02
2.82515e-01 -3.82957e+02
2.87515e-01 3.70734e+02
2.92514e-01 -1.10494e+01
2.97513e-01 1.45318e+02
