# k P0 P2
# reduced chi2 = 0.9764
8.0027e-03      4.9773e+04      1.2380e+04     
1.2850e-02      4.4615e+04      1.4541e+04     
1.7764e-02      4.1548e+04      1.5064e+04     
2.2684e-02      3.7745e+04      1.4296e+04     
2.7646e-02      3.3402e+04      1.2894e+04     
3.2636e-02      2.9128e+04      1.1289e+04     
3.7623e-02      2.5384e+04      9.8146e+03     
4.2607e-02      2.2373e+04      8.6172e+03     
4.7584e-02      2.0078e+04      7.7049e+03     
5.2572e-02      1.8361e+04      7.0194e+03     
5.7566e-02      1.7034e+04      6.4764e+03     
6.2559e-02      1.5904e+04      5.9925e+03     
6.7563e-02      1.4813e+04      5.5035e+03     
7.2560e-02      1.3676e+04      4.9813e+03     
7.7552e-02      1.2476e+04      4.4291e+03     
8.2550e-02      1.1251e+04      3.8718e+03     
8.7545e-02      1.0071e+04      3.3452e+03     
9.2544e-02      9.0052e+03      2.8784e+03     
9.7542e-02      8.1010e+03      2.4882e+03     
1.0253e-01      7.3753e+03      2.1761e+03     
1.0754e-01      6.8127e+03      1.9306e+03     
1.1254e-01      6.3800e+03      1.7343e+03     
1.1754e-01      6.0320e+03      1.5680e+03     
1.2253e-01      5.7220e+03      1.4145e+03     
1.2753e-01      5.4120e+03      1.2624e+03     
1.3253e-01      5.0803e+03      1.1074e+03     
1.3753e-01      4.7212e+03      9.5061e+02     
1.4253e-01      4.3459e+03      7.9771e+02     
1.4753e-01      3.9733e+03      6.5516e+02     
1.5253e-01      3.6237e+03      5.2775e+02     
1.5753e-01      3.3135e+03      4.1793e+02     
1.6253e-01      3.0513e+03      3.2527e+02     
1.6753e-01      2.8370e+03      2.4716e+02     
1.7253e-01      2.6635e+03      1.7998e+02     
1.7753e-01      2.5196e+03      1.2028e+02     
1.8253e-01      2.3927e+03      6.5320e+01     
1.8752e-01      2.2714e+03      1.3578e+01     
1.9252e-01      2.1468e+03      -3.5387e+01    
1.9752e-01      2.0152e+03      -8.1150e+01    
2.0251e-01      1.8771e+03      -1.2288e+02    
2.0752e-01      1.7369e+03      -1.5995e+02    
2.1252e-01      1.6007e+03      -1.9212e+02    
2.1752e-01      1.4736e+03      -2.1976e+02    
2.2252e-01      1.3594e+03      -2.4364e+02    
2.2752e-01      1.2596e+03      -2.6463e+02    
2.3252e-01      1.1737e+03      -2.8363e+02    
2.3752e-01      1.0996e+03      -3.0119e+02    
2.4252e-01      1.0341e+03      -3.1760e+02    
2.4752e-01      9.7389e+02      -3.3275e+02    
2.5252e-01      9.1561e+02      -3.4625e+02    
2.5751e-01      8.5744e+02      -3.5779e+02    
2.6251e-01      7.9843e+02      -3.6704e+02    
2.6751e-01      7.3878e+02      -3.7392e+02    
2.7251e-01      6.7969e+02      -3.7867e+02    
2.7752e-01      6.2250e+02      -3.8164e+02    
2.8252e-01      5.6855e+02      -3.8337e+02    
2.8751e-01      5.1907e+02      -3.8447e+02    
2.9251e-01      4.7440e+02      -3.8537e+02    
2.9751e-01      4.3413e+02      -3.8623e+02    
