# k P0 P2
# reduced chi2 = 0.8902
8.0504e-03      2.6673e+04      9.3227e+03     
1.2849e-02      3.2682e+04      1.2818e+04     
1.7752e-02      3.4285e+04      1.3894e+04     
2.2692e-02      3.2979e+04      1.3486e+04     
2.7648e-02      3.0168e+04      1.2300e+04     
3.2613e-02      2.6886e+04      1.0877e+04     
3.7611e-02      2.3776e+04      9.5362e+03     
4.2613e-02      2.1185e+04      8.4428e+03     
4.7605e-02      1.9184e+04      7.6171e+03     
5.2591e-02      1.7683e+04      7.0093e+03     
5.7568e-02      1.6520e+04      6.5366e+03     
6.2562e-02      1.5513e+04      6.1135e+03     
6.7567e-02      1.4522e+04      5.6775e+03     
7.2573e-02      1.3464e+04      5.1979e+03     
7.7565e-02      1.2330e+04      4.6788e+03     
8.2548e-02      1.1161e+04      4.1465e+03     
8.7544e-02      1.0023e+04      3.6353e+03     
9.2544e-02      8.9893e+03      3.1789e+03     
9.7542e-02      8.1106e+03      2.7975e+03     
1.0254e-01      7.4051e+03      2.4948e+03     
1.0754e-01      6.8615e+03      2.2614e+03     
1.1254e-01      6.4463e+03      2.0798e+03     
1.1753e-01      6.1144e+03      1.9292e+03     
1.2252e-01      5.8189e+03      1.7903e+03     
1.2753e-01      5.5205e+03      1.6489e+03     
1.3254e-01      5.1971e+03      1.4988e+03     
1.3753e-01      4.8440e+03      1.3414e+03     
1.4253e-01      4.4714e+03      1.1825e+03     
1.4752e-01      4.0986e+03      1.0301e+03     
1.5253e-01      3.7472e+03      8.9147e+02     
1.5752e-01      3.4349e+03      7.7125e+02     
1.6252e-01      3.1708e+03      6.7022e+02     
1.6752e-01      2.9554e+03      5.8647e+02     
1.7252e-01      2.7818e+03      5.1614e+02     
1.7752e-01      2.6386e+03      4.5487e+02     
1.8252e-01      2.5125e+03      3.9871e+02     
1.8752e-01      2.3913e+03      3.4479e+02     
1.9252e-01      2.2659e+03      2.9151e+02     
1.9752e-01      2.1320e+03      2.3885e+02     
2.0252e-01      1.9903e+03      1.8773e+02     
2.0752e-01      1.8457e+03      1.3962e+02     
2.1252e-01      1.7043e+03      9.5546e+01     
2.1752e-01      1.5717e+03      5.6134e+01     
2.2252e-01      1.4525e+03      2.1360e+01     
2.2752e-01      1.3482e+03      -9.2140e+00    
2.3252e-01      1.2585e+03      -3.6399e+01    
2.3752e-01      1.1813e+03      -6.0967e+01    
2.4252e-01      1.1131e+03      -8.3588e+01    
2.4752e-01      1.0503e+03      -1.0475e+02    
2.5252e-01      9.8920e+02      -1.2458e+02    
2.5752e-01      9.2787e+02      -1.4299e+02    
2.6252e-01      8.6529e+02      -1.5982e+02    
2.6752e-01      8.0167e+02      -1.7486e+02    
2.7252e-01      7.3830e+02      -1.8807e+02    
2.7752e-01      6.7664e+02      -1.9958e+02    
2.8252e-01      6.1831e+02      -2.0957e+02    
2.8752e-01      5.6465e+02      -2.1836e+02    
2.9251e-01      5.1615e+02      -2.2632e+02    
2.9751e-01      4.7242e+02      -2.3366e+02    
