# k P0 P2
# reduced chi2 = 1.1628
8.0027e-03      6.0860e+04      1.2710e+04     
1.2850e-02      4.8814e+04      1.4387e+04     
1.7764e-02      4.3555e+04      1.4783e+04     
2.2684e-02      3.8757e+04      1.3914e+04     
2.7646e-02      3.3890e+04      1.2477e+04     
3.2636e-02      2.9335e+04      1.0827e+04     
3.7623e-02      2.5433e+04      9.3092e+03     
4.2607e-02      2.2324e+04      8.0709e+03     
4.7584e-02      1.9962e+04      7.1126e+03     
5.2572e-02      1.8192e+04      6.3735e+03     
5.7566e-02      1.6820e+04      5.7726e+03     
6.2559e-02      1.5652e+04      5.2328e+03     
6.7563e-02      1.4534e+04      4.6964e+03     
7.2560e-02      1.3385e+04      4.1421e+03     
7.7552e-02      1.2188e+04      3.5761e+03     
8.2550e-02      1.0976e+04      3.0219e+03     
8.7545e-02      9.8185e+03      2.5108e+03     
9.2544e-02      8.7766e+03      2.0650e+03     
9.7542e-02      7.8937e+03      1.6946e+03     
1.0253e-01      7.1833e+03      1.3961e+03     
1.0754e-01      6.6291e+03      1.1559e+03     
1.1254e-01      6.1987e+03      9.5787e+02     
1.1754e-01      5.8495e+03      7.8612e+02     
1.2253e-01      5.5381e+03      6.2827e+02     
1.2753e-01      5.2298e+03      4.7746e+02     
1.3253e-01      4.9049e+03      3.3266e+02     
1.3753e-01      4.5589e+03      1.9605e+02     
1.4253e-01      4.2016e+03      7.1719e+01     
1.4753e-01      3.8504e+03      -3.7139e+01    
1.5253e-01      3.5227e+03      -1.2962e+02    
1.5753e-01      3.2327e+03      -2.0681e+02    
1.6253e-01      2.9874e+03      -2.7150e+02    
1.6753e-01      2.7860e+03      -3.2710e+02    
1.7253e-01      2.6218e+03      -3.7657e+02    
1.7753e-01      2.4848e+03      -4.2181e+02    
1.8253e-01      2.3637e+03      -4.6347e+02    
1.8752e-01      2.2487e+03      -5.0106e+02    
1.9252e-01      2.1321e+03      -5.3341e+02    
1.9752e-01      2.0107e+03      -5.5944e+02    
2.0251e-01      1.8850e+03      -5.7856e+02    
2.0752e-01      1.7587e+03      -5.9128e+02    
2.1252e-01      1.6369e+03      -5.9876e+02    
2.1752e-01      1.5239e+03      -6.0268e+02    
2.2252e-01      1.4225e+03      -6.0475e+02    
2.2752e-01      1.3338e+03      -6.0631e+02    
2.3252e-01      1.2575e+03      -6.0827e+02    
2.3752e-01      1.1914e+03      -6.1078e+02    
2.4252e-01      1.1330e+03      -6.1352e+02    
2.4752e-01      1.0793e+03      -6.1567e+02    
2.5252e-01      1.0277e+03      -6.1624e+02    
2.5751e-01      9.7668e+02      -6.1456e+02    
2.6251e-01      9.2539e+02      -6.1020e+02    
2.6751e-01      8.7400e+02      -6.0319e+02    
2.7251e-01      8.2347e+02      -5.9408e+02    
2.7752e-01      7.7485e+02      -5.8358e+02    
2.8252e-01      7.2918e+02      -5.7250e+02    
2.8751e-01      6.8737e+02      -5.6172e+02    
2.9251e-01      6.4967e+02      -5.5174e+02    
2.9751e-01      6.1572e+02      -5.4263e+02    
