# k P0 P2
# reduced chi2 = 1.0200
8.0027e-03      2.8718e+04      1.0030e+04     
1.2850e-02      3.4914e+04      1.3603e+04     
1.7764e-02      3.6302e+04      1.4658e+04     
2.2684e-02      3.4736e+04      1.4154e+04     
2.7646e-02      3.1649e+04      1.2846e+04     
3.2636e-02      2.8107e+04      1.1291e+04     
3.7623e-02      2.4801e+04      9.8419e+03     
4.2607e-02      2.2064e+04      8.6566e+03     
4.7584e-02      1.9949e+04      7.7526e+03     
5.2572e-02      1.8358e+04      7.0753e+03     
5.7566e-02      1.7121e+04      6.5396e+03     
6.2559e-02      1.6055e+04      6.0606e+03     
6.7563e-02      1.5007e+04      5.5733e+03     
7.2560e-02      1.3892e+04      5.0497e+03     
7.7552e-02      1.2699e+04      4.4935e+03     
8.2550e-02      1.1468e+04      3.9302e+03     
8.7545e-02      1.0276e+04      3.3969e+03     
9.2544e-02      9.1954e+03      2.9237e+03     
9.7542e-02      8.2776e+03      2.5279e+03     
1.0253e-01      7.5415e+03      2.2113e+03     
1.0754e-01      6.9722e+03      1.9623e+03     
1.1254e-01      6.5356e+03      1.7633e+03     
1.1754e-01      6.1854e+03      1.5946e+03     
1.2253e-01      5.8730e+03      1.4388e+03     
1.2753e-01      5.5592e+03      1.2840e+03     
1.3253e-01      5.2212e+03      1.1258e+03     
1.3753e-01      4.8533e+03      9.6575e+02     
1.4253e-01      4.4674e+03      8.0955e+02     
1.4753e-01      4.0834e+03      6.6392e+02     
1.5253e-01      3.7226e+03      5.3377e+02     
1.5753e-01      3.4024e+03      4.2160e+02     
1.6253e-01      3.1320e+03      3.2693e+02     
1.6753e-01      2.9112e+03      2.4704e+02     
1.7253e-01      2.7327e+03      1.7822e+02     
1.7753e-01      2.5851e+03      1.1694e+02     
1.8253e-01      2.4549e+03      6.0429e+01     
1.8752e-01      2.3303e+03      7.1842e+00     
1.9252e-01      2.2020e+03      -4.3197e+01    
1.9752e-01      2.0661e+03      -9.0256e+01    
2.0251e-01      1.9230e+03      -1.3313e+02    
2.0752e-01      1.7775e+03      -1.7117e+02    
2.1252e-01      1.6361e+03      -2.0417e+02    
2.1752e-01      1.5040e+03      -2.3253e+02    
2.2252e-01      1.3854e+03      -2.5704e+02    
2.2752e-01      1.2817e+03      -2.7862e+02    
2.3252e-01      1.1926e+03      -2.9820e+02    
2.3752e-01      1.1157e+03      -3.1635e+02    
2.4252e-01      1.0479e+03      -3.3334e+02    
2.4752e-01      9.8548e+02      -3.4905e+02    
2.5252e-01      9.2504e+02      -3.6307e+02    
2.5751e-01      8.6463e+02      -3.7505e+02    
2.6251e-01      8.0327e+02      -3.8465e+02    
2.6751e-01      7.4116e+02      -3.9177e+02    
2.7251e-01      6.7956e+02      -3.9665e+02    
2.7752e-01      6.1990e+02      -3.9969e+02    
2.8252e-01      5.6360e+02      -4.0145e+02    
2.8751e-01      5.1196e+02      -4.0256e+02    
2.9251e-01      4.6536e+02      -4.0348e+02    
2.9751e-01      4.2336e+02      -4.0439e+02    
