# k P0 P2
# reduced chi2 = 0.8234
8.0027e-03      2.8865e+04      1.0000e+04     
1.2850e-02      3.5424e+04      1.3645e+04     
1.7764e-02      3.6956e+04      1.4702e+04     
2.2684e-02      3.5411e+04      1.4164e+04     
2.7646e-02      3.2286e+04      1.2808e+04     
3.2636e-02      2.8680e+04      1.1204e+04     
3.7623e-02      2.5307e+04      9.7085e+03     
4.2607e-02      2.2510e+04      8.4811e+03     
4.7584e-02      2.0344e+04      7.5371e+03     
5.2572e-02      1.8710e+04      6.8194e+03     
5.7566e-02      1.7435e+04      6.2429e+03     
6.2559e-02      1.6333e+04      5.7239e+03     
6.7563e-02      1.5250e+04      5.2004e+03     
7.2560e-02      1.4103e+04      4.6477e+03     
7.7552e-02      1.2878e+04      4.0717e+03     
8.2550e-02      1.1618e+04      3.4982e+03     
8.7545e-02      1.0401e+04      2.9623e+03     
9.2544e-02      9.2997e+03      2.4907e+03     
9.7542e-02      8.3641e+03      2.0972e+03     
1.0253e-01      7.6127e+03      1.7807e+03     
1.0754e-01      7.0296e+03      1.5281e+03     
1.1254e-01      6.5803e+03      1.3221e+03     
1.1754e-01      6.2180e+03      1.1446e+03     
1.2253e-01      5.8944e+03      9.8052e+02     
1.2753e-01      5.5708e+03      8.2088e+02     
1.3253e-01      5.2247e+03      6.6332e+02     
1.3753e-01      4.8511e+03      5.0996e+02     
1.4253e-01      4.4614e+03      3.6595e+02     
1.4753e-01      4.0755e+03      2.3615e+02     
1.5253e-01      3.7139e+03      1.2316e+02     
1.5753e-01      3.3934e+03      2.7277e+01     
1.6253e-01      3.1226e+03      -5.3563e+01    
1.6753e-01      2.9010e+03      -1.2272e+02    
1.7253e-01      2.7212e+03      -1.8364e+02    
1.7753e-01      2.5718e+03      -2.3894e+02    
1.8253e-01      2.4399e+03      -2.9008e+02    
1.8752e-01      2.3141e+03      -3.3727e+02    
1.9252e-01      2.1853e+03      -3.7978e+02    
1.9752e-01      2.0500e+03      -4.1669e+02    
2.0251e-01      1.9086e+03      -4.4721e+02    
2.0752e-01      1.7657e+03      -4.7144e+02    
2.1252e-01      1.6273e+03      -4.9010e+02    
2.1752e-01      1.4983e+03      -5.0449e+02    
2.2252e-01      1.3826e+03      -5.1612e+02    
2.2752e-01      1.2815e+03      -5.2625e+02    
2.3252e-01      1.1945e+03      -5.3588e+02    
2.3752e-01      1.1194e+03      -5.4533e+02    
2.4252e-01      1.0530e+03      -5.5449e+02    
2.4752e-01      9.9202e+02      -5.6274e+02    
2.5252e-01      9.3314e+02      -5.6921e+02    
2.5751e-01      8.7457e+02      -5.7328e+02    
2.6251e-01      8.1539e+02      -5.7451e+02    
2.6751e-01      7.5579e+02      -5.7288e+02    
2.7251e-01      6.9693e+02      -5.6885e+02    
2.7752e-01      6.4010e+02      -5.6309e+02    
2.8252e-01      5.8660e+02      -5.5640e+02    
2.8751e-01      5.3758e+02      -5.4965e+02    
2.9251e-01      4.9337e+02      -5.4336e+02    
2.9751e-01      4.5355e+02      -5.3767e+02    
