# k P0 P2
# reduced chi2 = 0.9171
8.0027e-03      3.8310e+04      1.1494e+04     
1.2850e-02      4.0085e+04      1.4319e+04     
1.7764e-02      3.9473e+04      1.5022e+04     
2.2684e-02      3.6811e+04      1.4320e+04     
2.7646e-02      3.3054e+04      1.2898e+04     
3.2636e-02      2.9082e+04      1.1268e+04     
3.7623e-02      2.5493e+04      9.7660e+03     
4.2607e-02      2.2562e+04      8.5406e+03     
4.7584e-02      2.0311e+04      7.6023e+03     
5.2572e-02      1.8619e+04      6.8922e+03     
5.7566e-02      1.7304e+04      6.3246e+03     
6.2559e-02      1.6176e+04      5.8156e+03     
6.7563e-02      1.5078e+04      5.3024e+03     
7.2560e-02      1.3925e+04      4.7590e+03     
7.7552e-02      1.2702e+04      4.1905e+03     
8.2550e-02      1.1449e+04      3.6220e+03     
8.7545e-02      1.0242e+04      3.0890e+03     
9.2544e-02      9.1497e+03      2.6189e+03     
9.7542e-02      8.2229e+03      2.2263e+03     
1.0253e-01      7.4787e+03      1.9112e+03     
1.0754e-01      6.9011e+03      1.6608e+03     
1.1254e-01      6.4560e+03      1.4578e+03     
1.1754e-01      6.0973e+03      1.2839e+03     
1.2253e-01      5.7773e+03      1.1233e+03     
1.2753e-01      5.4574e+03      9.6603e+02     
1.3253e-01      5.1158e+03      8.0919e+02     
1.3753e-01      4.7468e+03      6.5458e+02     
1.4253e-01      4.3621e+03      5.0752e+02     
1.4753e-01      3.9809e+03      3.7338e+02     
1.5253e-01      3.6237e+03      2.5551e+02     
1.5753e-01      3.3069e+03      1.5490e+02     
1.6253e-01      3.0392e+03      7.0029e+01     
1.6753e-01      2.8201e+03      -2.2107e+00    
1.7253e-01      2.6424e+03      -6.5311e+01    
1.7753e-01      2.4948e+03      -1.2218e+02    
1.8253e-01      2.3646e+03      -1.7470e+02    
1.8752e-01      2.2402e+03      -2.2349e+02    
1.9252e-01      2.1129e+03      -2.6822e+02    
1.9752e-01      1.9790e+03      -3.0812e+02    
2.0251e-01      1.8389e+03      -3.4240e+02    
2.0752e-01      1.6971e+03      -3.7092e+02    
2.1252e-01      1.5597e+03      -3.9406e+02    
2.1752e-01      1.4317e+03      -4.1285e+02    
2.2252e-01      1.3167e+03      -4.2853e+02    
2.2752e-01      1.2162e+03      -4.4226e+02    
2.3252e-01      1.1297e+03      -4.5500e+02    
2.3752e-01      1.0550e+03      -4.6713e+02    
2.4252e-01      9.8908e+02      -4.7869e+02    
2.4752e-01      9.2839e+02      -4.8921e+02    
2.5252e-01      8.6980e+02      -4.9799e+02    
2.5751e-01      8.1148e+02      -5.0451e+02    
2.6251e-01      7.5249e+02      -5.0836e+02    
2.6751e-01      6.9303e+02      -5.0949e+02    
2.7251e-01      6.3426e+02      -5.0831e+02    
2.7752e-01      5.7748e+02      -5.0538e+02    
2.8252e-01      5.2399e+02      -5.0141e+02    
2.8751e-01      4.7498e+02      -4.9719e+02    
2.9251e-01      4.3076e+02      -4.9322e+02    
2.9751e-01      3.9091e+02      -4.8963e+02    
