# k P0 P2
# reduced chi2 = 0.7118
8.0504e-03      4.9364e+04      8.4193e+03     
1.2849e-02      4.4046e+04      1.3554e+04     
1.7752e-02      4.1267e+04      1.4341e+04     
2.2692e-02      3.7567e+04      1.3727e+04     
2.7648e-02      3.3341e+04      1.2363e+04     
3.2613e-02      2.9162e+04      1.0797e+04     
3.7611e-02      2.5452e+04      9.3485e+03     
4.2613e-02      2.2451e+04      8.1677e+03     
4.7605e-02      2.0158e+04      7.2664e+03     
5.2591e-02      1.8442e+04      6.5863e+03     
5.7568e-02      1.7111e+04      6.0425e+03     
6.2562e-02      1.5970e+04      5.5518e+03     
6.7567e-02      1.4870e+04      5.0563e+03     
7.2573e-02      1.3726e+04      4.5304e+03     
7.7565e-02      1.2525e+04      3.9812e+03     
8.2548e-02      1.1305e+04      3.4345e+03     
8.7544e-02      1.0130e+04      2.9211e+03     
9.2544e-02      9.0677e+03      2.4690e+03     
9.7542e-02      8.1663e+03      2.0924e+03     
1.0254e-01      7.4402e+03      1.7901e+03     
1.0754e-01      6.8761e+03      1.5506e+03     
1.1254e-01      6.4402e+03      1.3568e+03     
1.1753e-01      6.0877e+03      1.1908e+03     
1.2252e-01      5.7734e+03      1.0374e+03     
1.2753e-01      5.4597e+03      8.8680e+02     
1.3254e-01      5.1261e+03      7.3635e+02     
1.3753e-01      4.7686e+03      5.8853e+02     
1.4253e-01      4.3967e+03      4.4804e+02     
1.4752e-01      4.0281e+03      3.1994e+02     
1.5253e-01      3.6829e+03      2.0775e+02     
1.5752e-01      3.3767e+03      1.1240e+02     
1.6252e-01      3.1172e+03      3.2183e+01     
1.6752e-01      2.9042e+03      -3.5886e+01    
1.7252e-01      2.7309e+03      -9.5240e+01    
1.7752e-01      2.5865e+03      -1.4868e+02    
1.8252e-01      2.4589e+03      -1.9802e+02    
1.8752e-01      2.3370e+03      -2.4388e+02    
1.9252e-01      2.2126e+03      -2.8597e+02    
1.9752e-01      2.0822e+03      -3.2348e+02    
2.0252e-01      1.9463e+03      -3.5562e+02    
2.0752e-01      1.8092e+03      -3.8213e+02    
2.1252e-01      1.6762e+03      -4.0354e+02    
2.1752e-01      1.5522e+03      -4.2075e+02    
2.2252e-01      1.4407e+03      -4.3502e+02    
2.2752e-01      1.3431e+03      -4.4744e+02    
2.3252e-01      1.2590e+03      -4.5895e+02    
2.3752e-01      1.1861e+03      -4.6991e+02    
2.4252e-01      1.1217e+03      -4.8032e+02    
2.4752e-01      1.0623e+03      -4.8979e+02    
2.5252e-01      1.0050e+03      -4.9764e+02    
2.5752e-01      9.4809e+02      -5.0331e+02    
2.6252e-01      8.9064e+02      -5.0646e+02    
2.6752e-01      8.3289e+02      -5.0701e+02    
2.7252e-01      7.7585e+02      -5.0533e+02    
2.7752e-01      7.2074e+02      -5.0200e+02    
2.8252e-01      6.6884e+02      -4.9767e+02    
2.8752e-01      6.2119e+02      -4.9308e+02    
2.9251e-01      5.7813e+02      -4.8876e+02    
2.9751e-01      5.3930e+02      -4.8483e+02    
