# k P0 P2
# reduced chi2 = 1.0852
8.0027e-03      2.8424e+04      9.9731e+03     
1.2850e-02      3.4904e+04      1.3627e+04     
1.7764e-02      3.6429e+04      1.4728e+04     
2.2684e-02      3.4920e+04      1.4250e+04     
2.7646e-02      3.1851e+04      1.2958e+04     
3.2636e-02      2.8304e+04      1.1413e+04     
3.7623e-02      2.4987e+04      9.9705e+03     
4.2607e-02      2.2239e+04      8.7924e+03     
4.7584e-02      2.0116e+04      7.8972e+03     
5.2572e-02      1.8520e+04      7.2305e+03     
5.7566e-02      1.7282e+04      6.7069e+03     
6.2559e-02      1.6214e+04      6.2400e+03     
6.7563e-02      1.5163e+04      5.7633e+03     
7.2560e-02      1.4045e+04      5.2470e+03     
7.7552e-02      1.2844e+04      4.6941e+03     
8.2550e-02      1.1603e+04      4.1304e+03     
8.7545e-02      1.0399e+04      3.5941e+03     
9.2544e-02      9.3080e+03      3.1167e+03     
9.7542e-02      8.3809e+03      2.7172e+03     
1.0253e-01      7.6380e+03      2.3987e+03     
1.0754e-01      7.0643e+03      2.1499e+03     
1.1254e-01      6.6255e+03      1.9529e+03     
1.1754e-01      6.2743e+03      1.7873e+03     
1.2253e-01      5.9613e+03      1.6344e+03     
1.2753e-01      5.6463e+03      1.4812e+03     
1.3253e-01      5.3057e+03      1.3224e+03     
1.3753e-01      4.9338e+03      1.1591e+03     
1.4253e-01      4.5424e+03      9.9752e+02     
1.4753e-01      4.1522e+03      8.4502e+02     
1.5253e-01      3.7852e+03      7.0754e+02     
1.5753e-01      3.4592e+03      5.8854e+02     
1.6253e-01      3.1841e+03      4.8817e+02     
1.6753e-01      2.9598e+03      4.0398e+02     
1.7253e-01      2.7789e+03      3.3214e+02     
1.7753e-01      2.6295e+03      2.6866e+02     
1.8253e-01      2.4979e+03      2.1025e+02     
1.8752e-01      2.3718e+03      1.5479e+02     
1.9252e-01      2.2415e+03      1.0140e+02     
1.9752e-01      2.1030e+03      5.0312e+01     
2.0251e-01      1.9566e+03      2.4387e+00     
2.0752e-01      1.8075e+03      -4.1277e+01    
2.1252e-01      1.6621e+03      -8.0190e+01    
2.1752e-01      1.5263e+03      -1.1432e+02    
2.2252e-01      1.4042e+03      -1.4415e+02    
2.2752e-01      1.2975e+03      -1.7044e+02    
2.3252e-01      1.2059e+03      -1.9409e+02    
2.3752e-01      1.1270e+03      -2.1576e+02    
2.4252e-01      1.0574e+03      -2.3591e+02    
2.4752e-01      9.9331e+02      -2.5466e+02    
2.5252e-01      9.3115e+02      -2.7179e+02    
2.5751e-01      8.6889e+02      -2.8706e+02    
2.6251e-01      8.0546e+02      -3.0018e+02    
2.6751e-01      7.4109e+02      -3.1102e+02    
2.7251e-01      6.7713e+02      -3.1973e+02    
2.7752e-01      6.1507e+02      -3.2657e+02    
2.8252e-01      5.5645e+02      -3.3198e+02    
2.8751e-01      5.0265e+02      -3.3651e+02    
2.9251e-01      4.5409e+02      -3.4057e+02    
2.9751e-01      4.1033e+02      -3.4435e+02    
