# k P0 P2
# reduced chi2 = 0.7810
8.0504e-03      5.6359e+04      7.0704e+03     
1.2849e-02      4.6801e+04      1.3715e+04     
1.7752e-02      4.2830e+04      1.4644e+04     
2.2692e-02      3.8520e+04      1.4163e+04     
2.7648e-02      3.3956e+04      1.2892e+04     
3.2613e-02      2.9566e+04      1.1397e+04     
3.7611e-02      2.5717e+04      1.0015e+04     
4.2613e-02      2.2628e+04      8.9003e+03     
4.7605e-02      2.0285e+04      8.0714e+03     
5.2591e-02      1.8545e+04      7.4722e+03     
5.7568e-02      1.7210e+04      7.0162e+03     
6.2562e-02      1.6074e+04      6.6142e+03     
6.7567e-02      1.4981e+04      6.1987e+03     
7.2573e-02      1.3840e+04      5.7345e+03     
7.7565e-02      1.2635e+04      5.2232e+03     
8.2548e-02      1.1403e+04      4.6908e+03     
8.7544e-02      1.0209e+04      4.1742e+03     
9.2544e-02      9.1277e+03      3.7105e+03     
9.7542e-02      8.2103e+03      3.3238e+03     
1.0254e-01      7.4747e+03      3.0206e+03     
1.0754e-01      6.9092e+03      2.7928e+03     
1.1254e-01      6.4790e+03      2.6223e+03     
1.1753e-01      6.1368e+03      2.4861e+03     
1.2252e-01      5.8335e+03      2.3620e+03     
1.2753e-01      5.5278e+03      2.2323e+03     
1.3254e-01      5.1957e+03      2.0880e+03     
1.3753e-01      4.8318e+03      1.9292e+03     
1.4253e-01      4.4466e+03      1.7622e+03     
1.4752e-01      4.0598e+03      1.5971e+03     
1.5253e-01      3.6947e+03      1.4440e+03     
1.5752e-01      3.3700e+03      1.3104e+03     
1.6252e-01      3.0959e+03      1.1992e+03     
1.6752e-01      2.8731e+03      1.1096e+03     
1.7252e-01      2.6947e+03      1.0373e+03     
1.7752e-01      2.5486e+03      9.7692e+02     
1.8252e-01      2.4205e+03      9.2263e+02     
1.8752e-01      2.2973e+03      8.6954e+02     
1.9252e-01      2.1688e+03      8.1427e+02     
1.9752e-01      2.0303e+03      7.5584e+02     
2.0252e-01      1.8825e+03      6.9512e+02     
2.0752e-01      1.7305e+03      6.3457e+02     
2.1252e-01      1.5812e+03      5.7657e+02     
2.1752e-01      1.4408e+03      5.2323e+02     
2.2252e-01      1.3145e+03      4.7573e+02     
2.2752e-01      1.2041e+03      4.3435e+02     
2.3252e-01      1.1097e+03      3.9851e+02     
2.3752e-01      1.0287e+03      3.6713e+02     
2.4252e-01      9.5755e+02      3.3889e+02     
2.4752e-01      8.9195e+02      3.1240e+02     
2.5252e-01      8.2795e+02      2.8665e+02     
2.5752e-01      7.6320e+02      2.6118e+02     
2.6252e-01      6.9651e+02      2.3586e+02     
2.6752e-01      6.2813e+02      2.1098e+02     
2.7252e-01      5.5951e+02      1.8700e+02     
2.7752e-01      4.9239e+02      1.6431e+02     
2.8252e-01      4.2867e+02      1.4330e+02     
2.8752e-01      3.7000e+02      1.2419e+02     
2.9251e-01      3.1700e+02      1.0684e+02     
2.9751e-01      2.6926e+02      9.1035e+01     
