# k P0 P2
# reduced chi2 = 0.8420
8.0504e-03      3.9038e+04      9.3253e+03     
1.2849e-02      3.8109e+04      1.3149e+04     
1.7752e-02      3.6795e+04      1.3968e+04     
2.2692e-02      3.4013e+04      1.3435e+04     
2.7648e-02      3.0444e+04      1.2193e+04     
3.2613e-02      2.6773e+04      1.0750e+04     
3.7611e-02      2.3461e+04      9.4090e+03     
4.2613e-02      2.0764e+04      8.3210e+03     
4.7605e-02      1.8703e+04      7.5019e+03     
5.2591e-02      1.7163e+04      6.8996e+03     
5.7568e-02      1.5974e+04      6.4320e+03     
6.2562e-02      1.4955e+04      6.0152e+03     
6.7567e-02      1.3966e+04      5.5878e+03     
7.2573e-02      1.2926e+04      5.1192e+03     
7.7565e-02      1.1824e+04      4.6129e+03     
8.2548e-02      1.0695e+04      4.0939e+03     
8.7544e-02      9.6013e+03      3.5954e+03     
9.2544e-02      8.6099e+03      3.1504e+03     
9.7542e-02      7.7680e+03      2.7784e+03     
1.0254e-01      7.0917e+03      2.4834e+03     
1.0754e-01      6.5700e+03      2.2562e+03     
1.1254e-01      6.1707e+03      2.0799e+03     
1.1753e-01      5.8512e+03      1.9342e+03     
1.2252e-01      5.5670e+03      1.8002e+03     
1.2753e-01      5.2810e+03      1.6635e+03     
1.3254e-01      4.9721e+03      1.5182e+03     
1.3753e-01      4.6361e+03      1.3652e+03     
1.4253e-01      4.2822e+03      1.2102e+03     
1.4752e-01      3.9285e+03      1.0610e+03     
1.5253e-01      3.5954e+03      9.2499e+02     
1.5752e-01      3.2994e+03      8.0690e+02     
1.6252e-01      3.0490e+03      7.0770e+02     
1.6752e-01      2.8446e+03      6.2566e+02     
1.7252e-01      2.6797e+03      5.5704e+02     
1.7752e-01      2.5435e+03      4.9752e+02     
1.8252e-01      2.4236e+03      4.4311e+02     
1.8752e-01      2.3085e+03      3.9081e+02     
1.9252e-01      2.1895e+03      3.3889e+02     
1.9752e-01      2.0626e+03      2.8723e+02     
2.0252e-01      1.9285e+03      2.3668e+02     
2.0752e-01      1.7917e+03      1.8877e+02     
2.1252e-01      1.6579e+03      1.4461e+02     
2.1752e-01      1.5326e+03      1.0495e+02     
2.2252e-01      1.4197e+03      6.9908e+01     
2.2752e-01      1.3211e+03      3.9123e+01     
2.3252e-01      1.2362e+03      1.1846e+01     
2.3752e-01      1.1631e+03      -1.2700e+01    
2.4252e-01      1.0985e+03      -3.5225e+01    
2.4752e-01      1.0390e+03      -5.6288e+01    
2.5252e-01      9.8117e+02      -7.6112e+01    
2.5752e-01      9.2312e+02      -9.4654e+01    
2.6252e-01      8.6389e+02      -1.1181e+02    
2.6752e-01      8.0371e+02      -1.2737e+02    
2.7252e-01      7.4376e+02      -1.4126e+02    
2.7752e-01      6.8545e+02      -1.5354e+02    
2.8252e-01      6.3027e+02      -1.6434e+02    
2.8752e-01      5.7951e+02      -1.7391e+02    
2.9251e-01      5.3361e+02      -1.8258e+02    
2.9751e-01      4.9222e+02      -1.9055e+02    
