# k P0 P2
# reduced chi2 = 0.9575
8.0027e-03      2.8237e+04      9.9661e+03     
1.2850e-02      3.5064e+04      1.3734e+04     
1.7764e-02      3.6751e+04      1.4906e+04     
2.2684e-02      3.5296e+04      1.4474e+04     
2.7646e-02      3.2223e+04      1.3213e+04     
3.2636e-02      2.8648e+04      1.1689e+04     
3.7623e-02      2.5296e+04      1.0265e+04     
4.2607e-02      2.2518e+04      9.1060e+03     
4.7584e-02      2.0374e+04      8.2335e+03     
5.2572e-02      1.8768e+04      7.5943e+03     
5.7566e-02      1.7525e+04      7.1018e+03     
6.2559e-02      1.6456e+04      6.6666e+03     
6.7563e-02      1.5402e+04      6.2180e+03     
7.2560e-02      1.4275e+04      5.7226e+03     
7.7552e-02      1.3060e+04      5.1812e+03     
8.2550e-02      1.1800e+04      4.6201e+03     
8.7545e-02      1.0575e+04      4.0798e+03     
9.2544e-02      9.4625e+03      3.5957e+03     
9.7542e-02      8.5176e+03      3.1906e+03     
1.0253e-01      7.7618e+03      2.8705e+03     
1.0754e-01      7.1808e+03      2.6254e+03     
1.1254e-01      6.7392e+03      2.4370e+03     
1.1754e-01      6.3882e+03      2.2828e+03     
1.2253e-01      6.0762e+03      2.1412e+03     
1.2753e-01      5.7607e+03      1.9959e+03     
1.3253e-01      5.4166e+03      1.8395e+03     
1.3753e-01      5.0375e+03      1.6719e+03     
1.4253e-01      4.6357e+03      1.4999e+03     
1.4753e-01      4.2331e+03      1.3330e+03     
1.5253e-01      3.8533e+03      1.1797e+03     
1.5753e-01      3.5156e+03      1.0460e+03     
1.6253e-01      3.2311e+03      9.3377e+02     
1.6753e-01      3.0001e+03      8.4144e+02     
1.7253e-01      2.8150e+03      7.6486e+02     
1.7753e-01      2.6632e+03      6.9899e+02     
1.8253e-01      2.5299e+03      6.3894e+02     
1.8752e-01      2.4019e+03      5.8095e+02     
1.9252e-01      2.2684e+03      5.2267e+02     
1.9752e-01      2.1250e+03      4.6366e+02     
2.0251e-01      1.9720e+03      4.0483e+02     
2.0752e-01      1.8150e+03      3.4797e+02     
2.1252e-01      1.6612e+03      2.9491e+02     
2.1752e-01      1.5170e+03      2.4680e+02     
2.2252e-01      1.3874e+03      2.0411e+02     
2.2752e-01      1.2743e+03      1.6662e+02     
2.3252e-01      1.1774e+03      1.3356e+02     
2.3752e-01      1.0942e+03      1.0398e+02     
2.4252e-01      1.0212e+03      7.6901e+01     
2.4752e-01      9.5381e+02      5.1537e+01     
2.5252e-01      8.8821e+02      2.7416e+01     
2.5751e-01      8.2205e+02      4.3952e+00     
2.6251e-01      7.5411e+02      -1.7429e+01    
2.6751e-01      6.8464e+02      -3.7839e+01    
2.7251e-01      6.1517e+02      -5.6632e+01    
2.7752e-01      5.4746e+02      -7.3706e+01    
2.8252e-01      4.8330e+02      -8.9092e+01    
2.8751e-01      4.2436e+02      -1.0296e+02    
2.9251e-01      3.7116e+02      -1.1557e+02    
2.9751e-01      3.2324e+02      -1.2716e+02    
