# k P0 P2
# reduced chi2 = 0.8801
8.0027e-03      4.8928e+04      1.2369e+04     
1.2850e-02      4.4275e+04      1.4597e+04     
1.7764e-02      4.1383e+04      1.5163e+04     
2.2684e-02      3.7662e+04      1.4435e+04     
2.7646e-02      3.3363e+04      1.3066e+04     
3.2636e-02      2.9113e+04      1.1490e+04     
3.7623e-02      2.5383e+04      1.0042e+04     
4.2607e-02      2.2381e+04      8.8693e+03     
4.7584e-02      2.0097e+04      7.9837e+03     
5.2572e-02      1.8392e+04      7.3278e+03     
5.7566e-02      1.7077e+04      6.8169e+03     
6.2559e-02      1.5960e+04      6.3649e+03     
6.7563e-02      1.4880e+04      5.9044e+03     
7.2560e-02      1.3750e+04      5.4040e+03     
7.7552e-02      1.2553e+04      4.8651e+03     
8.2550e-02      1.1326e+04      4.3124e+03     
8.7545e-02      1.0143e+04      3.7840e+03     
9.2544e-02      9.0718e+03      3.3124e+03     
9.7542e-02      8.1632e+03      2.9179e+03     
1.0253e-01      7.4351e+03      2.6046e+03     
1.0754e-01      6.8729e+03      2.3622e+03     
1.1254e-01      6.4429e+03      2.1731e+03     
1.1754e-01      6.0991e+03      2.0163e+03     
1.2253e-01      5.7934e+03      1.8721e+03     
1.2753e-01      5.4865e+03      1.7261e+03     
1.3253e-01      5.1553e+03      1.5720e+03     
1.3753e-01      4.7939e+03      1.4101e+03     
1.4253e-01      4.4136e+03      1.2467e+03     
1.4753e-01      4.0343e+03      1.0902e+03     
1.5253e-01      3.6774e+03      9.4739e+02     
1.5753e-01      3.3603e+03      8.2315e+02     
1.6253e-01      3.0926e+03      7.1860e+02     
1.6753e-01      2.8745e+03      6.3180e+02     
1.7253e-01      2.6989e+03      5.5889e+02     
1.7753e-01      2.5540e+03      4.9544e+02     
1.8253e-01      2.4266e+03      4.3739e+02     
1.8752e-01      2.3044e+03      3.8178e+02     
1.9252e-01      2.1780e+03      3.2696e+02     
1.9752e-01      2.0433e+03      2.7278e+02     
2.0251e-01      1.9005e+03      2.2012e+02     
2.0752e-01      1.7548e+03      1.7036e+02     
2.1252e-01      1.6125e+03      1.2475e+02     
2.1752e-01      1.4793e+03      8.3889e+01     
2.2252e-01      1.3596e+03      4.7824e+01     
2.2752e-01      1.2550e+03      1.6093e+01     
2.3252e-01      1.1652e+03      -1.2101e+01    
2.3752e-01      1.0879e+03      -3.7549e+01    
2.4252e-01      1.0198e+03      -6.0979e+01    
2.4752e-01      9.5705e+02      -8.2843e+01    
2.5252e-01      8.9610e+02      -1.0331e+02    
2.5751e-01      8.3491e+02      -1.2235e+02    
2.6251e-01      7.7241e+02      -1.3980e+02    
2.6751e-01      7.0883e+02      -1.5549e+02    
2.7251e-01      6.4550e+02      -1.6938e+02    
2.7752e-01      5.8396e+02      -1.8152e+02    
2.8252e-01      5.2575e+02      -1.9213e+02    
2.8751e-01      4.7228e+02      -2.0154e+02    
2.9251e-01      4.2402e+02      -2.1006e+02    
2.9751e-01      3.8050e+02      -2.1790e+02    
