# k P0 P2
# reduced chi2 = 0.9594
8.0504e-03      3.5264e+04      1.0168e+04     
1.2849e-02      3.8106e+04      1.3448e+04     
1.7752e-02      3.8069e+04      1.4312e+04     
2.2692e-02      3.5782e+04      1.3737e+04     
2.7648e-02      3.2319e+04      1.2424e+04     
3.2613e-02      2.8585e+04      1.0902e+04     
3.7611e-02      2.5148e+04      9.4827e+03     
4.2613e-02      2.2322e+04      8.3260e+03     
4.7605e-02      2.0148e+04      7.4455e+03     
5.2591e-02      1.8516e+04      6.7866e+03     
5.7568e-02      1.7250e+04      6.2644e+03     
6.2562e-02      1.6157e+04      5.7937e+03     
6.7567e-02      1.5092e+04      5.3146e+03     
7.2573e-02      1.3969e+04      4.7996e+03     
7.7565e-02      1.2779e+04      4.2550e+03     
8.2548e-02      1.1560e+04      3.7072e+03     
8.7544e-02      1.0380e+04      3.1887e+03     
9.2544e-02      9.3116e+03      2.7297e+03     
9.7542e-02      8.4036e+03      2.3467e+03     
1.0254e-01      7.6731e+03      2.0402e+03     
1.0754e-01      7.1073e+03      1.7992e+03     
1.1254e-01      6.6720e+03      1.6064e+03     
1.1753e-01      6.3214e+03      1.4425e+03     
1.2252e-01      6.0087e+03      1.2910e+03     
1.2753e-01      5.6951e+03      1.1404e+03     
1.3254e-01      5.3589e+03      9.8700e+02     
1.3753e-01      4.9961e+03      8.3298e+02     
1.4253e-01      4.6166e+03      6.8358e+02     
1.4752e-01      4.2390e+03      5.4492e+02     
1.5253e-01      3.8845e+03      4.2179e+02     
1.5752e-01      3.5699e+03      3.1627e+02     
1.6252e-01      3.3034e+03      2.2738e+02     
1.6752e-01      3.0851e+03      1.5241e+02     
1.7252e-01      2.9081e+03      8.7702e+01     
1.7752e-01      2.7611e+03      2.9935e+01     
1.8252e-01      2.6312e+03      -2.3378e+01    
1.8752e-01      2.5069e+03      -7.3545e+01    
1.9252e-01      2.3795e+03      -1.2079e+02    
1.9752e-01      2.2449e+03      -1.6450e+02    
2.0252e-01      2.1040e+03      -2.0383e+02    
2.0752e-01      1.9613e+03      -2.3813e+02    
2.1252e-01      1.8224e+03      -2.6747e+02    
2.1752e-01      1.6927e+03      -2.9233e+02    
2.2252e-01      1.5760e+03      -3.1365e+02    
2.2752e-01      1.4740e+03      -3.3235e+02    
2.3252e-01      1.3860e+03      -3.4937e+02    
2.3752e-01      1.3100e+03      -3.6522e+02    
2.4252e-01      1.2428e+03      -3.8008e+02    
2.4752e-01      1.1808e+03      -3.9380e+02    
2.5252e-01      1.1209e+03      -4.0591e+02    
2.5752e-01      1.0611e+03      -4.1595e+02    
2.6252e-01      1.0006e+03      -4.2363e+02    
2.6752e-01      9.3953e+02      -4.2882e+02    
2.7252e-01      8.7907e+02      -4.3179e+02    
2.7752e-01      8.2051e+02      -4.3298e+02    
2.8252e-01      7.6528e+02      -4.3297e+02    
2.8752e-01      7.1454e+02      -4.3239e+02    
2.9251e-01      6.6867e+02      -4.3175e+02    
2.9751e-01      6.2732e+02      -4.3122e+02    
