# k P0 P2
# reduced chi2 = 0.7839
8.0027e-03      3.3461e+04      1.0885e+04     
1.2850e-02      3.7502e+04      1.4037e+04     
1.7764e-02      3.7849e+04      1.4893e+04     
2.2684e-02      3.5705e+04      1.4285e+04     
2.7646e-02      3.2268e+04      1.2921e+04     
3.2636e-02      2.8503e+04      1.1334e+04     
3.7623e-02      2.5053e+04      9.8654e+03     
4.2607e-02      2.2219e+04      8.6673e+03     
4.7584e-02      2.0037e+04      7.7542e+03     
5.2572e-02      1.8397e+04      7.0693e+03     
5.7566e-02      1.7125e+04      6.5272e+03     
6.2559e-02      1.6031e+04      6.0426e+03     
6.7563e-02      1.4961e+04      5.5509e+03     
7.2560e-02      1.3831e+04      5.0239e+03     
7.7552e-02      1.2626e+04      4.4654e+03     
8.2550e-02      1.1385e+04      3.9009e+03     
8.7545e-02      1.0186e+04      3.3672e+03     
9.2544e-02      9.1007e+03      2.8940e+03     
9.7542e-02      8.1788e+03      2.4983e+03     
1.0253e-01      7.4393e+03      2.1817e+03     
1.0754e-01      6.8669e+03      1.9324e+03     
1.1254e-01      6.4274e+03      1.7329e+03     
1.1754e-01      6.0745e+03      1.5636e+03     
1.2253e-01      5.7598e+03      1.4073e+03     
1.2753e-01      5.4442e+03      1.2522e+03     
1.3253e-01      5.1049e+03      1.0942e+03     
1.3753e-01      4.7364e+03      9.3473e+02     
1.4253e-01      4.3503e+03      7.7948e+02     
1.4753e-01      3.9665e+03      6.3503e+02     
1.5253e-01      3.6061e+03      5.0613e+02     
1.5753e-01      3.2862e+03      3.9514e+02     
1.6253e-01      3.0160e+03      3.0146e+02     
1.6753e-01      2.7953e+03      2.2234e+02     
1.7253e-01      2.6168e+03      1.5412e+02     
1.7753e-01      2.4690e+03      9.3309e+01     
1.8253e-01      2.3386e+03      3.7239e+01     
1.8752e-01      2.2139e+03      -1.5522e+01    
1.9252e-01      2.0856e+03      -6.5304e+01    
1.9752e-01      1.9499e+03      -1.1162e+02    
2.0251e-01      1.8072e+03      -1.5362e+02    
2.0752e-01      1.6623e+03      -1.9070e+02    
2.1252e-01      1.5213e+03      -2.2271e+02    
2.1752e-01      1.3899e+03      -2.5011e+02    
2.2252e-01      1.2717e+03      -2.7373e+02    
2.2752e-01      1.1685e+03      -2.9452e+02    
2.3252e-01      1.0797e+03      -3.1341e+02    
2.3752e-01      1.0031e+03      -3.3094e+02    
2.4252e-01      9.3549e+02      -3.4736e+02    
2.4752e-01      8.7327e+02      -3.6254e+02    
2.5252e-01      8.1305e+02      -3.7602e+02    
2.5751e-01      7.5291e+02      -3.8743e+02    
2.6251e-01      6.9185e+02      -3.9644e+02    
2.6751e-01      6.3010e+02      -4.0295e+02    
2.7251e-01      5.6889e+02      -4.0722e+02    
2.7752e-01      5.0962e+02      -4.0967e+02    
2.8252e-01      4.5370e+02      -4.1085e+02    
2.8751e-01      4.0242e+02      -4.1143e+02    
2.9251e-01      3.5614e+02      -4.1186e+02    
2.9751e-01      3.1443e+02      -4.1230e+02    
