# k P0 P2
# reduced chi2 = 1.0033
8.0504e-03      2.1539e+04      2.7431e+03     
1.2849e-02      2.7337e+04      1.1244e+04     
1.7752e-02      3.1465e+04      1.3092e+04     
2.2692e-02      3.1619e+04      1.3141e+04     
2.7648e-02      2.9688e+04      1.2136e+04     
3.2613e-02      2.6902e+04      1.0772e+04     
3.7611e-02      2.4066e+04      9.4495e+03     
4.2613e-02      2.1634e+04      8.3497e+03     
4.7605e-02      1.9728e+04      7.5097e+03     
5.2591e-02      1.8289e+04      6.8808e+03     
5.7568e-02      1.7166e+04      6.3824e+03     
6.2562e-02      1.6180e+04      5.9313e+03     
6.7567e-02      1.5192e+04      5.4666e+03     
7.2573e-02      1.4121e+04      4.9600e+03     
7.7565e-02      1.2960e+04      4.4182e+03     
8.2548e-02      1.1756e+04      3.8685e+03     
8.7544e-02      1.0579e+04      3.3453e+03     
9.2544e-02      9.5088e+03      2.8807e+03     
9.7542e-02      8.5979e+03      2.4927e+03     
1.0254e-01      7.8660e+03      2.1827e+03     
1.0754e-01      7.3013e+03      1.9401e+03     
1.1254e-01      6.8692e+03      1.7469e+03     
1.1753e-01      6.5228e+03      1.5834e+03     
1.2252e-01      6.2134e+03      1.4320e+03     
1.2753e-01      5.9008e+03      1.2804e+03     
1.3254e-01      5.5623e+03      1.1242e+03     
1.3753e-01      5.1937e+03      9.6569e+02     
1.4253e-01      4.8055e+03      8.1034e+02     
1.4752e-01      4.4177e+03      6.6492e+02     
1.5253e-01      4.0528e+03      5.3499e+02     
1.5752e-01      3.7287e+03      4.2323e+02     
1.6252e-01      3.4546e+03      3.2906e+02     
1.6752e-01      3.2305e+03      2.4984e+02     
1.7252e-01      3.0495e+03      1.8176e+02     
1.7752e-01      2.8997e+03      1.2119e+02     
1.8252e-01      2.7675e+03      6.5254e+01     
1.8752e-01      2.6407e+03      1.2291e+01     
1.9252e-01      2.5100e+03      -3.8185e+01    
1.9752e-01      2.3712e+03      -8.5658e+01    
2.0252e-01      2.2250e+03      -1.2919e+02    
2.0752e-01      2.0764e+03      -1.6793e+02    
2.1252e-01      1.9314e+03      -2.0172e+02    
2.1752e-01      1.7959e+03      -2.3082e+02    
2.2252e-01      1.6740e+03      -2.5603e+02    
2.2752e-01      1.5673e+03      -2.7822e+02    
2.3252e-01      1.4756e+03      -2.9835e+02    
2.3752e-01      1.3964e+03      -3.1698e+02    
2.4252e-01      1.3265e+03      -3.3441e+02    
2.4752e-01      1.2620e+03      -3.5060e+02    
2.5252e-01      1.1996e+03      -3.6518e+02    
2.5752e-01      1.1371e+03      -3.7772e+02    
2.6252e-01      1.0736e+03      -3.8794e+02    
2.6752e-01      1.0093e+03      -3.9567e+02    
2.7252e-01      9.4554e+02      -4.0115e+02    
2.7752e-01      8.8366e+02      -4.0477e+02    
2.8252e-01      8.2524e+02      -4.0705e+02    
2.8752e-01      7.7155e+02      -4.0861e+02    
2.9251e-01      7.2303e+02      -4.0995e+02    
2.9751e-01      6.7930e+02      -4.1125e+02    
