# k P0 P2
# reduced chi2 = 0.9171
8.0027e-03      4.8522e+04      1.2191e+04     
1.2850e-02      4.3247e+04      1.4298e+04     
1.7764e-02      4.0202e+04      1.4822e+04     
2.2684e-02      3.6507e+04      1.4086e+04     
2.7646e-02      3.2315e+04      1.2733e+04     
3.2636e-02      2.8202e+04      1.1177e+04     
3.7623e-02      2.4602e+04      9.7467e+03     
4.2607e-02      2.1708e+04      8.5873e+03     
4.7584e-02      1.9506e+04      7.7074e+03     
5.2572e-02      1.7861e+04      7.0510e+03     
5.7566e-02      1.6592e+04      6.5356e+03     
6.2559e-02      1.5512e+04      6.0782e+03     
6.7563e-02      1.4469e+04      5.6143e+03     
7.2560e-02      1.3382e+04      5.1146e+03     
7.7552e-02      1.2233e+04      4.5811e+03     
8.2550e-02      1.1057e+04      4.0379e+03     
8.7545e-02      9.9239e+03      3.5213e+03     
9.2544e-02      8.8996e+03      3.0615e+03     
9.7542e-02      8.0307e+03      2.6767e+03     
1.0253e-01      7.3338e+03      2.3702e+03     
1.0754e-01      6.7946e+03      2.1310e+03     
1.1254e-01      6.3809e+03      1.9421e+03     
1.1754e-01      6.0492e+03      1.7840e+03     
1.2253e-01      5.7540e+03      1.6383e+03     
1.2753e-01      5.4582e+03      1.4923e+03     
1.3253e-01      5.1404e+03      1.3407e+03     
1.3753e-01      4.7951e+03      1.1842e+03     
1.4253e-01      4.4329e+03      1.0286e+03     
1.4753e-01      4.0725e+03      8.8115e+02     
1.5253e-01      3.7339e+03      7.4783e+02     
1.5753e-01      3.4332e+03      6.3222e+02     
1.6253e-01      3.1793e+03      5.3476e+02     
1.6753e-01      2.9720e+03      4.5326e+02     
1.7253e-01      2.8045e+03      3.8407e+02     
1.7753e-01      2.6660e+03      3.2328e+02     
1.8253e-01      2.5440e+03      2.6752e+02     
1.8752e-01      2.4272e+03      2.1452e+02     
1.9252e-01      2.3068e+03      1.6320e+02     
1.9752e-01      2.1791e+03      1.1366e+02     
2.0251e-01      2.0444e+03      6.6744e+01     
2.0752e-01      1.9073e+03      2.3459e+01     
2.1252e-01      1.7738e+03      -1.5420e+01    
2.1752e-01      1.6491e+03      -4.9736e+01    
2.2252e-01      1.5370e+03      -7.9806e+01    
2.2752e-01      1.4390e+03      -1.0627e+02    
2.3252e-01      1.3547e+03      -1.2994e+02    
2.3752e-01      1.2821e+03      -1.5149e+02    
2.4252e-01      1.2180e+03      -1.7144e+02    
2.4752e-01      1.1590e+03      -1.8996e+02    
2.5252e-01      1.1018e+03      -2.0699e+02    
2.5751e-01      1.0445e+03      -2.2238e+02    
2.6251e-01      9.8626e+02      -2.3588e+02    
2.6751e-01      9.2718e+02      -2.4737e+02    
2.7251e-01      8.6850e+02      -2.5694e+02    
2.7752e-01      8.1161e+02      -2.6479e+02    
2.8252e-01      7.5787e+02      -2.7126e+02    
2.8751e-01      7.0854e+02      -2.7680e+02    
2.9251e-01      6.6400e+02      -2.8177e+02    
2.9751e-01      6.2385e+02      -2.8635e+02    
