# k P0 P2
# reduced chi2 = 0.9829
8.0504e-03      3.9524e+04      1.0449e+04     
1.2849e-02      4.1481e+04      1.3998e+04     
1.7752e-02      4.1023e+04      1.4886e+04     
2.2692e-02      3.8360e+04      1.4299e+04     
2.7648e-02      3.4540e+04      1.2952e+04     
3.2613e-02      3.0479e+04      1.1392e+04     
3.7611e-02      2.6764e+04      9.9408e+03     
4.2613e-02      2.3720e+04      8.7629e+03     
4.7605e-02      2.1383e+04      7.8731e+03     
5.2591e-02      1.9634e+04      7.2149e+03     
5.7568e-02      1.8281e+04      6.6995e+03     
6.2562e-02      1.7116e+04      6.2371e+03     
6.7567e-02      1.5981e+04      5.7632e+03     
7.2573e-02      1.4785e+04      5.2470e+03     
7.7565e-02      1.3515e+04      4.6938e+03     
8.2548e-02      1.2213e+04      4.1310e+03     
8.7544e-02      1.0951e+04      3.5939e+03     
9.2544e-02      9.8067e+03      3.1163e+03     
9.7542e-02      8.8348e+03      2.7176e+03     
1.0254e-01      8.0537e+03      2.4003e+03     
1.0754e-01      7.4503e+03      2.1539e+03     
1.1254e-01      6.9878e+03      1.9599e+03     
1.1753e-01      6.6168e+03      1.7973e+03     
1.2252e-01      6.2863e+03      1.6470e+03     
1.2753e-01      5.9541e+03      1.4953e+03     
1.3254e-01      5.5960e+03      1.3368e+03     
1.3753e-01      5.2073e+03      1.1734e+03     
1.4253e-01      4.7990e+03      1.0110e+03     
1.4752e-01      4.3914e+03      8.5715e+02     
1.5253e-01      4.0079e+03      7.1852e+02     
1.5752e-01      3.6672e+03      5.9880e+02     
1.6252e-01      3.3789e+03      4.9807e+02     
1.6752e-01      3.1432e+03      4.1395e+02     
1.7252e-01      2.9528e+03      3.4246e+02     
1.7752e-01      2.7952e+03      2.7946e+02     
1.8252e-01      2.6562e+03      2.2146e+02     
1.8752e-01      2.5229e+03      1.6613e+02     
1.9252e-01      2.3855e+03      1.1245e+02     
1.9752e-01      2.2395e+03      6.0671e+01     
2.0252e-01      2.0856e+03      1.1785e+01     
2.0752e-01      1.9291e+03      -3.3007e+01    
2.1252e-01      1.7763e+03      -7.3113e+01    
2.1752e-01      1.6334e+03      -1.0837e+02    
2.2252e-01      1.5047e+03      -1.3923e+02    
2.2752e-01      1.3921e+03      -1.6638e+02    
2.3252e-01      1.2952e+03      -1.9074e+02    
2.3752e-01      1.2116e+03      -2.1302e+02    
2.4252e-01      1.1378e+03      -2.3371e+02    
2.4752e-01      1.0697e+03      -2.5301e+02    
2.5252e-01      1.0037e+03      -2.7077e+02    
2.5752e-01      9.3753e+02      -2.8672e+02    
2.6252e-01      8.7025e+02      -3.0062e+02    
2.6752e-01      8.0206e+02      -3.1226e+02    
2.7252e-01      7.3428e+02      -3.2175e+02    
2.7752e-01      6.6846e+02      -3.2938e+02    
2.8252e-01      6.0625e+02      -3.3553e+02    
2.8752e-01      5.4905e+02      -3.4068e+02    
2.9251e-01      4.9734e+02      -3.4530e+02    
2.9751e-01      4.5071e+02      -3.4961e+02    
