# k P0 P2
# reduced chi2 = 1.0334
8.0027e-03      4.1263e+04      1.1738e+04     
1.2850e-02      4.1042e+04      1.4306e+04     
1.7764e-02      3.9695e+04      1.4917e+04     
2.2684e-02      3.6715e+04      1.4179e+04     
2.7646e-02      3.2826e+04      1.2754e+04     
3.2636e-02      2.8814e+04      1.1130e+04     
3.7623e-02      2.5225e+04      9.6371e+03     
4.2607e-02      2.2308e+04      8.4192e+03     
4.7584e-02      2.0072e+04      7.4855e+03     
5.2572e-02      1.8392e+04      6.7773e+03     
5.7566e-02      1.7087e+04      6.2100e+03     
6.2559e-02      1.5970e+04      5.7014e+03     
6.7563e-02      1.4885e+04      5.1897e+03     
7.2560e-02      1.3751e+04      4.6498e+03     
7.7552e-02      1.2551e+04      4.0865e+03     
8.2550e-02      1.1325e+04      3.5249e+03     
8.7545e-02      1.0144e+04      2.9992e+03     
9.2544e-02      9.0776e+03      2.5361e+03     
9.7542e-02      8.1725e+03      2.1495e+03     
1.0253e-01      7.4454e+03      1.8390e+03     
1.0754e-01      6.8807e+03      1.5919e+03     
1.1254e-01      6.4450e+03      1.3912e+03     
1.1754e-01      6.0934e+03      1.2189e+03     
1.2253e-01      5.7798e+03      1.0599e+03     
1.2753e-01      5.4669e+03      9.0479e+02     
1.3253e-01      5.1332e+03      7.5072e+02     
1.3753e-01      4.7737e+03      5.9956e+02     
1.4253e-01      4.3994e+03      4.5643e+02     
1.4753e-01      4.0289e+03      3.2639e+02     
1.5253e-01      3.6820e+03      2.1245e+02     
1.5753e-01      3.3744e+03      1.1539e+02     
1.6253e-01      3.1143e+03      3.3561e+01     
1.6753e-01      2.9015e+03      -3.6158e+01    
1.7253e-01      2.7286e+03      -9.7150e+01    
1.7753e-01      2.5850e+03      -1.5218e+02    
1.8253e-01      2.4581e+03      -2.0296e+02    
1.8752e-01      2.3372e+03      -2.4999e+02    
1.9252e-01      2.2135e+03      -2.9286e+02    
1.9752e-01      2.0836e+03      -3.3078e+02    
2.0251e-01      1.9479e+03      -3.6298e+02    
2.0752e-01      1.8108e+03      -3.8941e+02    
2.1252e-01      1.6779e+03      -4.1055e+02    
2.1752e-01      1.5542e+03      -4.2746e+02    
2.2252e-01      1.4431e+03      -4.4143e+02    
2.2752e-01      1.3461e+03      -4.5363e+02    
2.3252e-01      1.2625e+03      -4.6500e+02    
2.3752e-01      1.1903e+03      -4.7589e+02    
2.4252e-01      1.1265e+03      -4.8629e+02    
2.4752e-01      1.0679e+03      -4.9571e+02    
2.5252e-01      1.0113e+03      -5.0342e+02    
2.5751e-01      9.5496e+02      -5.0889e+02    
2.6251e-01      8.9808e+02      -5.1173e+02    
2.6751e-01      8.4080e+02      -5.1190e+02    
2.7251e-01      7.8423e+02      -5.0981e+02    
2.7752e-01      7.2962e+02      -5.0603e+02    
2.8252e-01      6.7819e+02      -5.0129e+02    
2.8751e-01      6.3107e+02      -4.9636e+02    
2.9251e-01      5.8855e+02      -4.9173e+02    
2.9751e-01      5.5025e+02      -4.8753e+02    
