# k P0 P2
# reduced chi2 = 0.8513
8.0504e-03      3.2674e+04      1.0304e+04     
1.2849e-02      3.7399e+04      1.3609e+04     
1.7752e-02      3.8155e+04      1.4606e+04     
2.2692e-02      3.6223e+04      1.4118e+04     
2.7648e-02      3.2895e+04      1.2862e+04     
3.2613e-02      2.9187e+04      1.1380e+04     
3.7611e-02      2.5734e+04      9.9922e+03     
4.2613e-02      2.2881e+04      8.8679e+03     
4.7605e-02      2.0687e+04      8.0253e+03     
5.2591e-02      1.9047e+04      7.4122e+03     
5.7568e-02      1.7779e+04      6.9412e+03     
6.2562e-02      1.6687e+04      6.5222e+03     
6.7567e-02      1.5617e+04      6.0882e+03     
7.2573e-02      1.4479e+04      5.6057e+03     
7.7565e-02      1.3261e+04      5.0776e+03     
8.2548e-02      1.2006e+04      4.5312e+03     
8.7544e-02      1.0784e+04      4.0032e+03     
9.2544e-02      9.6743e+03      3.5305e+03     
9.7542e-02      8.7315e+03      3.1357e+03     
1.0254e-01      7.9753e+03      2.8245e+03     
1.0754e-01      7.3938e+03      2.5876e+03     
1.1254e-01      6.9512e+03      2.4068e+03     
1.1753e-01      6.5986e+03      2.2595e+03     
1.2252e-01      6.2853e+03      2.1242e+03     
1.2753e-01      5.9685e+03      1.9843e+03     
1.3254e-01      5.6238e+03      1.8323e+03     
1.3753e-01      5.2461e+03      1.6689e+03     
1.4253e-01      4.8462e+03      1.5004e+03     
1.4752e-01      4.4449e+03      1.3363e+03     
1.5253e-01      4.0662e+03      1.1856e+03     
1.5752e-01      3.7294e+03      1.0545e+03     
1.6252e-01      3.4450e+03      9.4470e+02     
1.6752e-01      3.2135e+03      8.5486e+02     
1.7252e-01      3.0276e+03      7.8077e+02     
1.7752e-01      2.8749e+03      7.1736e+02     
1.8252e-01      2.7408e+03      6.5963e+02     
1.8752e-01      2.6117e+03      6.0362e+02     
1.9252e-01      2.4775e+03      5.4684e+02     
1.9752e-01      2.3334e+03      4.8884e+02     
2.0252e-01      2.1800e+03      4.3058e+02     
2.0752e-01      2.0228e+03      3.7408e+02     
2.1252e-01      1.8686e+03      3.2109e+02     
2.1752e-01      1.7239e+03      2.7294e+02     
2.2252e-01      1.5936e+03      2.3019e+02     
2.2752e-01      1.4798e+03      1.9272e+02     
2.3252e-01      1.3821e+03      1.5978e+02     
2.3752e-01      1.2981e+03      1.3041e+02     
2.4252e-01      1.2242e+03      1.0361e+02     
2.4752e-01      1.1561e+03      7.8441e+01     
2.5252e-01      1.0897e+03      5.4372e+01     
2.5752e-01      1.0227e+03      3.1270e+01     
2.6252e-01      9.5407e+02      9.1561e+00     
2.6752e-01      8.8394e+02      -1.1680e+01    
2.7252e-01      8.1380e+02      -3.1007e+01    
2.7752e-01      7.4537e+02      -4.8703e+01    
2.8252e-01      6.8051e+02      -6.4715e+01    
2.8752e-01      6.2080e+02      -7.9133e+01    
2.9251e-01      5.6684e+02      -9.2247e+01    
2.9751e-01      5.1821e+02      -1.0429e+02    
