# k P0 P2
# reduced chi2 = 0.9128
8.0027e-03      2.2807e+04      8.2382e+03     
1.2850e-02      3.1469e+04      1.2721e+04     
1.7764e-02      3.4506e+04      1.4224e+04     
2.2684e-02      3.3846e+04      1.3896e+04     
2.7646e-02      3.1249e+04      1.2656e+04     
3.2636e-02      2.7964e+04      1.1100e+04     
3.7623e-02      2.4789e+04      9.6240e+03     
4.2607e-02      2.2118e+04      8.4035e+03     
4.7584e-02      2.0036e+04      7.4594e+03     
5.2572e-02      1.8460e+04      6.7375e+03     
5.7566e-02      1.7225e+04      6.1543e+03     
6.2559e-02      1.6152e+04      5.6275e+03     
6.7563e-02      1.5087e+04      5.0961e+03     
7.2560e-02      1.3950e+04      4.5365e+03     
7.7552e-02      1.2730e+04      3.9554e+03     
8.2550e-02      1.1470e+04      3.3789e+03     
8.7545e-02      1.0250e+04      2.8420e+03     
9.2544e-02      9.1449e+03      2.3705e+03     
9.7542e-02      8.2060e+03      1.9774e+03     
1.0253e-01      7.4519e+03      1.6608e+03     
1.0754e-01      6.8668e+03      1.4071e+03     
1.1254e-01      6.4158e+03      1.1989e+03     
1.1754e-01      6.0520e+03      1.0188e+03     
1.2253e-01      5.7269e+03      8.5241e+02     
1.2753e-01      5.4014e+03      6.9130e+02     
1.3253e-01      5.0533e+03      5.3379e+02     
1.3753e-01      4.6772e+03      3.8222e+02     
1.4253e-01      4.2851e+03      2.4159e+02     
1.4753e-01      3.8970e+03      1.1624e+02     
1.5253e-01      3.5334e+03      8.1019e+00     
1.5753e-01      3.2112e+03      -8.3146e+01    
1.6253e-01      2.9390e+03      -1.6003e+02    
1.6753e-01      2.7163e+03      -2.2609e+02    
1.7253e-01      2.5356e+03      -2.8472e+02    
1.7753e-01      2.3854e+03      -3.3828e+02    
1.8253e-01      2.2528e+03      -3.8787e+02    
1.8752e-01      2.1263e+03      -4.3331e+02    
1.9252e-01      1.9970e+03      -4.7358e+02    
1.9752e-01      1.8612e+03      -5.0760e+02    
2.0251e-01      1.7194e+03      -5.3462e+02    
2.0752e-01      1.5762e+03      -5.5493e+02    
2.1252e-01      1.4376e+03      -5.6953e+02    
2.1752e-01      1.3086e+03      -5.7997e+02    
2.2252e-01      1.1928e+03      -5.8795e+02    
2.2752e-01      1.0917e+03      -5.9485e+02    
2.3252e-01      1.0047e+03      -6.0169e+02    
2.3752e-01      9.2955e+02      -6.0871e+02    
2.4252e-01      8.6322e+02      -6.1570e+02    
2.4752e-01      8.0223e+02      -6.2189e+02    
2.5252e-01      7.4341e+02      -6.2627e+02    
2.5751e-01      6.8495e+02      -6.2818e+02    
2.6251e-01      6.2592e+02      -6.2711e+02    
2.6751e-01      5.6651e+02      -6.2307e+02    
2.7251e-01      5.0788e+02      -6.1660e+02    
2.7752e-01      4.5129e+02      -6.0843e+02    
2.8252e-01      3.9804e+02      -5.9942e+02    
2.8751e-01      3.4929e+02      -5.9052e+02    
2.9251e-01      3.0533e+02      -5.8227e+02    
2.9751e-01      2.6573e+02      -5.7479e+02    
