# k P0 P2
# reduced chi2 = 0.9624
8.0027e-03      2.0833e+04      7.3161e+03     
1.2850e-02      2.9593e+04      1.2156e+04     
1.7764e-02      3.3091e+04      1.3911e+04     
2.2684e-02      3.2801e+04      1.3747e+04     
2.7646e-02      3.0490e+04      1.2639e+04     
3.2636e-02      2.7429e+04      1.1177e+04     
3.7623e-02      2.4426e+04      9.7733e+03     
4.2607e-02      2.1885e+04      8.6127e+03     
4.7584e-02      1.9903e+04      7.7224e+03     
5.2572e-02      1.8407e+04      7.0522e+03     
5.7566e-02      1.7239e+04      6.5204e+03     
6.2559e-02      1.6223e+04      6.0431e+03     
6.7563e-02      1.5209e+04      5.5558e+03     
7.2560e-02      1.4118e+04      5.0308e+03     
7.7552e-02      1.2936e+04      4.4723e+03     
8.2550e-02      1.1709e+04      3.9065e+03     
8.7545e-02      1.0517e+04      3.3709e+03     
9.2544e-02      9.4335e+03      2.8956e+03     
9.7542e-02      8.5128e+03      2.4980e+03     
1.0253e-01      7.7746e+03      2.1799e+03     
1.0754e-01      7.2044e+03      1.9291e+03     
1.1254e-01      6.7678e+03      1.7282e+03     
1.1754e-01      6.4179e+03      1.5575e+03     
1.2253e-01      6.1055e+03      1.3995e+03     
1.2753e-01      5.7908e+03      1.2428e+03     
1.3253e-01      5.4506e+03      1.0833e+03     
1.3753e-01      5.0794e+03      9.2227e+02     
1.4253e-01      4.6891e+03      7.6578e+02     
1.4753e-01      4.3005e+03      6.2033e+02     
1.5253e-01      3.9352e+03      4.9066e+02     
1.5753e-01      3.6110e+03      3.7904e+02     
1.6253e-01      3.3372e+03      2.8479e+02     
1.6753e-01      3.1139e+03      2.0509e+02     
1.7253e-01      2.9336e+03      1.3621e+02     
1.7753e-01      2.7844e+03      7.4672e+01     
1.8253e-01      2.6529e+03      1.7857e+01     
1.8752e-01      2.5270e+03      -3.5599e+01    
1.9252e-01      2.3972e+03      -8.5947e+01    
1.9752e-01      2.2596e+03      -1.3264e+02    
2.0251e-01      2.1145e+03      -1.7479e+02    
2.0752e-01      1.9671e+03      -2.1186e+02    
2.1252e-01      1.8236e+03      -2.4371e+02    
2.1752e-01      1.6897e+03      -2.7090e+02    
2.2252e-01      1.5694e+03      -2.9431e+02    
2.2752e-01      1.4643e+03      -3.1495e+02    
2.3252e-01      1.3740e+03      -3.3376e+02    
2.3752e-01      1.2962e+03      -3.5128e+02    
2.4252e-01      1.2275e+03      -3.6775e+02    
2.4752e-01      1.1643e+03      -3.8297e+02    
2.5252e-01      1.1031e+03      -3.9645e+02    
2.5751e-01      1.0419e+03      -4.0780e+02    
2.6251e-01      9.7974e+02      -4.1665e+02    
2.6751e-01      9.1679e+02      -4.2290e+02    
2.7251e-01      8.5436e+02      -4.2684e+02    
2.7752e-01      7.9389e+02      -4.2892e+02    
2.8252e-01      7.3684e+02      -4.2971e+02    
2.8751e-01      6.8450e+02      -4.2993e+02    
2.9251e-01      6.3729e+02      -4.3004e+02    
2.9751e-01      5.9475e+02      -4.3020e+02    
