# k P0 P2
# reduced chi2 = 0.9665
8.0027e-03      4.1597e+04      1.1915e+04     
1.2850e-02      4.2203e+04      1.4662e+04     
1.7764e-02      4.1107e+04      1.5354e+04     
2.2684e-02      3.8137e+04      1.4648e+04     
2.7646e-02      3.4142e+04      1.3226e+04     
3.2636e-02      2.9980e+04      1.1594e+04     
3.7623e-02      2.6243e+04      1.0091e+04     
4.2607e-02      2.3202e+04      8.8700e+03     
4.7584e-02      2.0873e+04      7.9417e+03     
5.2572e-02      1.9127e+04      7.2473e+03     
5.7566e-02      1.7775e+04      6.6993e+03     
6.2559e-02      1.6618e+04      6.2106e+03     
6.7563e-02      1.5493e+04      5.7144e+03     
7.2560e-02      1.4311e+04      5.1817e+03     
7.7552e-02      1.3055e+04      4.6157e+03     
8.2550e-02      1.1765e+04      4.0424e+03     
8.7545e-02      1.0521e+04      3.4994e+03     
9.2544e-02      9.3951e+03      3.0175e+03     
9.7542e-02      8.4392e+03      2.6145e+03     
1.0253e-01      7.6725e+03      2.2927e+03     
1.0754e-01      7.0792e+03      2.0400e+03     
1.1254e-01      6.6238e+03      1.8387e+03     
1.1754e-01      6.2583e+03      1.6685e+03     
1.2253e-01      5.9326e+03      1.5112e+03     
1.2753e-01      5.6062e+03      1.3547e+03     
1.3253e-01      5.2553e+03      1.1942e+03     
1.3753e-01      4.8741e+03      1.0311e+03     
1.4253e-01      4.4746e+03      8.7119e+02     
1.4753e-01      4.0773e+03      7.2161e+02     
1.5253e-01      3.7041e+03      5.8758e+02     
1.5753e-01      3.3728e+03      4.7191e+02     
1.6253e-01      3.0930e+03      3.7432e+02     
1.6753e-01      2.8644e+03      2.9214e+02     
1.7253e-01      2.6797e+03      2.2156e+02     
1.7753e-01      2.5268e+03      1.5887e+02     
1.8253e-01      2.3920e+03      1.0110e+02     
1.8752e-01      2.2630e+03      4.6531e+01     
1.9252e-01      2.1303e+03      -5.3868e+00    
1.9752e-01      1.9896e+03      -5.4251e+01    
2.0251e-01      1.8415e+03      -9.9167e+01    
2.0752e-01      1.6910e+03      -1.3939e+02    
2.1252e-01      1.5446e+03      -1.7457e+02    
2.1752e-01      1.4079e+03      -2.0499e+02    
2.2252e-01      1.2850e+03      -2.3138e+02    
2.2752e-01      1.1776e+03      -2.5462e+02    
2.3252e-01      1.0853e+03      -2.7564e+02    
2.3752e-01      1.0057e+03      -2.9505e+02    
2.4252e-01      9.3542e+02      -3.1319e+02    
2.4752e-01      8.7072e+02      -3.3000e+02    
2.5252e-01      8.0807e+02      -3.4512e+02    
2.5751e-01      7.4544e+02      -3.5822e+02    
2.6251e-01      6.8180e+02      -3.6897e+02    
2.6751e-01      6.1736e+02      -3.7727e+02    
2.7251e-01      5.5344e+02      -3.8332e+02    
2.7752e-01      4.9150e+02      -3.8751e+02    
2.8252e-01      4.3304e+02      -3.9034e+02    
2.8751e-01      3.7941e+02      -3.9245e+02    
2.9251e-01      3.3100e+02      -3.9428e+02    
2.9751e-01      2.8736e+02      -3.9602e+02    
