# k P0 P2
# reduced chi2 = 0.8312
8.0504e-03      3.6766e+04      1.0360e+04     
1.2849e-02      3.9447e+04      1.3757e+04     
1.7752e-02      3.9313e+04      1.4664e+04     
2.2692e-02      3.6898e+04      1.4114e+04     
2.7648e-02      3.3291e+04      1.2812e+04     
3.2613e-02      2.9414e+04      1.1295e+04     
3.7611e-02      2.5852e+04      9.8815e+03     
4.2613e-02      2.2927e+04      8.7351e+03     
4.7605e-02      2.0682e+04      7.8717e+03     
5.2591e-02      1.9002e+04      7.2370e+03     
5.7568e-02      1.7703e+04      6.7437e+03     
6.2562e-02      1.6586e+04      6.3028e+03     
6.7567e-02      1.5495e+04      5.8492e+03     
7.2573e-02      1.4343e+04      5.3512e+03     
7.7565e-02      1.3116e+04      4.8133e+03     
8.2548e-02      1.1856e+04      4.2622e+03     
8.7544e-02      1.0633e+04      3.7336e+03     
9.2544e-02      9.5238e+03      3.2622e+03     
9.7542e-02      8.5815e+03      2.8685e+03     
1.0254e-01      7.8247e+03      2.5561e+03     
1.0754e-01      7.2410e+03      2.3154e+03     
1.1254e-01      6.7948e+03      2.1281e+03     
1.1753e-01      6.4377e+03      1.9727e+03     
1.2252e-01      6.1199e+03      1.8294e+03     
1.2753e-01      5.7998e+03      1.6834e+03     
1.3254e-01      5.4536e+03      1.5286e+03     
1.3753e-01      5.0765e+03      1.3663e+03     
1.4253e-01      4.6791e+03      1.2025e+03     
1.4752e-01      4.2817e+03      1.0455e+03     
1.5253e-01      3.9074e+03      9.0278e+02     
1.5752e-01      3.5747e+03      7.7909e+02     
1.6252e-01      3.2934e+03      6.7517e+02     
1.6752e-01      3.0637e+03      5.8903e+02     
1.7252e-01      2.8786e+03      5.1666e+02     
1.7752e-01      2.7257e+03      4.5358e+02     
1.8252e-01      2.5911e+03      3.9572e+02     
1.8752e-01      2.4618e+03      3.4015e+02     
1.9252e-01      2.3281e+03      2.8526e+02     
1.9752e-01      2.1855e+03      2.3104e+02     
2.0252e-01      2.0347e+03      1.7846e+02     
2.0752e-01      1.8809e+03      1.2903e+02     
2.1252e-01      1.7304e+03      8.3804e+01     
2.1752e-01      1.5895e+03      4.3397e+01     
2.2252e-01      1.4626e+03      7.7629e+00     
2.2752e-01      1.3516e+03      -2.3568e+01    
2.3252e-01      1.2562e+03      -5.1445e+01    
2.3752e-01      1.1740e+03      -7.6662e+01    
2.4252e-01      1.1015e+03      -9.9905e+01    
2.4752e-01      1.0345e+03      -1.2166e+02    
2.5252e-01      9.6955e+02      -1.4205e+02    
2.5752e-01      9.0429e+02      -1.6094e+02    
2.6252e-01      8.3770e+02      -1.7819e+02    
2.6752e-01      7.7004e+02      -1.9356e+02    
2.7252e-01      7.0263e+02      -2.0702e+02    
2.7752e-01      6.3706e+02      -2.1870e+02    
2.8252e-01      5.7501e+02      -2.2882e+02    
2.8752e-01      5.1794e+02      -2.3771e+02    
2.9251e-01      4.6635e+02      -2.4576e+02    
2.9751e-01      4.1982e+02      -2.5320e+02    
