# k P0 P2
# reduced chi2 = 0.9062
8.0504e-03      5.9979e+04      6.0352e+03     
1.2849e-02      4.7955e+04      1.3499e+04     
1.7752e-02      4.3340e+04      1.4424e+04     
2.2692e-02      3.8745e+04      1.3943e+04     
2.7648e-02      3.4071e+04      1.2658e+04     
3.2613e-02      2.9645e+04      1.1148e+04     
3.7611e-02      2.5789e+04      9.7521e+03     
4.2613e-02      2.2705e+04      8.6211e+03     
4.7605e-02      2.0366e+04      7.7732e+03     
5.2591e-02      1.8626e+04      7.1504e+03     
5.7568e-02      1.7288e+04      6.6673e+03     
6.2562e-02      1.6149e+04      6.2378e+03     
6.7567e-02      1.5057e+04      5.7977e+03     
7.2573e-02      1.3921e+04      5.3150e+03     
7.7565e-02      1.2727e+04      4.7930e+03     
8.2548e-02      1.1512e+04      4.2577e+03     
8.7544e-02      1.0338e+04      3.7435e+03     
9.2544e-02      9.2757e+03      3.2846e+03     
9.7542e-02      8.3743e+03      2.9014e+03     
1.0254e-01      7.6502e+03      2.5979e+03     
1.0754e-01      7.0912e+03      2.3650e+03     
1.1254e-01      6.6630e+03      2.1849e+03     
1.1753e-01      6.3203e+03      2.0365e+03     
1.2252e-01      6.0157e+03      1.9000e+03     
1.2753e-01      5.7099e+03      1.7605e+03     
1.3254e-01      5.3804e+03      1.6115e+03     
1.3753e-01      5.0227e+03      1.4540e+03     
1.4253e-01      4.6464e+03      1.2936e+03     
1.4752e-01      4.2704e+03      1.1389e+03     
1.5253e-01      3.9164e+03      9.9756e+02     
1.5752e-01      3.6018e+03      8.7473e+02     
1.6252e-01      3.3357e+03      7.7165e+02     
1.6752e-01      3.1183e+03      6.8664e+02     
1.7252e-01      2.9430e+03      6.1582e+02     
1.7752e-01      2.7983e+03      5.5461e+02     
1.8252e-01      2.6708e+03      4.9870e+02     
1.8752e-01      2.5485e+03      4.4483e+02     
1.9252e-01      2.4221e+03      3.9107e+02     
1.9752e-01      2.2873e+03      3.3718e+02     
2.0252e-01      2.1448e+03      2.8408e+02     
2.0752e-01      1.9994e+03      2.3344e+02     
2.1252e-01      1.8572e+03      1.8653e+02     
2.1752e-01      1.7239e+03      1.4429e+02     
2.2252e-01      1.6039e+03      1.0690e+02     
2.2752e-01      1.4989e+03      7.4086e+01     
2.3252e-01      1.4087e+03      4.5067e+01     
2.3752e-01      1.3309e+03      1.9015e+01     
2.4252e-01      1.2623e+03      -4.8621e+00    
2.4752e-01      1.1990e+03      -2.7219e+01    
2.5252e-01      1.1375e+03      -4.8356e+01    
2.5752e-01      1.0757e+03      -6.8267e+01    
2.6252e-01      1.0126e+03      -8.6870e+01    
2.6752e-01      9.4849e+02      -1.0393e+02    
2.7252e-01      8.8458e+02      -1.1933e+02    
2.7752e-01      8.2238e+02      -1.3310e+02    
2.8252e-01      7.6350e+02      -1.4532e+02    
2.8752e-01      7.0932e+02      -1.5620e+02    
2.9251e-01      6.6033e+02      -1.6607e+02    
2.9751e-01      6.1614e+02      -1.7514e+02    
