# k P0 P2
# reduced chi2 = 0.9757
8.0027e-03      5.7319e+04      1.2711e+04     
1.2850e-02      4.7851e+04      1.4584e+04     
1.7764e-02      4.3373e+04      1.5035e+04     
2.2684e-02      3.8891e+04      1.4207e+04     
2.7646e-02      3.4158e+04      1.2782e+04     
3.2636e-02      2.9647e+04      1.1146e+04     
3.7623e-02      2.5751e+04      9.6427e+03     
4.2607e-02      2.2637e+04      8.4193e+03     
4.7584e-02      2.0270e+04      7.4803e+03     
5.2572e-02      1.8498e+04      6.7656e+03     
5.7566e-02      1.7127e+04      6.1921e+03     
6.2559e-02      1.5961e+04      5.6788e+03     
6.7563e-02      1.4841e+04      5.1642e+03     
7.2560e-02      1.3682e+04      4.6230e+03     
7.7552e-02      1.2468e+04      4.0600e+03     
8.2550e-02      1.1233e+04      3.4996e+03     
8.7545e-02      1.0049e+04      2.9758e+03     
9.2544e-02      8.9813e+03      2.5148e+03     
9.7542e-02      8.0759e+03      2.1302e+03     
1.0253e-01      7.3483e+03      1.8213e+03     
1.0754e-01      6.7825e+03      1.5754e+03     
1.1254e-01      6.3451e+03      1.3757e+03     
1.1754e-01      5.9918e+03      1.2043e+03     
1.2253e-01      5.6768e+03      1.0462e+03     
1.2753e-01      5.3634e+03      8.9217e+02     
1.3253e-01      5.0305e+03      7.3942e+02     
1.3753e-01      4.6729e+03      5.8973e+02     
1.4253e-01      4.3014e+03      4.4808e+02     
1.4753e-01      3.9343e+03      3.1945e+02     
1.5253e-01      3.5907e+03      2.0677e+02     
1.5753e-01      3.2862e+03      1.1079e+02     
1.6253e-01      3.0286e+03      2.9900e+01     
1.6753e-01      2.8176e+03      -3.8959e+01    
1.7253e-01      2.6461e+03      -9.9136e+01    
1.7753e-01      2.5034e+03      -1.5336e+02    
1.8253e-01      2.3774e+03      -2.0334e+02    
1.8752e-01      2.2573e+03      -2.4961e+02    
1.9252e-01      2.1347e+03      -2.9177e+02    
1.9752e-01      2.0062e+03      -3.2903e+02    
2.0251e-01      1.8721e+03      -3.6065e+02    
2.0752e-01      1.7368e+03      -3.8657e+02    
2.1252e-01      1.6058e+03      -4.0726e+02    
2.1752e-01      1.4838e+03      -4.2377e+02    
2.2252e-01      1.3743e+03      -4.3738e+02    
2.2752e-01      1.2786e+03      -4.4924e+02    
2.3252e-01      1.1961e+03      -4.6028e+02    
2.3752e-01      1.1248e+03      -4.7084e+02    
2.4252e-01      1.0619e+03      -4.8092e+02    
2.4752e-01      1.0039e+03      -4.9003e+02    
2.5252e-01      9.4805e+02      -4.9745e+02    
2.5751e-01      8.9253e+02      -5.0268e+02    
2.6251e-01      8.3649e+02      -5.0531e+02    
2.6751e-01      7.8009e+02      -5.0532e+02    
2.7251e-01      7.2443e+02      -5.0313e+02    
2.7752e-01      6.7071e+02      -4.9928e+02    
2.8252e-01      6.2014e+02      -4.9448e+02    
2.8751e-01      5.7381e+02      -4.8951e+02    
2.9251e-01      5.3200e+02      -4.8483e+02    
2.9751e-01      4.9432e+02      -4.8058e+02    
