# k P0 P2
# reduced chi2 = 0.9456
3.7538e-03      9.0460e+04      -3.3761e+04    
8.0504e-03      4.7933e+04      6.5695e+03     
1.2849e-02      4.2032e+04      1.3837e+04     
1.7752e-02      3.9275e+04      1.4913e+04     
2.2692e-02      3.5759e+04      1.4355e+04     
2.7648e-02      3.1746e+04      1.3021e+04     
3.2613e-02      2.7786e+04      1.1472e+04     
3.7611e-02      2.4275e+04      1.0038e+04     
4.2613e-02      2.1440e+04      8.8836e+03     
4.7605e-02      1.9280e+04      8.0223e+03     
5.2591e-02      1.7670e+04      7.3957e+03     
5.7568e-02      1.6429e+04      6.9131e+03     
6.2562e-02      1.5369e+04      6.4830e+03     
6.7567e-02      1.4345e+04      6.0379e+03     
7.2573e-02      1.3275e+04      5.5446e+03     
7.7565e-02      1.2145e+04      5.0070e+03     
8.2548e-02      1.0991e+04      4.4533e+03     
8.7544e-02      9.8738e+03      3.9205e+03     
9.2544e-02      8.8619e+03      3.4453e+03     
9.7542e-02      8.0027e+03      3.0496e+03     
1.0254e-01      7.3122e+03      2.7379e+03     
1.0754e-01      6.7790e+03      2.5004e+03     
1.1254e-01      6.3706e+03      2.3183e+03     
1.1753e-01      6.0434e+03      2.1692e+03     
1.2252e-01      5.7525e+03      2.0319e+03     
1.2753e-01      5.4602e+03      1.8904e+03     
1.3254e-01      5.1451e+03      1.7376e+03     
1.3753e-01      4.8029e+03      1.5744e+03     
1.4253e-01      4.4428e+03      1.4074e+03     
1.4752e-01      4.0830e+03      1.2457e+03     
1.5253e-01      3.7443e+03      1.0978e+03     
1.5752e-01      3.4432e+03      9.6944e+02     
1.6252e-01      3.1884e+03      8.6220e+02     
1.6752e-01      2.9803e+03      7.7436e+02     
1.7252e-01      2.8125e+03      7.0178e+02     
1.7752e-01      2.6738e+03      6.3950e+02     
1.8252e-01      2.5517e+03      5.8276e+02     
1.8752e-01      2.4345e+03      5.2786e+02     
1.9252e-01      2.3135e+03      4.7255e+02     
1.9752e-01      2.1845e+03      4.1649e+02     
2.0252e-01      2.0482e+03      3.6069e+02     
2.0752e-01      1.9092e+03      3.0705e+02     
2.1252e-01      1.7733e+03      2.5713e+02     
2.1752e-01      1.6460e+03      2.1210e+02     
2.2252e-01      1.5314e+03      1.7231e+02     
2.2752e-01      1.4312e+03      1.3757e+02     
2.3252e-01      1.3450e+03      1.0707e+02     
2.3752e-01      1.2707e+03      7.9905e+01     
2.4252e-01      1.2051e+03      5.5148e+01     
2.4752e-01      1.1447e+03      3.1975e+01     
2.5252e-01      1.0859e+03      9.9465e+00     
2.5752e-01      1.0270e+03      -1.1007e+01    
2.6252e-01      9.6683e+02      -3.0844e+01    
2.6752e-01      9.0570e+02      -4.9294e+01    
2.7252e-01      8.4480e+02      -6.6180e+01    
2.7752e-01      7.8555e+02      -8.1439e+01    
2.8252e-01      7.2949e+02      -9.5071e+01    
2.8752e-01      6.7790e+02      -1.0721e+02    
2.9251e-01      6.3125e+02      -1.1817e+02    
2.9751e-01      5.8918e+02      -1.2818e+02    
