# k P0 P2
# reduced chi2 = 0.9449
3.7054e-03      9.9095e+04      -1.4351e+04    
8.0027e-03      4.6116e+04      1.2025e+04     
1.2850e-02      4.1809e+04      1.4887e+04     
1.7764e-02      3.9099e+04      1.5522e+04     
2.2684e-02      3.5616e+04      1.4771e+04     
2.7646e-02      3.1581e+04      1.3352e+04     
3.2636e-02      2.7586e+04      1.1741e+04     
3.7623e-02      2.4080e+04      1.0269e+04     
4.2607e-02      2.1259e+04      9.0855e+03     
4.7584e-02      1.9112e+04      8.1993e+03     
5.2572e-02      1.7511e+04      7.5510e+03     
5.7566e-02      1.6277e+04      7.0514e+03     
6.2559e-02      1.5229e+04      6.6102e+03     
6.7563e-02      1.4215e+04      6.1566e+03     
7.2560e-02      1.3153e+04      5.6572e+03     
7.7552e-02      1.2028e+04      5.1135e+03     
8.2550e-02      1.0873e+04      4.5517e+03     
8.7545e-02      9.7579e+03      4.0124e+03     
9.2544e-02      8.7488e+03      3.5306e+03     
9.7542e-02      7.8926e+03      3.1284e+03     
1.0253e-01      7.2068e+03      2.8115e+03     
1.0754e-01      6.6775e+03      2.5692e+03     
1.1254e-01      6.2731e+03      2.3832e+03     
1.1754e-01      5.9500e+03      2.2310e+03     
1.2253e-01      5.6629e+03      2.0911e+03     
1.2753e-01      5.3744e+03      1.9477e+03     
1.3253e-01      5.0627e+03      1.7933e+03     
1.3753e-01      4.7221e+03      1.6281e+03     
1.4253e-01      4.3632e+03      1.4588e+03     
1.4753e-01      4.0051e+03      1.2948e+03     
1.5253e-01      3.6679e+03      1.1444e+03     
1.5753e-01      3.3683e+03      1.0135e+03     
1.6253e-01      3.1156e+03      9.0386e+02     
1.6753e-01      2.9098e+03      8.1395e+02     
1.7253e-01      2.7442e+03      7.3961e+02     
1.7753e-01      2.6078e+03      6.7585e+02     
1.8253e-01      2.4879e+03      6.1784e+02     
1.8752e-01      2.3729e+03      5.6186e+02     
1.9252e-01      2.2537e+03      5.0557e+02     
1.9752e-01      2.1264e+03      4.4857e+02     
2.0251e-01      1.9915e+03      3.9175e+02     
2.0752e-01      1.8535e+03      3.3690e+02     
2.1252e-01      1.7187e+03      2.8581e+02     
2.1752e-01      1.5926e+03      2.3962e+02     
2.2252e-01      1.4791e+03      1.9877e+02     
2.2752e-01      1.3801e+03      1.6305e+02     
2.3252e-01      1.2951e+03      1.3170e+02     
2.3752e-01      1.2219e+03      1.0378e+02     
2.4252e-01      1.1575e+03      7.8330e+01     
2.4752e-01      1.0982e+03      5.4562e+01     
2.5252e-01      1.0406e+03      3.1999e+01     
2.5751e-01      9.8261e+02      1.0495e+01     
2.6251e-01      9.2333e+02      -9.8848e+00    
2.6751e-01      8.6293e+02      -2.8927e+01    
2.7251e-01      8.0273e+02      -4.6433e+01    
2.7752e-01      7.4417e+02      -6.2295e+01    
2.8252e-01      6.8875e+02      -7.6527e+01    
2.8751e-01      6.3784e+02      -8.9274e+01    
2.9251e-01      5.9188e+02      -1.0079e+02    
2.9751e-01      5.5044e+02      -1.1129e+02    
