# k P0 P2
# reduced chi2 = 1.0834
3.7538e-03      2.6740e+04      3.5709e+03     
8.0504e-03      3.0584e+04      1.0199e+04     
1.2849e-02      3.3632e+04      1.3603e+04     
1.7752e-02      3.3849e+04      1.4552e+04     
2.2692e-02      3.1939e+04      1.4041e+04     
2.7648e-02      2.8914e+04      1.2786e+04     
3.2613e-02      2.5611e+04      1.1319e+04     
3.7611e-02      2.2558e+04      9.9542e+03     
4.2613e-02      2.0046e+04      8.8554e+03     
4.7605e-02      1.8117e+04      8.0398e+03     
5.2591e-02      1.6678e+04      7.4540e+03     
5.7568e-02      1.5568e+04      7.0101e+03     
6.2562e-02      1.4613e+04      6.6170e+03     
6.7567e-02      1.3680e+04      6.2063e+03     
7.2573e-02      1.2689e+04      5.7429e+03     
7.7565e-02      1.1628e+04      5.2295e+03     
8.2548e-02      1.0536e+04      4.6934e+03     
8.7544e-02      9.4719e+03      4.1729e+03     
9.2544e-02      8.5057e+03      3.7061e+03     
9.7542e-02      7.6846e+03      3.3174e+03     
1.0254e-01      7.0261e+03      3.0134e+03     
1.0754e-01      6.5201e+03      2.7857e+03     
1.1254e-01      6.1354e+03      2.6156e+03     
1.1753e-01      5.8294e+03      2.4798e+03     
1.2252e-01      5.5577e+03      2.3555e+03     
1.2753e-01      5.2830e+03      2.2249e+03     
1.3254e-01      4.9838e+03      2.0792e+03     
1.3753e-01      4.6553e+03      1.9186e+03     
1.4253e-01      4.3070e+03      1.7499e+03     
1.4752e-01      3.9571e+03      1.5834e+03     
1.5253e-01      3.6267e+03      1.4292e+03     
1.5752e-01      3.3329e+03      1.2949e+03     
1.6252e-01      3.0848e+03      1.1833e+03     
1.6752e-01      2.8831e+03      1.0934e+03     
1.7252e-01      2.7215e+03      1.0209e+03     
1.7752e-01      2.5890e+03      9.6026e+02     
1.8252e-01      2.4728e+03      9.0566e+02     
1.8752e-01      2.3610e+03      8.5220e+02     
1.9252e-01      2.2445e+03      7.9653e+02     
1.9752e-01      2.1191e+03      7.3776e+02     
2.0252e-01      1.9852e+03      6.7680e+02     
2.0752e-01      1.8477e+03      6.1618e+02     
2.1252e-01      1.7127e+03      5.5827e+02     
2.1752e-01      1.5859e+03      5.0514e+02     
2.2252e-01      1.4717e+03      4.5793e+02     
2.2752e-01      1.3720e+03      4.1687e+02     
2.3252e-01      1.2866e+03      3.8134e+02     
2.3752e-01      1.2134e+03      3.5024e+02     
2.4252e-01      1.1490e+03      3.2226e+02     
2.4752e-01      1.0896e+03      2.9602e+02     
2.5252e-01      1.0317e+03      2.7053e+02     
2.5752e-01      9.7314e+02      2.4537e+02     
2.6252e-01      9.1296e+02      2.2041e+02     
2.6752e-01      8.5134e+02      1.9597e+02     
2.7252e-01      7.8957e+02      1.7250e+02     
2.7752e-01      7.2922e+02      1.5037e+02     
2.8252e-01      6.7197e+02      1.2995e+02     
2.8752e-01      6.1925e+02      1.1143e+02     
2.9251e-01      5.7162e+02      9.4668e+01     
2.9751e-01      5.2872e+02      7.9426e+01     
