# k P0 P2
# reduced chi2 = 0.8480
3.7538e-03      3.9877e+04      -8.8965e+02    
8.0504e-03      3.6654e+04      1.0203e+04     
1.2849e-02      3.8062e+04      1.4224e+04     
1.7752e-02      3.7564e+04      1.5183e+04     
2.2692e-02      3.5107e+04      1.4613e+04     
2.7648e-02      3.1608e+04      1.3277e+04     
3.2613e-02      2.7896e+04      1.1728e+04     
3.7611e-02      2.4504e+04      1.0293e+04     
4.2613e-02      2.1727e+04      9.1389e+03     
4.7605e-02      1.9599e+04      8.2822e+03     
5.2591e-02      1.8011e+04      7.6650e+03     
5.7568e-02      1.6786e+04      7.1951e+03     
6.2562e-02      1.5734e+04      6.7777e+03     
6.7567e-02      1.4709e+04      6.3424e+03     
7.2573e-02      1.3626e+04      5.8535e+03     
7.7565e-02      1.2471e+04      5.3143e+03     
8.2548e-02      1.1284e+04      4.7538e+03     
8.7544e-02      1.0130e+04      4.2112e+03     
9.2544e-02      9.0825e+03      3.7257e+03     
9.7542e-02      8.1926e+03      3.3216e+03     
1.0254e-01      7.4785e+03      3.0051e+03     
1.0754e-01      6.9289e+03      2.7667e+03     
1.1254e-01      6.5101e+03      2.5871e+03     
1.1753e-01      6.1762e+03      2.4424e+03     
1.2252e-01      5.8796e+03      2.3094e+03     
1.2753e-01      5.5803e+03      2.1706e+03     
1.3254e-01      5.2552e+03      2.0172e+03     
1.3753e-01      4.8994e+03      1.8500e+03     
1.4253e-01      4.5231e+03      1.6759e+03     
1.4752e-01      4.1457e+03      1.5051e+03     
1.5253e-01      3.7896e+03      1.3477e+03     
1.5752e-01      3.4730e+03      1.2108e+03     
1.6252e-01      3.2054e+03      1.0969e+03     
1.6752e-01      2.9876e+03      1.0045e+03     
1.7252e-01      2.8127e+03      9.2942e+02     
1.7752e-01      2.6689e+03      8.6593e+02     
1.8252e-01      2.5427e+03      8.0844e+02     
1.8752e-01      2.4213e+03      7.5232e+02     
1.9252e-01      2.2951e+03      6.9455e+02     
1.9752e-01      2.1597e+03      6.3442e+02     
2.0252e-01      2.0156e+03      5.7296e+02     
2.0752e-01      1.8680e+03      5.1255e+02     
2.1252e-01      1.7233e+03      4.5536e+02     
2.1752e-01      1.5874e+03      4.0319e+02     
2.2252e-01      1.4651e+03      3.5691e+02     
2.2752e-01      1.3582e+03      3.1658e+02     
2.3252e-01      1.2665e+03      2.8149e+02     
2.3752e-01      1.1877e+03      2.5054e+02     
2.4252e-01      1.1184e+03      2.2253e+02     
2.4752e-01      1.0544e+03      1.9624e+02     
2.5252e-01      9.9214e+02      1.7088e+02     
2.5752e-01      9.2932e+02      1.4616e+02     
2.6252e-01      8.6488e+02      1.2202e+02     
2.6752e-01      7.9907e+02      9.8774e+01     
2.7252e-01      7.3323e+02      7.6795e+01     
2.7752e-01      6.6898e+02      5.6348e+01     
2.8252e-01      6.0808e+02      3.7658e+01     
2.8752e-01      5.5202e+02      2.0791e+01     
2.9251e-01      5.0135e+02      5.5177e+00     
2.9751e-01      4.5568e+02      -8.4028e+00    
