# k P0 P2 modes
3.7538e-03      4.3772e+04      -5.5026e+04     7.7000e+01     
8.0504e-03      4.1100e+04      3.5005e+04      5.4800e+02     
1.2849e-02      3.3900e+04      2.6090e+04      1.4800e+03     
1.7752e-02      4.3236e+04      3.7698e+04      2.8720e+03     
2.2692e-02      4.1803e+04      9.9572e+03      4.7360e+03     
2.7648e-02      3.5889e+04      1.6633e+04      7.0360e+03     
3.2613e-02      2.5626e+04      8.6316e+03      9.8380e+03     
3.7611e-02      2.0983e+04      -1.3919e+03     1.3208e+04     
4.2613e-02      2.0310e+04      6.4919e+03      1.6858e+04     
4.7605e-02      1.7294e+04      5.9630e+03      2.1080e+04     
5.2591e-02      2.1453e+04      9.5260e+03      2.5624e+04     
5.7568e-02      1.8474e+04      7.0809e+03      3.0728e+04     
6.2562e-02      1.6619e+04      5.5493e+03      3.6498e+04     
6.7567e-02      1.3646e+04      8.4873e+03      4.2528e+04     
7.2573e-02      1.1444e+04      4.8745e+03      4.9152e+04     
7.7565e-02      1.1220e+04      2.7774e+03      5.5744e+04     
8.2548e-02      1.1287e+04      6.0902e+03      6.3346e+04     
8.7544e-02      1.0261e+04      8.4610e+03      7.1388e+04     
9.2544e-02      8.0743e+03      4.4811e+03      7.9762e+04     
9.7542e-02      7.8066e+03      2.0150e+03      8.8564e+04     
1.0254e-01      7.0965e+03      1.8440e+03      9.7988e+04     
1.0754e-01      7.3705e+03      1.6055e+03      1.0771e+05     
1.1254e-01      7.3036e+03      1.7958e+03      1.1795e+05     
1.1753e-01      6.5767e+03      5.3830e+03      1.2829e+05     
1.2252e-01      5.3738e+03      2.7546e+03      1.3977e+05     
1.2753e-01      4.7758e+03      2.1937e+03      1.5195e+05     
1.3254e-01      4.1548e+03      3.3609e+02      1.6358e+05     
1.3753e-01      4.7611e+03      1.3917e+03      1.7594e+05     
1.4253e-01      4.0571e+03      -2.7333e+02     1.8906e+05     
1.4753e-01      4.2772e+03      1.3908e+03      2.0282e+05     
1.5253e-01      3.2982e+03      1.2701e+03      2.1681e+05     
1.5752e-01      2.8999e+03      1.7110e+03      2.3088e+05     
1.6252e-01      3.3600e+03      1.5792e+03      2.4623e+05     
1.6752e-01      2.9931e+03      2.6905e+03      2.6133e+05     
1.7252e-01      1.7998e+03      1.1978e+03      2.7728e+05     
1.7752e-01      1.9064e+03      -6.3268e+02     2.9332e+05     
1.8252e-01      2.1737e+03      9.4696e+02      3.1057e+05     
1.8752e-01      2.2609e+03      1.6869e+02      3.2756e+05     
1.9252e-01      1.6927e+03      -2.1948e+02     3.4527e+05     
1.9752e-01      1.7005e+03      2.2676e+02      3.6354e+05     
2.0252e-01      1.8303e+03      3.2215e+02      3.8166e+05     
2.0752e-01      1.7925e+03      -1.0779e+03     4.0085e+05     
2.1252e-01      2.2196e+03      2.2647e+03      4.2101e+05     
2.1752e-01      2.0221e+03      4.9188e+02      4.4116e+05     
2.2252e-01      1.8448e+03      1.1544e+03      4.6130e+05     
2.2752e-01      1.4604e+03      4.3511e+02      4.8219e+05     
2.3252e-01      1.5415e+03      1.5317e+03      5.0386e+05     
2.3752e-01      1.5763e+03      6.9931e+02      5.2502e+05     
2.4252e-01      1.1571e+03      6.3538e+02      5.4795e+05     
2.4752e-01      1.5168e+03      3.4693e+02      5.7054e+05     
2.5252e-01      1.1976e+03      -3.2182e+02     5.9437e+05     
2.5752e-01      1.4791e+03      2.6944e+02      6.1790e+05     
2.6252e-01      1.4091e+03      -4.3282e+01     6.4211e+05     
2.6752e-01      1.2611e+03      -1.1787e+02     6.6611e+05     
2.7251e-01      9.8873e+02      5.4038e+02      6.9179e+05     
2.7752e-01      9.6357e+02      -3.7784e+00     7.1800e+05     
2.8252e-01      9.8402e+02      3.7963e+02      7.4315e+05     
2.8752e-01      1.0334e+03      1.3246e+02      7.7019e+05     
2.9251e-01      7.8116e+02      1.0545e+03      7.9643e+05     
2.9751e-01      7.6797e+02      7.3617e+02      8.2482e+05     
3.0251e-01      7.0152e+02      8.4288e+01      8.5256e+05     
3.0751e-01      -6.0398e+01     -5.9009e+01     8.8037e+05     
3.1251e-01      4.2728e+02      4.2550e+02      9.1065e+05     
3.1751e-01      6.0208e+02      -1.0929e+02     9.3900e+05     
3.2251e-01      2.3168e+02      -3.9753e+02     9.6935e+05     
3.2751e-01      5.3434e+02      -2.9927e+02     9.9834e+05     
3.3251e-01      5.3445e+02      -2.1324e+02     1.0299e+06     
3.3751e-01      3.6119e+02      5.5836e+02      1.0619e+06     
3.4251e-01      2.8591e+02      1.0786e+03      1.0933e+06     
3.4751e-01      3.6539e+02      3.0345e+02      1.1255e+06     
3.5251e-01      2.2945e+01      4.8799e+02      1.1574e+06     
3.5751e-01      4.8183e+02      -2.9132e+02     1.1902e+06     
3.6251e-01      2.3688e+02      -4.8540e+02     1.2246e+06     
3.6751e-01      3.1533e+02      -6.2000e+02     1.2579e+06     
3.7251e-01      2.5543e+02      -5.2919e+02     1.2923e+06     
3.7751e-01      2.9950e+02      -1.1769e+02     1.3285e+06     
3.8251e-01      2.2674e+02      4.9184e+02      1.3628e+06     
3.8751e-01      2.1055e+02      8.0348e-01      1.3992e+06     
3.9251e-01      8.1023e+01      4.3989e+02      1.4344e+06     
3.9751e-01      -3.5250e+01     -4.3029e+02     1.4730e+06     
4.0251e-01      1.8617e+02      -1.3743e+02     1.5097e+06     
4.0751e-01      2.2359e+02      2.5224e+02      1.5466e+06     
4.1251e-01      3.2988e+02      1.8850e+02      1.5850e+06     
4.1751e-01      2.8247e+02      -8.0759e+01     1.6236e+06     
4.2251e-01      1.5991e+02      -4.2485e+02     1.6633e+06     
4.2751e-01      2.1745e+02      -4.1158e+02     1.7025e+06     
4.3251e-01      1.7211e+01      -2.0118e+02     1.7437e+06     
4.3751e-01      -9.1281e+01     -6.8387e+01     1.7830e+06     
4.4251e-01      -1.6766e+01     -2.9215e+02     1.8248e+06     
4.4751e-01      1.0237e+02      6.2216e+00      1.8648e+06     
4.5251e-01      7.7844e+01      1.7390e+02      1.9067e+06     
4.5751e-01      8.3992e+01      3.7857e+02      1.9513e+06     
4.6251e-01      1.0332e+02      5.1393e+02      1.9925e+06     
4.6751e-01      3.1039e+01      1.9858e+02      2.0369e+06     
4.7251e-01      2.4356e+02      1.9811e+02      2.0795e+06     
4.7751e-01      7.1711e+01      2.4722e+02      2.1227e+06     
4.8251e-01      1.6282e+02      3.2272e+02      2.1704e+06     
4.8751e-01      1.2809e+02      1.3429e+02      2.2138e+06     
4.9251e-01      -1.3977e+01     2.9061e+02      2.2594e+06     
4.9751e-01      1.5395e+02      3.3497e+02      2.3053e+06     
5.0251e-01      2.7289e+01      1.7202e+02      2.3530e+06     
5.0751e-01      1.2314e+02      -1.8126e+02     2.3992e+06     
5.1251e-01      1.3125e+02      -8.3779e+01     2.4464e+06     
5.1751e-01      -1.2296e+02     1.5723e+02      2.4969e+06     
5.2251e-01      -1.9573e+02     -1.3119e+02     2.5441e+06     
5.2751e-01      -5.6398e+01     2.2429e+02      2.5919e+06     
5.3251e-01      -2.2625e+01     9.7706e+01      2.6408e+06     
5.3751e-01      6.6211e+01      2.3825e+02      2.6923e+06     
5.4251e-01      -2.3492e+01     5.0133e+02      2.7415e+06     
5.4751e-01      -1.0897e+02     3.9895e+02      2.7933e+06     
5.5251e-01      -1.3598e+02     2.2066e+00      2.8443e+06     
5.5751e-01      -2.1797e+00     2.0189e+01      2.8958e+06     
5.6251e-01      2.6079e+02      -3.1997e+01     2.9476e+06     
5.6751e-01      2.1804e+02      2.2700e+02      3.0000e+06     
5.7251e-01      6.6383e+01      -1.4440e+01     3.0533e+06     
5.7751e-01      -7.0852e+01     -4.4387e+02     3.1073e+06     
5.8251e-01      -2.4117e+01     -7.6699e+01     3.1610e+06     
5.8751e-01      3.4742e+01      -9.9269e+01     3.2158e+06     
5.9251e-01      9.8805e+01      -2.3082e+02     3.2711e+06     
5.9751e-01      1.1645e+02      1.6119e+02      3.3249e+06     
6.0251e-01      1.1571e+02      -1.0713e+02     3.3828e+06     
6.0751e-01      1.2959e+02      1.8357e+02      3.4392e+06     
6.1251e-01      5.5289e+01      -2.1132e+02     3.4944e+06     
6.1751e-01      1.0902e+02      2.8120e+02      3.5519e+06     
6.2251e-01      1.2117e+02      3.5581e+02      3.6102e+06     
6.2751e-01      1.3905e+02      3.5403e+02      3.6677e+06     
6.3251e-01      1.9056e+02      1.1995e+02      3.7272e+06     
