# k P0 P2 modes
3.7538e-03      3.1682e+04      3.7655e+04      7.7000e+01     
8.0504e-03      4.0852e+04      -1.2896e+04     5.4800e+02     
1.2849e-02      4.4520e+04      4.2611e+03      1.4800e+03     
1.7752e-02      4.1586e+04      5.3646e+03      2.8720e+03     
2.2692e-02      3.4072e+04      4.2874e+03      4.7360e+03     
2.7648e-02      3.2191e+04      2.1141e+04      7.0360e+03     
3.2613e-02      2.9373e+04      9.2779e+03      9.8380e+03     
3.7611e-02      2.1650e+04      6.1276e+03      1.3208e+04     
4.2613e-02      2.1667e+04      1.1358e+04      1.6858e+04     
4.7605e-02      1.5006e+04      1.4804e+03      2.1080e+04     
5.2591e-02      1.6534e+04      4.7675e+03      2.5624e+04     
5.7568e-02      1.4664e+04      5.5217e+03      3.0728e+04     
6.2562e-02      1.3695e+04      9.6079e+03      3.6498e+04     
6.7567e-02      1.5848e+04      9.2284e+03      4.2528e+04     
7.2573e-02      1.3974e+04      4.4634e+03      4.9152e+04     
7.7565e-02      1.2586e+04      3.6515e+03      5.5744e+04     
8.2548e-02      9.8365e+03      2.0186e+03      6.3346e+04     
8.7544e-02      9.0816e+03      6.0261e+03      7.1388e+04     
9.2544e-02      8.9462e+03      3.5011e+03      7.9762e+04     
9.7542e-02      6.1078e+03      2.5424e+03      8.8564e+04     
1.0254e-01      7.0464e+03      3.8792e+03      9.7988e+04     
1.0754e-01      7.2995e+03      2.6072e+03      1.0771e+05     
1.1254e-01      5.8429e+03      2.2629e+03      1.1795e+05     
1.1753e-01      6.4615e+03      3.1929e+03      1.2829e+05     
1.2252e-01      5.3084e+03      1.3011e+03      1.3977e+05     
1.2753e-01      5.3374e+03      3.6292e+03      1.5195e+05     
1.3254e-01      4.9686e+03      -2.3161e+02     1.6358e+05     
1.3753e-01      4.1873e+03      1.5392e+02      1.7594e+05     
1.4253e-01      3.9341e+03      3.2896e+03      1.8906e+05     
1.4753e-01      3.3227e+03      2.5634e+03      2.0282e+05     
1.5253e-01      3.3230e+03      1.0560e+03      2.1681e+05     
1.5752e-01      2.2811e+03      1.7941e+02      2.3088e+05     
1.6252e-01      3.2644e+03      6.2373e+02      2.4623e+05     
1.6752e-01      3.7002e+03      1.4843e+03      2.6133e+05     
1.7252e-01      3.4990e+03      2.2095e+03      2.7728e+05     
1.7752e-01      2.8050e+03      8.5956e+02      2.9332e+05     
1.8252e-01      2.6802e+03      8.7930e+01      3.1057e+05     
1.8752e-01      2.5591e+03      7.0191e+02      3.2756e+05     
1.9252e-01      2.5455e+03      -4.8166e+02     3.4527e+05     
1.9752e-01      2.6023e+03      1.5861e+03      3.6354e+05     
2.0252e-01      2.2558e+03      1.8064e+03      3.8166e+05     
2.0752e-01      1.5239e+03      1.2177e+03      4.0085e+05     
2.1252e-01      1.6943e+03      1.2681e+03      4.2101e+05     
2.1752e-01      1.3309e+03      1.2028e+03      4.4116e+05     
2.2252e-01      1.4218e+03      -1.3898e+02     4.6130e+05     
2.2752e-01      1.4172e+03      4.0228e+02      4.8219e+05     
2.3252e-01      1.2162e+03      -1.3010e+03     5.0386e+05     
2.3752e-01      9.6716e+02      -5.6821e+02     5.2502e+05     
2.4252e-01      1.4049e+03      -3.5307e+02     5.4795e+05     
2.4752e-01      1.2564e+03      -1.5150e+02     5.7054e+05     
2.5252e-01      9.8379e+02      -1.1661e+02     5.9437e+05     
2.5752e-01      1.1661e+03      -1.3418e+02     6.1790e+05     
2.6252e-01      1.3280e+03      -3.3549e+02     6.4211e+05     
2.6752e-01      7.3614e+02      4.2453e+02      6.6611e+05     
2.7251e-01      5.0351e+02      3.2253e+02      6.9179e+05     
2.7752e-01      5.5330e+02      2.9731e+02      7.1800e+05     
2.8252e-01      4.7140e+02      2.1962e+02      7.4315e+05     
2.8752e-01      3.2538e+02      -2.2600e+02     7.7019e+05     
2.9251e-01      5.3528e+02      1.0251e+02      7.9643e+05     
2.9751e-01      4.8269e+02      -1.1321e+01     8.2482e+05     
3.0251e-01      9.7128e+02      9.3564e+01      8.5256e+05     
3.0751e-01      9.5165e+02      -6.9316e+02     8.8037e+05     
3.1251e-01      1.1616e+03      4.8409e+02      9.1065e+05     
3.1751e-01      8.1538e+02      -1.0592e+03     9.3900e+05     
3.2251e-01      9.3805e+02      -3.4197e+02     9.6935e+05     
3.2751e-01      6.3572e+02      4.6889e+02      9.9834e+05     
3.3251e-01      2.5451e+02      9.5629e+02      1.0299e+06     
3.3751e-01      2.5603e+02      -2.2937e+02     1.0619e+06     
3.4251e-01      2.1995e+02      -1.1634e+02     1.0933e+06     
3.4751e-01      1.8814e+02      4.6884e+02      1.1255e+06     
3.5251e-01      2.3757e+02      3.6772e+02      1.1574e+06     
3.5751e-01      2.9414e+02      -9.1769e+01     1.1902e+06     
3.6251e-01      4.1146e+02      -6.4163e+02     1.2246e+06     
3.6751e-01      4.9977e+02      -9.0134e+02     1.2579e+06     
3.7251e-01      1.5611e+02      2.4190e+02      1.2923e+06     
3.7751e-01      -2.2704e+02     3.2257e+02      1.3285e+06     
3.8251e-01      4.1855e+02      7.8612e+02      1.3628e+06     
3.8751e-01      1.8355e+02      -2.9605e+02     1.3992e+06     
3.9251e-01      1.0282e+02      4.3815e+02      1.4344e+06     
3.9751e-01      -1.8906e+01     -8.3056e+01     1.4730e+06     
4.0251e-01      -5.0000e+00     8.2027e+02      1.5097e+06     
4.0751e-01      3.0671e+02      3.2650e+02      1.5466e+06     
4.1251e-01      -3.6016e+01     1.4521e+02      1.5850e+06     
4.1751e-01      1.3586e+01      -4.6836e+02     1.6236e+06     
4.2251e-01      2.1838e+02      2.2446e+01      1.6633e+06     
4.2751e-01      2.0477e+02      -2.1129e+02     1.7025e+06     
4.3251e-01      -6.2820e+01     -1.1846e+02     1.7437e+06     
4.3751e-01      4.5922e+01      -4.3802e+02     1.7830e+06     
4.4251e-01      2.5443e+02      3.0829e+02      1.8248e+06     
4.4751e-01      1.6525e+02      2.4166e+02      1.8648e+06     
4.5251e-01      9.7625e+01      2.3316e+02      1.9067e+06     
4.5751e-01      1.1188e+01      -8.3489e+01     1.9513e+06     
4.6251e-01      8.1180e+01      -4.5610e+01     1.9925e+06     
4.6751e-01      -8.9328e+01     -2.9282e+02     2.0369e+06     
4.7251e-01      8.7734e+01      -3.2932e+01     2.0795e+06     
4.7751e-01      -5.8148e+01     3.4413e+01      2.1227e+06     
4.8251e-01      1.4619e+02      1.4481e+02      2.1704e+06     
4.8751e-01      -6.0391e+00     -9.1602e+00     2.2138e+06     
4.9251e-01      -2.2259e+02     -1.3078e+02     2.2594e+06     
4.9751e-01      -2.8805e+01     -4.1249e+02     2.3053e+06     
5.0251e-01      1.0800e+02      2.2123e+02      2.3530e+06     
5.0751e-01      -8.0422e+01     -1.8956e+02     2.3992e+06     
5.1251e-01      -1.6031e+01     -6.0218e+02     2.4464e+06     
5.1751e-01      2.2625e+01      7.7334e+01      2.4969e+06     
5.2251e-01      9.0422e+01      2.8600e+02      2.5441e+06     
5.2751e-01      5.4008e+01      -7.4694e+01     2.5919e+06     
5.3251e-01      6.9438e+01      7.9915e+01      2.6408e+06     
5.3751e-01      1.6133e+01      1.4922e+02      2.6923e+06     
5.4251e-01      4.8148e+01      4.5723e+02      2.7415e+06     
5.4751e-01      -7.8359e+01     1.6922e+02      2.7933e+06     
5.5251e-01      1.2142e+02      -2.6149e+02     2.8443e+06     
5.5751e-01      8.7148e+01      -2.2163e+02     2.8958e+06     
5.6251e-01      4.6992e+01      4.8641e+02      2.9476e+06     
5.6751e-01      1.0758e+02      9.3952e+02      3.0000e+06     
5.7251e-01      3.2539e+02      -5.4372e+01     3.0533e+06     
5.7751e-01      5.5094e+01      -3.0131e+02     3.1073e+06     
5.8251e-01      1.0320e+01      -6.1044e-01     3.1610e+06     
5.8751e-01      5.6812e+01      -4.1128e+02     3.2158e+06     
5.9251e-01      -5.4609e+00     2.0378e+02      3.2711e+06     
5.9751e-01      -1.9084e+02     1.3080e+02      3.3249e+06     
6.0251e-01      2.9242e+01      4.3252e+02      3.3828e+06     
6.0751e-01      2.0237e+02      1.3097e+02      3.4392e+06     
6.1251e-01      1.7500e+00      1.2489e+02      3.4944e+06     
6.1751e-01      1.0386e+02      9.8501e+01      3.5519e+06     
6.2251e-01      -2.9195e+01     -1.2576e+02     3.6102e+06     
6.2751e-01      2.2250e+01      6.4489e+01      3.6677e+06     
6.3251e-01      -1.0932e+02     2.3508e+02      3.7272e+06     
