# k P0 P2 modes
3.7081e-03      -1.3526e+04     3.9440e+04      1.9100e+02     
8.0186e-03      2.4721e+04      3.8938e+04      1.3800e+03     
1.2844e-02      3.4916e+04      2.1617e+04      3.7700e+03     
1.7751e-02      3.5458e+04      -6.0004e+03     7.2560e+03     
2.2691e-02      3.3868e+04      2.3644e+03      1.2010e+04     
2.7661e-02      3.4039e+04      1.9737e+04      1.7924e+04     
3.2632e-02      2.6200e+04      1.5869e+04      2.4910e+04     
3.7609e-02      2.8236e+04      2.3502e+04      3.3240e+04     
4.2590e-02      1.8542e+04      1.8134e+03      4.2566e+04     
4.7584e-02      1.5297e+04      3.4154e+03      5.3478e+04     
5.2589e-02      1.3697e+04      9.6052e+03      6.5258e+04     
5.7577e-02      1.5124e+04      5.3334e+03      7.7788e+04     
6.2568e-02      1.3395e+04      5.4340e+03      9.2438e+04     
6.7564e-02      1.5700e+04      1.0114e+04      1.0741e+05     
7.2559e-02      1.6477e+04      7.7779e+03      1.2424e+05     
7.7553e-02      1.1852e+04      4.4773e+03      1.4157e+05     
8.2549e-02      1.0973e+04      2.0271e+03      1.6089e+05     
8.7547e-02      8.4173e+03      1.9231e+03      1.8054e+05     
9.2542e-02      8.9914e+03      5.8566e+03      2.0200e+05     
9.7542e-02      8.0285e+03      4.3279e+03      2.2454e+05     
1.0254e-01      7.1897e+03      3.8056e+03      2.4804e+05     
1.0754e-01      5.6295e+03      3.5161e+03      2.7288e+05     
1.1254e-01      6.2206e+03      3.1149e+03      2.9859e+05     
1.1754e-01      5.8285e+03      3.9486e+03      3.2592e+05     
1.2254e-01      6.3389e+03      3.0010e+03      3.5433e+05     
1.2753e-01      6.0699e+03      1.9334e+03      3.8342e+05     
1.3253e-01      4.8472e+03      9.7029e+02      4.1423e+05     
1.3753e-01      4.8576e+03      -2.9686e+02     4.4637e+05     
1.4253e-01      4.3057e+03      2.4769e+03      4.7956e+05     
1.4753e-01      3.6152e+03      1.9064e+03      5.1353e+05     
1.5253e-01      3.4764e+03      9.4688e+02      5.4893e+05     
1.5753e-01      2.9578e+03      2.9055e+03      5.8555e+05     
1.6253e-01      2.7290e+03      -6.0349e+02     6.2309e+05     
1.6753e-01      2.4270e+03      2.2903e+02      6.6262e+05     
1.7253e-01      2.1369e+03      6.2068e+02      7.0167e+05     
1.7752e-01      2.1680e+03      -1.8247e+03     7.4376e+05     
1.8252e-01      2.2369e+03      -2.6368e+02     7.8562e+05     
1.8752e-01      2.5554e+03      -9.2911e+01     8.3010e+05     
1.9252e-01      2.8149e+03      1.3096e+03      8.7442e+05     
1.9752e-01      2.7353e+03      2.8965e+02      9.2068e+05     
2.0252e-01      2.4716e+03      2.9228e+02      9.6772e+05     
2.0752e-01      1.7181e+03      -7.5513e+02     1.0166e+06     
2.1252e-01      1.7306e+03      4.6480e+02      1.0655e+06     
2.1752e-01      2.6304e+03      1.3164e+03      1.1167e+06     
2.2252e-01      1.9879e+03      -1.7559e+02     1.1679e+06     
2.2752e-01      1.6394e+03      7.1978e+02      1.2220e+06     
2.3252e-01      1.3248e+03      5.7765e+02      1.2756e+06     
2.3752e-01      1.0802e+03      -7.8018e+02     1.3322e+06     
2.4252e-01      1.4624e+03      4.0926e+01      1.3876e+06     
2.4752e-01      1.2256e+03      1.2482e+03      1.4460e+06     
2.5252e-01      1.2457e+03      1.2998e+02      1.5040e+06     
2.5752e-01      4.9855e+02      -2.6078e+02     1.5648e+06     
2.6252e-01      1.3567e+03      -4.9953e+02     1.6261e+06     
2.6751e-01      1.2561e+03      2.8092e+02      1.6885e+06     
2.7251e-01      4.8970e+02      -3.9989e+01     1.7529e+06     
2.7751e-01      8.7529e+02      -2.9381e+01     1.8179e+06     
2.8252e-01      1.0894e+03      -5.1414e+02     1.8833e+06     
2.8752e-01      7.3923e+02      3.7591e+02      1.9511e+06     
2.9251e-01      7.5539e+02      -6.8835e+02     2.0185e+06     
2.9751e-01      4.4245e+02      3.1602e+02      2.0886e+06     
3.0251e-01      6.5302e+02      7.1264e+02      2.1598e+06     
3.0751e-01      9.2731e+02      6.4777e+02      2.2320e+06     
3.1251e-01      5.9749e+02      5.5105e+02      2.3040e+06     
3.1751e-01      7.5511e+02      1.8892e+02      2.3796e+06     
3.2251e-01      4.0518e+02      -6.8234e+01     2.4550e+06     
3.2751e-01      2.4797e+02      -2.2033e+02     2.5320e+06     
3.3251e-01      4.0398e+02      -4.3897e+01     2.6095e+06     
3.3751e-01      3.3930e+02      -1.8567e+02     2.6876e+06     
3.4251e-01      3.5805e+02      8.5822e+02      2.7682e+06     
3.4751e-01      3.5929e+02      2.0594e+01      2.8494e+06     
3.5251e-01      3.2331e+02      3.5056e+02      2.9332e+06     
3.5751e-01      6.5989e+02      4.7317e+02      3.0162e+06     
3.6251e-01      1.9001e+02      9.9484e+02      3.1017e+06     
3.6751e-01      -2.4273e+01     5.9081e+02      3.1877e+06     
3.7251e-01      2.3833e+02      7.8523e+02      3.2753e+06     
3.7751e-01      4.8223e+02      5.7752e+02      3.3626e+06     
3.8251e-01      4.6689e+02      5.7239e+02      3.4523e+06     
3.8751e-01      4.6693e+02      3.5384e+02      3.5442e+06     
3.9251e-01      4.4686e+02      -1.2656e+02     3.6361e+06     
3.9751e-01      5.4554e+02      -1.0967e+02     3.7286e+06     
4.0251e-01      5.7023e+01      -3.2084e+02     3.8232e+06     
4.0751e-01      -2.0586e+01     -5.5646e+02     3.9189e+06     
4.1251e-01      1.1321e+02      2.2785e+02      4.0169e+06     
4.1751e-01      3.0292e+02      -2.9744e+02     4.1126e+06     
4.2251e-01      2.8597e+02      -3.1843e+02     4.2134e+06     
4.2751e-01      -1.8086e+01     -7.6672e+02     4.3129e+06     
4.3251e-01      7.5234e+01      -3.4965e+02     4.4155e+06     
4.3751e-01      9.5383e+01      -2.7118e+02     4.5171e+06     
4.4251e-01      3.0432e+02      2.1315e+02      4.6208e+06     
4.4751e-01      2.5949e+02      1.4358e+02      4.7267e+06     
4.5251e-01      9.9977e+01      -3.9982e+02     4.8327e+06     
4.5751e-01      5.4289e+01      3.8429e+02      4.9386e+06     
4.6251e-01      -1.3391e+01     -3.2825e+02     5.0482e+06     
