# k P0 P2 modes
3.7054e-03      4.7075e+04      3.5132e+04      8.3000e+01     
8.0027e-03      3.6554e+04      3.0035e+02      5.9600e+02     
1.2850e-02      2.5254e+04      1.9471e+04      1.6480e+03     
1.7764e-02      3.6744e+04      7.2508e+03      3.1560e+03     
2.2684e-02      3.7369e+04      3.1863e+04      5.1760e+03     
2.7646e-02      3.3793e+04      2.1173e+04      7.8040e+03     
3.2636e-02      2.8848e+04      2.2775e+04      1.0874e+04     
3.7623e-02      2.3562e+04      1.3276e+04      1.4442e+04     
4.2607e-02      2.3156e+04      8.1747e+03      1.8544e+04     
4.7584e-02      2.2098e+04      1.0565e+04      2.3040e+04     
5.2572e-02      1.7535e+04      9.1360e+03      2.8366e+04     
5.7566e-02      1.4344e+04      4.2754e+03      3.3818e+04     
6.2559e-02      1.6544e+04      9.0277e+03      4.0130e+04     
6.7563e-02      1.4961e+04      3.6681e+03      4.6838e+04     
7.2561e-02      1.3106e+04      1.6440e+03      5.3826e+04     
7.7552e-02      1.1133e+04      5.6067e+03      6.1584e+04     
8.2550e-02      9.7499e+03      8.5695e+03      6.9864e+04     
8.7545e-02      1.1870e+04      4.4145e+03      7.8404e+04     
9.2544e-02      9.0298e+03      2.1974e+03      8.7902e+04     
9.7542e-02      8.4061e+03      3.7600e+02      9.7310e+04     
1.0253e-01      7.7530e+03      2.3484e+03      1.0772e+05     
1.0754e-01      7.1001e+03      -3.2200e+02     1.1865e+05     
1.1254e-01      6.4303e+03      2.9138e+03      1.2991e+05     
1.1754e-01      5.1874e+03      1.8829e+03      1.4138e+05     
1.2253e-01      4.6296e+03      7.0306e+02      1.5396e+05     
1.2753e-01      4.5113e+03      2.0068e+03      1.6672e+05     
1.3253e-01      5.4523e+03      4.4939e+02      1.7981e+05     
1.3753e-01      4.8913e+03      9.7824e+02      1.9428e+05     
1.4253e-01      5.2116e+03      1.2451e+03      2.0777e+05     
1.4753e-01      4.0050e+03      4.5769e+02      2.2328e+05     
1.5253e-01      3.5232e+03      -1.7732e+03     2.3850e+05     
1.5753e-01      3.8358e+03      3.7090e+02      2.5444e+05     
1.6253e-01      3.6487e+03      -2.0363e+02     2.7068e+05     
1.6753e-01      2.8337e+03      1.2169e+03      2.8771e+05     
1.7253e-01      2.5960e+03      1.6596e+03      3.0520e+05     
1.7753e-01      2.5652e+03      7.5071e+02      3.2301e+05     
1.8253e-01      2.2518e+03      -2.4894e+02     3.4181e+05     
1.8753e-01      2.1543e+03      9.9454e+02      3.6002e+05     
1.9252e-01      1.9394e+03      7.2688e+01      3.7973e+05     
1.9752e-01      1.7385e+03      -7.7454e+02     3.9966e+05     
2.0251e-01      1.4870e+03      -3.4067e+02     4.2032e+05     
2.0752e-01      1.7414e+03      -1.1178e+03     4.4207e+05     
2.1252e-01      1.8520e+03      -9.5285e+02     4.6264e+05     
2.1752e-01      1.3816e+03      -2.3398e+01     4.8582e+05     
2.2252e-01      1.4984e+03      1.2813e+03      5.0730e+05     
2.2752e-01      1.3411e+03      3.2068e+02      5.3078e+05     
2.3252e-01      1.1722e+03      2.0523e+02      5.5452e+05     
2.3752e-01      6.3538e+02      6.1521e+02      5.7801e+05     
2.4252e-01      8.0158e+02      3.4403e+02      6.0327e+05     
2.4752e-01      1.0234e+03      4.2652e+02      6.2775e+05     
2.5252e-01      1.0960e+03      3.1873e+02      6.5330e+05     
2.5751e-01      1.1315e+03      2.8117e+02      6.7990e+05     
2.6251e-01      1.0244e+03      9.5728e+02      7.0609e+05     
2.6751e-01      6.7386e+02      5.6723e+01      7.3426e+05     
2.7251e-01      6.3752e+02      -9.6595e+02     7.6119e+05     
2.7751e-01      7.5193e+02      -2.4405e+02     7.8997e+05     
2.8252e-01      2.2326e+02      9.9541e+01      8.1825e+05     
2.8751e-01      7.7072e+02      3.8636e+02      8.4702e+05     
2.9251e-01      6.4058e+02      -3.6790e+02     8.7700e+05     
2.9751e-01      5.5809e+02      -5.3261e+02     9.0860e+05     
3.0252e-01      5.3445e+02      3.5051e+02      9.3780e+05     
3.0752e-01      3.9694e+02      -9.5401e+01     9.6971e+05     
3.1251e-01      8.1226e+02      -3.0202e+02     9.9996e+05     
3.1751e-01      5.7615e+02      2.5938e+02      1.0341e+06     
3.2251e-01      4.9258e+02      -1.1952e+02     1.0664e+06     
3.2751e-01      3.0381e+02      3.0698e+02      1.1003e+06     
3.3251e-01      1.5598e+02      -4.5124e+02     1.1331e+06     
3.3751e-01      2.0341e+02      4.3612e+02      1.1681e+06     
3.4251e-01      2.9312e+02      3.4880e+02      1.2033e+06     
3.4751e-01      1.7192e+02      -8.0463e+01     1.2379e+06     
3.5251e-01      5.0410e+02      -5.5859e+02     1.2741e+06     
3.5751e-01      8.9953e+01      3.0470e+01      1.3102e+06     
3.6251e-01      2.4635e+02      -1.4381e+02     1.3469e+06     
3.6751e-01      1.4390e+02      -9.2685e+01     1.3853e+06     
3.7251e-01      2.1080e+02      -1.8136e+02     1.4223e+06     
3.7751e-01      1.5202e+02      2.3421e+02      1.4612e+06     
3.8251e-01      3.6691e+02      9.5060e+00      1.4995e+06     
3.8751e-01      1.4336e+02      1.6988e+02      1.5397e+06     
3.9251e-01      2.2508e+02      3.2737e+02      1.5799e+06     
3.9751e-01      9.3234e+01      2.5071e+02      1.6194e+06     
4.0251e-01      1.3173e+02      -3.1245e+02     1.6615e+06     
4.0751e-01      -2.4469e+01     4.5424e+02      1.7017e+06     
4.1251e-01      -1.9539e+01     -1.5827e+02     1.7450e+06     
4.1751e-01      -2.1859e+01     -3.0042e+02     1.7875e+06     
4.2251e-01      1.9907e+02      -9.2991e+00     1.8304e+06     
4.2751e-01      2.3117e+02      -3.1229e+01     1.8737e+06     
4.3251e-01      1.0372e+02      -2.8375e+02     1.9186e+06     
4.3751e-01      -7.6242e+01     1.3879e+02      1.9624e+06     
4.4251e-01      -2.1002e+02     -9.6593e+01     2.0069e+06     
4.4751e-01      1.7641e+02      -3.2590e+02     2.0536e+06     
4.5251e-01      -2.9031e+01     1.0700e+02      2.0998e+06     
4.5751e-01      5.9062e+00      1.5624e+02      2.1451e+06     
4.6251e-01      -1.3117e+01     4.1025e+02      2.1922e+06     
4.6751e-01      2.1521e+02      1.3048e+02      2.2404e+06     
4.7251e-01      -6.1797e+00     4.1850e+02      2.2901e+06     
4.7751e-01      -4.5250e+01     8.1537e+01      2.3384e+06     
4.8251e-01      -9.7164e+01     1.9993e+02      2.3869e+06     
4.8751e-01      5.5594e+01      1.4578e+02      2.4358e+06     
4.9251e-01      -1.3028e+02     1.0771e+02      2.4872e+06     
4.9751e-01      -3.5852e+01     2.0278e+02      2.5389e+06     
5.0251e-01      -4.1586e+01     2.4729e+02      2.5888e+06     
5.0751e-01      -1.3739e+02     2.7424e+02      2.6410e+06     
5.1251e-01      8.5938e-02      3.4456e+02      2.6914e+06     
5.1751e-01      -1.9902e+02     6.9395e+01      2.7449e+06     
5.2251e-01      -1.6907e+02     1.5332e+02      2.8001e+06     
5.2751e-01      -5.3562e+01     -1.5202e+02     2.8530e+06     
5.3251e-01      -2.1443e+02     -2.2944e+02     2.9080e+06     
5.3751e-01      -1.9956e+02     2.7977e+02      2.9615e+06     
5.4251e-01      1.6962e+02      1.6823e+02      3.0181e+06     
5.4751e-01      1.8422e+01      2.6412e+02      3.0734e+06     
5.5251e-01      1.0887e+02      2.4126e+02      3.1297e+06     
5.5751e-01      -6.8883e+01     -1.7624e+02     3.1876e+06     
5.6251e-01      -4.4039e+01     -3.3499e+01     3.2433e+06     
5.6751e-01      -1.3893e+02     -2.3094e+02     3.3011e+06     
5.7251e-01      1.5430e+01      2.0146e+02      3.3601e+06     
