# k P0 P2 modes
3.7538e-03      2.4261e+04      -1.0365e+04     7.7000e+01     
8.0504e-03      2.8814e+04      -2.0613e+03     5.4800e+02     
1.2849e-02      3.4875e+04      4.0469e+02      1.4800e+03     
1.7752e-02      3.2585e+04      4.9871e+03      2.8720e+03     
2.2692e-02      2.5605e+04      1.1170e+04      4.7360e+03     
2.7648e-02      2.9972e+04      2.6687e+04      7.0360e+03     
3.2613e-02      2.5553e+04      1.4708e+04      9.8380e+03     
3.7611e-02      2.4663e+04      2.2644e+04      1.3208e+04     
4.2613e-02      2.0880e+04      9.6205e+03      1.6858e+04     
4.7605e-02      1.8594e+04      9.7424e+03      2.1080e+04     
5.2591e-02      1.6237e+04      5.8535e+03      2.5624e+04     
5.7568e-02      1.4145e+04      6.5066e+03      3.0728e+04     
6.2562e-02      1.4221e+04      5.5246e+03      3.6498e+04     
6.7567e-02      1.2602e+04      3.3775e+03      4.2528e+04     
7.2573e-02      1.2977e+04      6.0698e+03      4.9152e+04     
7.7565e-02      1.2857e+04      2.8168e+03      5.5744e+04     
8.2548e-02      1.1055e+04      4.1709e+03      6.3346e+04     
8.7544e-02      9.4272e+03      1.8272e+03      7.1388e+04     
9.2544e-02      8.3005e+03      3.6847e+03      7.9762e+04     
9.7542e-02      6.5764e+03      4.4546e+03      8.8564e+04     
1.0254e-01      6.1096e+03      4.4550e+03      9.7988e+04     
1.0754e-01      7.0661e+03      5.6858e+03      1.0771e+05     
1.1254e-01      5.2264e+03      1.2688e+03      1.1795e+05     
1.1753e-01      4.6363e+03      2.4995e+03      1.2829e+05     
1.2252e-01      6.7804e+03      7.7957e+02      1.3977e+05     
1.2753e-01      6.2226e+03      1.3870e+03      1.5195e+05     
1.3254e-01      4.7359e+03      -1.5824e+01     1.6358e+05     
1.3753e-01      4.2372e+03      1.9118e+03      1.7594e+05     
1.4253e-01      3.2728e+03      2.5052e+03      1.8906e+05     
1.4753e-01      3.7303e+03      1.9363e+03      2.0282e+05     
1.5253e-01      3.4166e+03      1.8472e+03      2.1681e+05     
1.5752e-01      3.5095e+03      1.2996e+03      2.3088e+05     
1.6252e-01      3.5949e+03      5.9391e+02      2.4623e+05     
1.6752e-01      3.4985e+03      -3.7147e+02     2.6133e+05     
1.7252e-01      2.9459e+03      1.3446e+03      2.7728e+05     
1.7752e-01      2.3706e+03      1.1281e+03      2.9332e+05     
1.8252e-01      2.1009e+03      1.9443e+03      3.1057e+05     
1.8752e-01      2.0820e+03      1.1552e+02      3.2756e+05     
1.9252e-01      2.6165e+03      1.0141e+03      3.4527e+05     
1.9752e-01      2.3816e+03      8.4033e+02      3.6354e+05     
2.0252e-01      2.0546e+03      9.6873e+02      3.8166e+05     
2.0752e-01      1.7368e+03      9.2918e+02      4.0085e+05     
2.1252e-01      2.0633e+03      1.3558e+03      4.2101e+05     
2.1752e-01      1.4572e+03      9.3899e+02      4.4116e+05     
2.2252e-01      8.4329e+02      -7.5999e+01     4.6130e+05     
2.2752e-01      8.6749e+02      -5.6318e+02     4.8219e+05     
2.3252e-01      1.0901e+03      3.7669e+02      5.0386e+05     
2.3752e-01      1.4436e+03      5.4413e+02      5.2502e+05     
2.4252e-01      1.5934e+03      1.2653e+02      5.4795e+05     
2.4752e-01      1.5866e+03      4.1440e+02      5.7054e+05     
2.5252e-01      1.2077e+03      -3.4942e+02     5.9437e+05     
2.5752e-01      9.7581e+02      -2.4513e+02     6.1790e+05     
2.6252e-01      9.1267e+02      -1.0686e+03     6.4211e+05     
2.6752e-01      1.1666e+03      -3.8881e+02     6.6611e+05     
2.7251e-01      1.0068e+03      1.4309e+02      6.9179e+05     
2.7752e-01      5.3618e+02      -3.3495e+02     7.1800e+05     
2.8252e-01      6.8251e+02      2.3413e+02      7.4315e+05     
2.8752e-01      4.3941e+02      -1.4475e+03     7.7019e+05     
2.9251e-01      6.0568e+02      -1.4096e+02     7.9643e+05     
2.9751e-01      4.5827e+02      1.9150e+02      8.2482e+05     
3.0251e-01      4.9441e+02      -6.8741e+02     8.5256e+05     
3.0751e-01      4.7609e+02      -5.5507e+02     8.8037e+05     
3.1251e-01      4.1812e+02      1.4613e+02      9.1065e+05     
3.1751e-01      3.1709e+02      -7.7842e+02     9.3900e+05     
3.2251e-01      2.4295e+02      -1.1565e+03     9.6935e+05     
3.2751e-01      6.0077e+02      -5.0636e+02     9.9834e+05     
3.3251e-01      8.0881e+02      2.5350e+02      1.0299e+06     
3.3751e-01      4.0867e+02      -4.3412e+02     1.0619e+06     
3.4251e-01      7.0826e+02      -1.4862e+02     1.0933e+06     
3.4751e-01      9.1653e+02      4.4262e+02      1.1255e+06     
3.5251e-01      4.9718e+02      -1.6052e+02     1.1574e+06     
3.5751e-01      2.8880e+02      -1.8890e+02     1.1902e+06     
3.6251e-01      1.4276e+02      -1.9448e+02     1.2246e+06     
3.6751e-01      2.9015e+02      -7.4627e+02     1.2579e+06     
3.7251e-01      -4.5828e+01     -6.5622e+02     1.2923e+06     
3.7751e-01      3.9446e+02      -2.1103e+02     1.3285e+06     
3.8251e-01      7.4945e+01      -5.8054e+02     1.3628e+06     
3.8751e-01      -7.4320e+01     3.9930e+01      1.3992e+06     
3.9251e-01      2.2422e+01      4.3986e+02      1.4344e+06     
3.9751e-01      4.2456e+02      -6.5194e+02     1.4730e+06     
4.0251e-01      3.9576e+02      4.2645e+02      1.5097e+06     
4.0751e-01      4.1507e+02      -4.1253e+01     1.5466e+06     
4.1251e-01      1.6969e+01      -4.4287e+02     1.5850e+06     
4.1751e-01      2.3312e+01      -3.1563e+02     1.6236e+06     
4.2251e-01      2.9842e+02      -1.2044e+02     1.6633e+06     
4.2751e-01      1.2571e+02      1.1721e+02      1.7025e+06     
4.3251e-01      1.2193e+02      -8.9313e+02     1.7437e+06     
4.3751e-01      4.8859e+01      -3.9769e+02     1.7830e+06     
4.4251e-01      2.0858e+02      2.2457e+02      1.8248e+06     
4.4751e-01      1.6633e+02      4.1313e+01      1.8648e+06     
4.5251e-01      2.6473e+02      -3.3076e+02     1.9067e+06     
4.5751e-01      7.2961e+01      -3.6850e+01     1.9513e+06     
4.6251e-01      8.3000e+01      2.0457e+02      1.9925e+06     
4.6751e-01      1.0306e+02      3.7123e+02      2.0369e+06     
4.7251e-01      2.8544e+02      -3.4762e+01     2.0795e+06     
4.7751e-01      2.0483e+02      2.8746e+02      2.1227e+06     
4.8251e-01      8.9047e+01      6.6355e+01      2.1704e+06     
4.8751e-01      -3.0891e+01     4.2300e+02      2.2138e+06     
4.9251e-01      8.3406e+01      3.3437e+02      2.2594e+06     
4.9751e-01      -1.1992e+01     3.3369e+02      2.3053e+06     
5.0251e-01      -9.5078e+01     3.7377e+02      2.3530e+06     
5.0751e-01      7.0148e+01      1.4679e+02      2.3992e+06     
5.1251e-01      7.2070e+01      -1.4144e+02     2.4464e+06     
5.1751e-01      -8.8211e+01     -3.3724e+01     2.4969e+06     
5.2251e-01      3.0964e+02      5.5065e+02      2.5441e+06     
5.2751e-01      2.1273e+02      -2.4515e+02     2.5919e+06     
5.3251e-01      -8.6250e+01     2.2001e+02      2.6408e+06     
5.3751e-01      -9.9164e+01     5.9390e+01      2.6923e+06     
5.4251e-01      -1.8312e+01     -3.5327e+02     2.7415e+06     
5.4751e-01      4.6898e+01      -1.8016e+02     2.7933e+06     
5.5251e-01      1.2009e+02      1.8767e+02      2.8443e+06     
5.5751e-01      4.2852e+01      -1.7146e+02     2.8958e+06     
5.6251e-01      3.2078e+01      -5.1441e+01     2.9476e+06     
5.6751e-01      -5.5625e+01     -2.5536e+02     3.0000e+06     
5.7251e-01      8.8805e+01      -2.0116e+02     3.0533e+06     
5.7751e-01      -3.7734e+01     1.3662e+01      3.1073e+06     
5.8251e-01      -7.2328e+01     -7.4703e+01     3.1610e+06     
5.8751e-01      -1.1477e+01     -4.0569e+01     3.2158e+06     
5.9251e-01      -7.3031e+01     -4.2046e+01     3.2711e+06     
5.9751e-01      4.5289e+01      7.3391e+01      3.3249e+06     
6.0251e-01      4.8203e+01      -2.9607e+02     3.3828e+06     
6.0751e-01      9.9641e+01      1.3760e+01      3.4392e+06     
6.1251e-01      2.6789e+01      9.6219e+01      3.4944e+06     
6.1751e-01      -1.0476e+02     1.0874e+02      3.5519e+06     
6.2251e-01      1.1720e+02      6.1781e+02      3.6102e+06     
6.2751e-01      -1.5177e+02     2.0930e+02      3.6677e+06     
6.3251e-01      5.8484e+01      6.7450e+02      3.7272e+06     
