# k P0 P2 modes
3.7538e-03      3.5762e+04      -5.3290e+03     7.7000e+01     
8.0504e-03      4.1874e+04      2.2929e+04      5.4800e+02     
1.2849e-02      4.0236e+04      3.9477e+04      1.4800e+03     
1.7752e-02      3.6789e+04      1.4787e+04      2.8720e+03     
2.2692e-02      3.4250e+04      1.2499e+04      4.7360e+03     
2.7648e-02      3.5671e+04      1.0834e+04      7.0360e+03     
3.2613e-02      2.5677e+04      1.4052e+04      9.8380e+03     
3.7611e-02      2.2501e+04      2.3342e+04      1.3208e+04     
4.2613e-02      2.3564e+04      2.0767e+04      1.6858e+04     
4.7605e-02      2.2415e+04      1.6097e+04      2.1080e+04     
5.2591e-02      1.1983e+04      2.5957e+03      2.5624e+04     
5.7568e-02      1.5520e+04      4.6338e+03      3.0728e+04     
6.2562e-02      1.5454e+04      2.8380e+03      3.6498e+04     
6.7567e-02      1.4064e+04      4.1875e+03      4.2528e+04     
7.2573e-02      1.2874e+04      7.2144e+03      4.9152e+04     
7.7565e-02      1.2620e+04      7.3768e+03      5.5744e+04     
8.2548e-02      1.1052e+04      1.5069e+03      6.3346e+04     
8.7544e-02      8.4265e+03      4.3903e+01      7.1388e+04     
9.2544e-02      9.5852e+03      2.0156e+03      7.9762e+04     
9.7542e-02      8.5794e+03      3.7794e+03      8.8564e+04     
1.0254e-01      6.3181e+03      2.8107e+03      9.7988e+04     
1.0754e-01      7.0294e+03      2.6625e+03      1.0771e+05     
1.1254e-01      6.0902e+03      1.8202e+03      1.1795e+05     
1.1753e-01      6.0555e+03      2.5570e+03      1.2829e+05     
1.2252e-01      5.6317e+03      1.4343e+03      1.3977e+05     
1.2753e-01      6.3213e+03      1.3933e+03      1.5195e+05     
1.3254e-01      4.5372e+03      1.8515e+02      1.6358e+05     
1.3753e-01      5.4725e+03      1.3461e+03      1.7594e+05     
1.4253e-01      4.6935e+03      1.0384e+03      1.8906e+05     
1.4753e-01      4.5397e+03      -6.2811e+01     2.0282e+05     
1.5253e-01      3.9165e+03      1.3886e+03      2.1681e+05     
1.5752e-01      3.8412e+03      -1.8718e+02     2.3088e+05     
1.6252e-01      3.4790e+03      7.2622e+02      2.4623e+05     
1.6752e-01      3.1667e+03      2.2429e+03      2.6133e+05     
1.7252e-01      3.0360e+03      2.6281e+02      2.7728e+05     
1.7752e-01      2.4902e+03      4.7460e+02      2.9332e+05     
1.8252e-01      2.5436e+03      1.3006e+03      3.1057e+05     
1.8752e-01      2.2872e+03      1.5756e+03      3.2756e+05     
1.9252e-01      1.6400e+03      -4.0941e+02     3.4527e+05     
1.9752e-01      1.7154e+03      -1.1451e+02     3.6354e+05     
2.0252e-01      2.1022e+03      1.7976e+02      3.8166e+05     
2.0752e-01      1.8548e+03      -5.7905e+02     4.0085e+05     
2.1252e-01      1.7763e+03      6.4715e+01      4.2101e+05     
2.1752e-01      1.4910e+03      -1.5830e+01     4.4116e+05     
2.2252e-01      2.0869e+03      4.8143e+02      4.6130e+05     
2.2752e-01      1.5201e+03      1.7693e+02      4.8219e+05     
2.3252e-01      9.8294e+02      7.1936e+02      5.0386e+05     
2.3752e-01      6.3619e+02      1.2111e+03      5.2502e+05     
2.4252e-01      1.2164e+03      4.1096e+02      5.4795e+05     
2.4752e-01      1.0825e+03      -2.1750e+02     5.7054e+05     
2.5252e-01      6.6010e+02      -1.8992e+02     5.9437e+05     
2.5752e-01      7.7747e+02      -1.0946e+03     6.1790e+05     
2.6252e-01      8.7345e+02      -2.5868e+02     6.4211e+05     
2.6752e-01      5.7057e+02      -4.1014e+02     6.6611e+05     
2.7251e-01      7.4690e+02      -5.2364e+02     6.9179e+05     
2.7752e-01      7.5892e+02      6.0042e+02      7.1800e+05     
2.8252e-01      6.5048e+02      6.4725e+02      7.4315e+05     
2.8752e-01      8.6342e+02      1.0732e+03      7.7019e+05     
2.9251e-01      8.4891e+02      8.4054e+02      7.9643e+05     
2.9751e-01      5.4041e+02      9.5947e+02      8.2482e+05     
3.0251e-01      5.4268e+02      8.2250e+02      8.5256e+05     
3.0751e-01      4.1862e+02      1.0624e+03      8.8037e+05     
3.1251e-01      3.4812e+02      -3.5711e+02     9.1065e+05     
3.1751e-01      2.1668e+02      -3.3612e+02     9.3900e+05     
3.2251e-01      1.7822e+02      -5.6035e+02     9.6935e+05     
3.2751e-01      4.7871e+02      -3.3783e+02     9.9834e+05     
3.3251e-01      3.2616e+02      -5.8070e+02     1.0299e+06     
3.3751e-01      6.8838e+02      -6.9933e+01     1.0619e+06     
3.4251e-01      1.1370e+02      1.0891e+02      1.0933e+06     
3.4751e-01      3.3606e+02      -7.0469e+02     1.1255e+06     
3.5251e-01      3.6312e+02      -3.8737e+02     1.1574e+06     
3.5751e-01      4.5519e+02      2.6382e+02      1.1902e+06     
3.6251e-01      2.6145e+02      6.7261e+02      1.2246e+06     
3.6751e-01      9.1461e+01      -2.4738e+02     1.2579e+06     
3.7251e-01      5.6797e+02      -1.3476e+02     1.2923e+06     
3.7751e-01      8.2656e+00      4.3121e+02      1.3285e+06     
3.8251e-01      9.8828e+01      -2.4477e+01     1.3628e+06     
3.8751e-01      7.3125e+00      -2.5377e+02     1.3992e+06     
3.9251e-01      4.7359e+01      -5.4752e+01     1.4344e+06     
3.9751e-01      1.0577e+02      -6.5250e+01     1.4730e+06     
4.0251e-01      2.6529e+02      -9.4265e+01     1.5097e+06     
4.0751e-01      6.3312e+02      4.7920e+02      1.5466e+06     
4.1251e-01      1.0097e+02      6.1169e+01      1.5850e+06     
4.1751e-01      4.8262e+02      -5.8477e+02     1.6236e+06     
4.2251e-01      1.5241e+02      -5.2453e+02     1.6633e+06     
4.2751e-01      -3.5484e+01     3.9128e+02      1.7025e+06     
4.3251e-01      1.1410e+02      -5.5693e+02     1.7437e+06     
4.3751e-01      3.8953e+01      -2.5968e+02     1.7830e+06     
4.4251e-01      2.0648e+01      -7.0751e+01     1.8248e+06     
4.4751e-01      8.6883e+01      -1.5873e+02     1.8648e+06     
4.5251e-01      1.8657e+02      2.9533e+02      1.9067e+06     
4.5751e-01      6.0727e+01      4.4377e+02      1.9513e+06     
4.6251e-01      -1.2168e+02     8.0596e+01      1.9925e+06     
4.6751e-01      2.7159e+02      2.4400e+02      2.0369e+06     
4.7251e-01      2.7346e+02      2.4102e+02      2.0795e+06     
4.7751e-01      1.4081e+02      -2.6290e+01     2.1227e+06     
4.8251e-01      -2.2394e+02     5.3614e+01      2.1704e+06     
4.8751e-01      3.3047e+01      3.6403e+02      2.2138e+06     
4.9251e-01      4.7570e+01      2.3907e+02      2.2594e+06     
4.9751e-01      -1.1801e+02     2.8510e+02      2.3053e+06     
5.0251e-01      -3.2312e+01     -4.9730e+02     2.3530e+06     
5.0751e-01      -9.2711e+01     3.6981e+02      2.3992e+06     
5.1251e-01      -1.2007e+02     2.9751e+02      2.4464e+06     
5.1751e-01      -2.3863e+02     2.8160e+02      2.4969e+06     
5.2251e-01      -1.6953e+02     2.2181e+02      2.5441e+06     
5.2751e-01      -4.9469e+01     -4.8022e+01     2.5919e+06     
5.3251e-01      -6.1797e+00     -5.8350e+02     2.6408e+06     
5.3751e-01      3.6391e+01      -1.2235e+02     2.6923e+06     
5.4251e-01      -1.7114e+02     -1.2594e+02     2.7415e+06     
5.4751e-01      -3.6156e+01     1.5252e+02      2.7933e+06     
5.5251e-01      -8.7195e+01     3.7752e+02      2.8443e+06     
5.5751e-01      -9.1664e+01     4.8732e+02      2.8958e+06     
5.6251e-01      -2.2418e+02     3.5643e+02      2.9476e+06     
5.6751e-01      -2.3946e+02     4.1189e+02      3.0000e+06     
5.7251e-01      -9.3508e+01     -3.3155e+02     3.0533e+06     
5.7751e-01      -9.0648e+01     1.2154e+02      3.1073e+06     
5.8251e-01      -2.2115e+02     -6.5462e+01     3.1610e+06     
5.8751e-01      -2.9445e+02     -4.1972e+02     3.2158e+06     
5.9251e-01      -2.6880e+02     -3.0844e+02     3.2711e+06     
5.9751e-01      -1.3213e+02     -5.1005e+02     3.3249e+06     
6.0251e-01      -7.5359e+01     6.9848e+01      3.3828e+06     
6.0751e-01      -3.7922e+01     2.2564e+01      3.4392e+06     
6.1251e-01      -5.0438e+01     -1.8353e+02     3.4944e+06     
6.1751e-01      -1.9648e+01     -2.1793e+02     3.5519e+06     
6.2251e-01      -4.3055e+01     -4.5159e+01     3.6102e+06     
6.2751e-01      -5.2039e+01     -7.7264e+02     3.6677e+06     
6.3251e-01      -1.4782e+02     3.7850e+01      3.7272e+06     
