# k P0 P2 modes
3.7538e-03      1.2255e+04      7.3548e+03      7.7000e+01     
8.0504e-03      1.6916e+04      4.1950e+03      5.4800e+02     
1.2849e-02      2.7754e+04      3.4357e+04      1.4800e+03     
1.7752e-02      4.2484e+04      2.8113e+04      2.8720e+03     
2.2692e-02      3.1553e+04      1.3939e+04      4.7360e+03     
2.7648e-02      3.3226e+04      1.1233e+04      7.0360e+03     
3.2613e-02      2.9080e+04      1.6558e+04      9.8380e+03     
3.7611e-02      2.2968e+04      1.9776e+04      1.3208e+04     
4.2613e-02      1.7917e+04      9.0468e+03      1.6858e+04     
4.7605e-02      1.8553e+04      1.1670e+04      2.1080e+04     
5.2591e-02      1.5973e+04      2.4903e+03      2.5624e+04     
5.7568e-02      1.5339e+04      3.3290e+03      3.0728e+04     
6.2562e-02      1.3613e+04      -7.0246e+00     3.6498e+04     
6.7567e-02      1.3464e+04      2.2276e+03      4.2528e+04     
7.2573e-02      1.2281e+04      2.2759e+03      4.9152e+04     
7.7565e-02      1.1867e+04      1.8534e+03      5.5744e+04     
8.2548e-02      1.1661e+04      7.1238e+02      6.3346e+04     
8.7544e-02      1.0968e+04      3.8253e+03      7.1388e+04     
9.2544e-02      1.0580e+04      2.6882e+03      7.9762e+04     
9.7542e-02      9.6943e+03      3.3354e+03      8.8564e+04     
1.0254e-01      7.3481e+03      3.7177e+03      9.7988e+04     
1.0754e-01      8.3058e+03      1.7302e+03      1.0771e+05     
1.1254e-01      5.7858e+03      1.9880e+03      1.1795e+05     
1.1753e-01      5.4219e+03      7.9199e+02      1.2829e+05     
1.2252e-01      6.7178e+03      -6.6949e+02     1.3977e+05     
1.2753e-01      5.8071e+03      9.3223e+02      1.5195e+05     
1.3254e-01      4.9105e+03      3.1123e+03      1.6358e+05     
1.3753e-01      5.1268e+03      3.1385e+03      1.7594e+05     
1.4253e-01      5.0469e+03      4.0256e+03      1.8906e+05     
1.4753e-01      3.8739e+03      1.2321e+03      2.0282e+05     
1.5253e-01      4.3504e+03      3.5385e+03      2.1681e+05     
1.5752e-01      3.6829e+03      7.8981e+02      2.3088e+05     
1.6252e-01      3.4274e+03      8.3242e+02      2.4623e+05     
1.6752e-01      2.8749e+03      1.2572e+03      2.6133e+05     
1.7252e-01      2.8979e+03      3.4617e+02      2.7728e+05     
1.7752e-01      3.3815e+03      4.1075e+02      2.9332e+05     
1.8252e-01      2.9674e+03      7.3451e+02      3.1057e+05     
1.8752e-01      2.6114e+03      8.0840e+02      3.2756e+05     
1.9252e-01      1.6335e+03      6.4662e+00      3.4527e+05     
1.9752e-01      2.1021e+03      2.5090e+01      3.6354e+05     
2.0252e-01      1.9752e+03      -9.0755e+01     3.8166e+05     
2.0752e-01      2.1337e+03      1.0279e+03      4.0085e+05     
2.1252e-01      1.7364e+03      5.5327e+02      4.2101e+05     
2.1752e-01      1.7865e+03      3.8084e+02      4.4116e+05     
2.2252e-01      1.4426e+03      8.0568e+02      4.6130e+05     
2.2752e-01      1.0525e+03      2.2625e+02      4.8219e+05     
2.3252e-01      1.0498e+03      -2.5966e+02     5.0386e+05     
2.3752e-01      1.1830e+03      1.8967e+03      5.2502e+05     
2.4252e-01      1.3517e+03      1.3344e+03      5.4795e+05     
2.4752e-01      1.2335e+03      1.1281e+03      5.7054e+05     
2.5252e-01      9.3420e+02      6.9946e+02      5.9437e+05     
2.5752e-01      6.6930e+02      1.1772e+02      6.1790e+05     
2.6252e-01      6.6240e+02      7.0108e+02      6.4211e+05     
2.6752e-01      3.4319e+02      -6.4634e+02     6.6611e+05     
2.7251e-01      6.1913e+02      9.1384e+01      6.9179e+05     
2.7752e-01      9.8659e+02      -1.5676e+02     7.1800e+05     
2.8252e-01      2.8030e+02      1.4115e+01      7.4315e+05     
2.8752e-01      4.8733e+02      -1.1927e+02     7.7019e+05     
2.9251e-01      5.9519e+02      4.6225e+02      7.9643e+05     
2.9751e-01      3.2037e+02      8.0660e+02      8.2482e+05     
3.0251e-01      4.2155e+02      1.1561e+03      8.5256e+05     
3.0751e-01      6.5516e+02      -1.4086e+02     8.8037e+05     
3.1251e-01      4.6369e+02      -5.9517e+02     9.1065e+05     
3.1751e-01      2.9238e+02      -1.3770e+02     9.3900e+05     
3.2251e-01      4.1115e+02      -2.6244e+02     9.6935e+05     
3.2751e-01      5.5070e+02      6.9500e+01      9.9834e+05     
3.3251e-01      3.6312e+02      -2.2137e+02     1.0299e+06     
3.3751e-01      9.6289e+01      5.8155e+01      1.0619e+06     
3.4251e-01      1.3252e+02      4.7109e+02      1.0933e+06     
3.4751e-01      3.2788e+02      2.2009e+02      1.1255e+06     
3.5251e-01      8.9758e+01      7.1531e+02      1.1574e+06     
3.5751e-01      1.6565e+02      7.5787e+00      1.1902e+06     
3.6251e-01      4.8295e+02      2.4123e+02      1.2246e+06     
3.6751e-01      1.5416e+02      1.7969e+02      1.2579e+06     
3.7251e-01      4.5689e+02      7.4880e+02      1.2923e+06     
3.7751e-01      3.2416e+02      6.8754e+02      1.3285e+06     
3.8251e-01      3.8341e+02      -1.9621e+02     1.3628e+06     
3.8751e-01      2.3046e+02      -8.1084e+02     1.3992e+06     
3.9251e-01      3.0578e+02      -4.5976e+02     1.4344e+06     
3.9751e-01      1.9429e+02      5.6173e+01      1.4730e+06     
4.0251e-01      1.0238e+02      -5.2726e+01     1.5097e+06     
4.0751e-01      1.9826e+02      2.0699e+02      1.5466e+06     
4.1251e-01      -6.4406e+01     3.2233e+02      1.5850e+06     
4.1751e-01      1.6307e+02      4.5025e+02      1.6236e+06     
4.2251e-01      1.7531e+02      4.0598e+02      1.6633e+06     
4.2751e-01      2.1230e+02      3.5747e+02      1.7025e+06     
4.3251e-01      1.1922e+01      -7.9338e+02     1.7437e+06     
4.3751e-01      1.2811e+02      1.7588e+01      1.7830e+06     
4.4251e-01      1.4754e+02      9.7431e+00      1.8248e+06     
4.4751e-01      3.6701e+02      5.3769e+02      1.8648e+06     
4.5251e-01      5.2680e+01      2.9205e+01      1.9067e+06     
4.5751e-01      8.0977e+01      6.5273e+02      1.9513e+06     
4.6251e-01      9.0609e+01      -5.0528e+02     1.9925e+06     
4.6751e-01      4.1313e+02      2.3367e+02      2.0369e+06     
4.7251e-01      3.7148e+02      -1.9440e+02     2.0795e+06     
4.7751e-01      7.8711e+01      2.7306e+02      2.1227e+06     
4.8251e-01      -2.4047e+01     -5.3115e+02     2.1704e+06     
4.8751e-01      -7.3297e+01     -7.0961e+02     2.2138e+06     
4.9251e-01      8.5289e+01      -5.5333e+02     2.2594e+06     
4.9751e-01      7.5219e+01      -6.9187e+02     2.3053e+06     
5.0251e-01      6.9180e+01      -2.3439e+02     2.3530e+06     
5.0751e-01      -3.3078e+01     -1.6190e+02     2.3992e+06     
5.1251e-01      3.4086e+01      -3.7771e+02     2.4464e+06     
5.1751e-01      1.5529e+02      -4.6004e+02     2.4969e+06     
5.2251e-01      -5.7977e+01     -3.6603e+02     2.5441e+06     
5.2751e-01      9.0430e+01      2.2041e+02      2.5919e+06     
5.3251e-01      -4.4516e+01     -1.8887e+02     2.6408e+06     
5.3751e-01      3.2164e+01      -8.3310e+01     2.6923e+06     
5.4251e-01      2.5883e+01      9.9772e+01      2.7415e+06     
5.4751e-01      1.0871e+02      -5.8516e+02     2.7933e+06     
5.5251e-01      -4.5133e+01     -1.7329e+02     2.8443e+06     
5.5751e-01      -2.7414e+01     -2.9223e+02     2.8958e+06     
5.6251e-01      -1.2710e+02     2.9657e-01      2.9476e+06     
5.6751e-01      -1.5301e+02     -2.2743e+02     3.0000e+06     
5.7251e-01      -1.3455e+02     -3.4719e+02     3.0533e+06     
5.7751e-01      2.9656e+01      1.5641e+02      3.1073e+06     
5.8251e-01      3.3844e+01      -1.2344e+02     3.1610e+06     
5.8751e-01      -4.0094e+01     1.1673e+02      3.2158e+06     
5.9251e-01      -2.4203e+01     2.1251e+02      3.2711e+06     
5.9751e-01      -2.3914e+01     -1.5037e+02     3.3249e+06     
6.0251e-01      -2.3130e+02     6.0488e+01      3.3828e+06     
6.0751e-01      3.4562e+01      1.8787e+02      3.4392e+06     
6.1251e-01      6.0609e+01      2.2185e+02      3.4944e+06     
6.1751e-01      -1.5600e+02     2.1269e+02      3.5519e+06     
6.2251e-01      -1.3949e+02     6.9909e+01      3.6102e+06     
6.2751e-01      8.0641e+01      6.6355e+01      3.6677e+06     
6.3251e-01      2.0390e+02      -1.0564e+02     3.7272e+06     
