# k P0 P2 modes
3.7538e-03      2.6645e+04      -6.9014e+04     7.7000e+01     
8.0504e-03      2.7313e+04      2.4432e+04      5.4800e+02     
1.2849e-02      3.5077e+04      1.1825e+04      1.4800e+03     
1.7752e-02      4.0947e+04      1.6364e+04      2.8720e+03     
2.2692e-02      2.9315e+04      5.2053e+03      4.7360e+03     
2.7648e-02      2.5203e+04      5.3549e+03      7.0360e+03     
3.2613e-02      2.6219e+04      1.0192e+04      9.8380e+03     
3.7611e-02      1.6800e+04      5.2868e+03      1.3208e+04     
4.2613e-02      2.0702e+04      6.5730e+03      1.6858e+04     
4.7605e-02      1.9584e+04      7.8126e+03      2.1080e+04     
5.2591e-02      2.0481e+04      7.3601e+03      2.5624e+04     
5.7568e-02      1.6269e+04      1.3007e+04      3.0728e+04     
6.2562e-02      1.5997e+04      7.5232e+03      3.6498e+04     
6.7567e-02      1.5356e+04      6.7649e+03      4.2528e+04     
7.2573e-02      1.4506e+04      3.1552e+03      4.9152e+04     
7.7565e-02      1.3100e+04      2.5633e+03      5.5744e+04     
8.2548e-02      1.2047e+04      1.9011e+03      6.3346e+04     
8.7544e-02      1.1135e+04      3.7733e+03      7.1388e+04     
9.2544e-02      9.8009e+03      5.4754e+03      7.9762e+04     
9.7542e-02      6.7490e+03      2.6596e+02      8.8564e+04     
1.0254e-01      6.8809e+03      2.6288e+03      9.7988e+04     
1.0754e-01      7.0583e+03      1.3148e+03      1.0771e+05     
1.1254e-01      5.9445e+03      1.8398e+03      1.1795e+05     
1.1753e-01      6.5686e+03      2.6551e+03      1.2829e+05     
1.2252e-01      5.3331e+03      1.7360e+03      1.3977e+05     
1.2753e-01      5.8100e+03      2.9549e+02      1.5195e+05     
1.3254e-01      4.4348e+03      1.7026e+03      1.6358e+05     
1.3753e-01      4.4124e+03      2.6733e+03      1.7594e+05     
1.4253e-01      4.0866e+03      2.5195e+03      1.8906e+05     
1.4753e-01      4.5328e+03      1.6770e+03      2.0282e+05     
1.5253e-01      3.4497e+03      9.3397e+02      2.1681e+05     
1.5752e-01      3.4906e+03      -1.8151e+02     2.3088e+05     
1.6252e-01      3.2026e+03      1.7727e+03      2.4623e+05     
1.6752e-01      3.4717e+03      1.4865e+02      2.6133e+05     
1.7252e-01      2.9629e+03      2.4798e+03      2.7728e+05     
1.7752e-01      2.4251e+03      1.1779e+03      2.9332e+05     
1.8252e-01      2.6404e+03      1.4291e+03      3.1057e+05     
1.8752e-01      2.2746e+03      2.5884e+01      3.2756e+05     
1.9252e-01      1.7298e+03      -1.0302e+02     3.4527e+05     
1.9752e-01      1.5304e+03      1.1784e+02      3.6354e+05     
2.0252e-01      2.1248e+03      1.5519e+02      3.8166e+05     
2.0752e-01      1.6900e+03      2.7120e+02      4.0085e+05     
2.1252e-01      1.3093e+03      -1.0170e+02     4.2101e+05     
2.1752e-01      1.3223e+03      4.4492e+02      4.4116e+05     
2.2252e-01      1.1602e+03      2.0662e+01      4.6130e+05     
2.2752e-01      7.0732e+02      -3.6634e+02     4.8219e+05     
2.3252e-01      1.5788e+03      1.8340e+02      5.0386e+05     
2.3752e-01      1.0119e+03      -2.4453e+02     5.2502e+05     
2.4252e-01      6.8460e+02      -2.0581e+02     5.4795e+05     
2.4752e-01      5.8420e+02      1.7148e+02      5.7054e+05     
2.5252e-01      7.2252e+02      1.9687e+02      5.9437e+05     
2.5752e-01      1.0115e+03      3.2988e+02      6.1790e+05     
2.6252e-01      4.0919e+02      4.9377e+02      6.4211e+05     
2.6752e-01      4.9572e+02      9.3476e+02      6.6611e+05     
2.7251e-01      8.3055e+02      2.8770e+02      6.9179e+05     
2.7752e-01      4.3841e+02      -5.3840e+02     7.1800e+05     
2.8252e-01      5.7667e+02      -4.5068e+02     7.4315e+05     
2.8752e-01      9.6335e+02      -6.0816e+02     7.7019e+05     
2.9251e-01      8.5591e+02      8.1325e+01      7.9643e+05     
2.9751e-01      5.7154e+02      5.6983e+02      8.2482e+05     
3.0251e-01      7.4431e+02      3.9337e+02      8.5256e+05     
3.0751e-01      6.4130e+02      3.8360e+02      8.8037e+05     
3.1251e-01      6.6226e+02      -7.4336e+01     9.1065e+05     
3.1751e-01      8.1816e+02      5.8595e+01      9.3900e+05     
3.2251e-01      5.5337e+02      -1.4258e+02     9.6935e+05     
3.2751e-01      4.1558e+02      -4.3672e+02     9.9834e+05     
3.3251e-01      5.3150e+02      5.1408e+02      1.0299e+06     
3.3751e-01      2.3834e+02      -1.0064e+02     1.0619e+06     
3.4251e-01      4.8212e+02      -3.3287e+01     1.0933e+06     
3.4751e-01      4.6238e+02      -1.5532e+02     1.1255e+06     
3.5251e-01      3.2554e+02      -4.3413e+02     1.1574e+06     
3.5751e-01      3.6749e+02      7.3929e+02      1.1902e+06     
3.6251e-01      5.2619e+02      7.5323e+02      1.2246e+06     
3.6751e-01      7.6637e+02      3.5801e+02      1.2579e+06     
3.7251e-01      4.9176e+02      -1.4217e+02     1.2923e+06     
3.7751e-01      2.1623e+02      5.4044e+01      1.3285e+06     
3.8251e-01      4.8648e+01      6.0016e+02      1.3628e+06     
3.8751e-01      9.5188e+01      1.5395e+02      1.3992e+06     
3.9251e-01      3.3086e+02      -1.7042e+02     1.4344e+06     
3.9751e-01      1.4723e+02      3.0515e+02      1.4730e+06     
4.0251e-01      1.0316e+02      9.0514e+02      1.5097e+06     
4.0751e-01      1.8491e+02      7.1596e+01      1.5466e+06     
4.1251e-01      9.4258e+01      8.5044e+02      1.5850e+06     
4.1751e-01      7.9086e+01      2.6098e+02      1.6236e+06     
4.2251e-01      3.9341e+02      1.2339e+02      1.6633e+06     
4.2751e-01      4.7466e+02      3.5981e+02      1.7025e+06     
4.3251e-01      2.3280e+02      -3.4359e+02     1.7437e+06     
4.3751e-01      -1.6535e+02     -9.6545e+01     1.7830e+06     
4.4251e-01      1.1599e+02      4.2246e+02      1.8248e+06     
4.4751e-01      1.6854e+02      6.8210e+02      1.8648e+06     
4.5251e-01      -1.1241e+02     3.5220e+02      1.9067e+06     
4.5751e-01      1.3040e+02      1.9564e+02      1.9513e+06     
4.6251e-01      -1.4859e+02     -3.6374e+02     1.9925e+06     
4.6751e-01      1.7980e+02      7.8819e+02      2.0369e+06     
4.7251e-01      1.5750e+01      1.4509e+02      2.0795e+06     
4.7751e-01      -5.3383e+01     1.7498e+02      2.1227e+06     
4.8251e-01      1.2944e+02      9.9979e+01      2.1704e+06     
4.8751e-01      8.7078e+01      2.5451e+02      2.2138e+06     
4.9251e-01      1.0695e+01      -1.9509e+02     2.2594e+06     
4.9751e-01      1.8180e+01      4.8038e+01      2.3053e+06     
5.0251e-01      -1.3016e+02     2.2896e+02      2.3530e+06     
5.0751e-01      -5.3656e+01     5.8991e+02      2.3992e+06     
5.1251e-01      -1.8960e+02     -7.6998e+00     2.4464e+06     
5.1751e-01      -1.2191e+02     -1.2871e+02     2.4969e+06     
5.2251e-01      3.9984e+01      3.4375e+02      2.5441e+06     
5.2751e-01      1.2534e+02      -1.9348e+02     2.5919e+06     
5.3251e-01      2.0855e+02      -7.0839e+00     2.6408e+06     
5.3751e-01      9.4992e+01      -4.5231e+02     2.6923e+06     
5.4251e-01      3.1484e+01      8.4043e+01      2.7415e+06     
5.4751e-01      3.0532e+02      1.4403e+02      2.7933e+06     
5.5251e-01      5.1148e+01      -1.8223e+02     2.8443e+06     
5.5751e-01      -2.6828e+01     -1.1871e+02     2.8958e+06     
5.6251e-01      -9.5297e+01     -2.8878e+02     2.9476e+06     
5.6751e-01      3.0148e+01      -3.8355e+02     3.0000e+06     
5.7251e-01      4.6320e+01      5.8443e+01      3.0533e+06     
5.7751e-01      -3.8328e+01     -5.9288e+01     3.1073e+06     
5.8251e-01      -6.8758e+01     -2.0965e+02     3.1610e+06     
5.8751e-01      -8.3664e+01     2.6247e+02      3.2158e+06     
5.9251e-01      -9.8938e+01     6.3656e+02      3.2711e+06     
5.9751e-01      -9.4055e+01     2.8728e+02      3.3249e+06     
6.0251e-01      -2.6406e+00     8.1268e+01      3.3828e+06     
6.0751e-01      -8.9719e+01     -3.6481e+02     3.4392e+06     
6.1251e-01      -2.6513e+02     -6.8198e+01     3.4944e+06     
6.1751e-01      3.9125e+01      -1.1599e+01     3.5519e+06     
6.2251e-01      -5.8906e+00     -1.8023e+02     3.6102e+06     
6.2751e-01      3.7125e+01      1.3989e+02      3.6677e+06     
6.3251e-01      -1.8261e+02     2.8611e+01      3.7272e+06     
