# k P0 P2 modes
3.7538e-03      6.2270e+04      2.8344e+04      7.7000e+01     
8.0504e-03      5.5005e+04      6.1041e+03      5.4800e+02     
1.2849e-02      2.9453e+04      8.5366e+03      1.4800e+03     
1.7752e-02      3.8335e+04      3.3212e+04      2.8720e+03     
2.2692e-02      3.6239e+04      1.9929e+04      4.7360e+03     
2.7648e-02      3.0492e+04      1.5836e+03      7.0360e+03     
3.2613e-02      2.7309e+04      5.0871e+03      9.8380e+03     
3.7611e-02      2.3187e+04      6.6611e+03      1.3208e+04     
4.2613e-02      2.2054e+04      6.8252e+03      1.6858e+04     
4.7605e-02      1.8424e+04      1.2881e+04      2.1080e+04     
5.2591e-02      1.8970e+04      3.1019e+03      2.5624e+04     
5.7568e-02      1.8588e+04      3.5957e+02      3.0728e+04     
6.2562e-02      1.6266e+04      1.4805e+03      3.6498e+04     
6.7567e-02      1.4294e+04      5.8720e+03      4.2528e+04     
7.2573e-02      1.2517e+04      2.7783e+03      4.9152e+04     
7.7565e-02      1.2211e+04      -1.1433e+03     5.5744e+04     
8.2548e-02      1.0359e+04      4.0999e+03      6.3346e+04     
8.7544e-02      8.4371e+03      4.4141e+03      7.1388e+04     
9.2544e-02      7.9848e+03      3.5402e+03      7.9762e+04     
9.7542e-02      6.9276e+03      3.1383e+02      8.8564e+04     
1.0254e-01      7.4408e+03      1.8298e+03      9.7988e+04     
1.0754e-01      7.4190e+03      9.6051e+02      1.0771e+05     
1.1254e-01      7.1898e+03      2.5143e+03      1.1795e+05     
1.1753e-01      6.1192e+03      3.7442e+03      1.2829e+05     
1.2252e-01      5.5276e+03      1.2795e+03      1.3977e+05     
1.2753e-01      5.8022e+03      2.4620e+03      1.5195e+05     
1.3254e-01      3.8156e+03      1.9801e+03      1.6358e+05     
1.3753e-01      4.6527e+03      1.7965e+03      1.7594e+05     
1.4253e-01      4.2966e+03      1.6385e+03      1.8906e+05     
1.4753e-01      2.9917e+03      -9.2454e+02     2.0282e+05     
1.5253e-01      3.6052e+03      1.0785e+03      2.1681e+05     
1.5752e-01      3.9544e+03      3.4664e+02      2.3088e+05     
1.6252e-01      2.9225e+03      -3.7523e+02     2.4623e+05     
1.6752e-01      2.6832e+03      9.6687e+02      2.6133e+05     
1.7252e-01      2.0656e+03      -7.2443e+02     2.7728e+05     
1.7752e-01      2.7768e+03      5.9733e+00      2.9332e+05     
1.8252e-01      2.2160e+03      1.1731e+03      3.1057e+05     
1.8752e-01      1.7945e+03      7.1345e+02      3.2756e+05     
1.9252e-01      2.4002e+03      2.2580e+03      3.4527e+05     
1.9752e-01      2.2094e+03      1.3939e+03      3.6354e+05     
2.0252e-01      2.0326e+03      1.8651e+02      3.8166e+05     
2.0752e-01      1.5803e+03      6.7183e+01      4.0085e+05     
2.1252e-01      2.0537e+03      1.2140e+03      4.2101e+05     
2.1752e-01      1.7219e+03      1.1104e+03      4.4116e+05     
2.2252e-01      1.2143e+03      -2.0628e+02     4.6130e+05     
2.2752e-01      2.0704e+03      -1.4839e+02     4.8219e+05     
2.3252e-01      1.7996e+03      1.1605e+03      5.0386e+05     
2.3752e-01      7.9612e+02      7.2021e+02      5.2502e+05     
2.4252e-01      1.0077e+03      -4.8141e+02     5.4795e+05     
2.4752e-01      1.2225e+03      5.6070e+02      5.7054e+05     
2.5252e-01      1.5843e+03      1.3416e+03      5.9437e+05     
2.5752e-01      6.7033e+02      1.4463e+03      6.1790e+05     
2.6252e-01      8.0678e+02      8.7101e+02      6.4211e+05     
2.6752e-01      1.2034e+03      1.0566e+03      6.6611e+05     
2.7251e-01      9.4334e+02      1.3664e+03      6.9179e+05     
2.7752e-01      8.7555e+02      8.4300e+02      7.1800e+05     
2.8252e-01      9.8812e+02      5.6141e+01      7.4315e+05     
2.8752e-01      9.3159e+02      1.0043e+03      7.7019e+05     
2.9251e-01      4.5591e+02      -1.3319e+02     7.9643e+05     
2.9751e-01      4.8066e+02      -1.0779e+02     8.2482e+05     
3.0251e-01      6.0858e+02      -1.2973e+03     8.5256e+05     
3.0751e-01      4.2381e+02      -6.3351e+02     8.8037e+05     
3.1251e-01      2.6577e+02      -5.8792e+02     9.1065e+05     
3.1751e-01      6.3359e+02      8.8071e+00      9.3900e+05     
3.2251e-01      4.2795e+02      2.2900e+02      9.6935e+05     
3.2751e-01      3.8123e+02      2.6831e+02      9.9834e+05     
3.3251e-01      7.3352e+01      -9.2729e+02     1.0299e+06     
3.3751e-01      3.1380e+02      -9.8044e+02     1.0619e+06     
3.4251e-01      3.8783e+02      -3.4783e+02     1.0933e+06     
3.4751e-01      4.1681e+02      -6.1170e+02     1.1255e+06     
3.5251e-01      3.5411e+02      -5.6764e+02     1.1574e+06     
3.5751e-01      2.8704e+02      9.3619e+02      1.1902e+06     
3.6251e-01      3.1531e+02      6.4107e+02      1.2246e+06     
3.6751e-01      3.0254e+02      -2.8954e+00     1.2579e+06     
3.7251e-01      2.4699e+02      -6.9396e+01     1.2923e+06     
3.7751e-01      1.2905e+02      -4.5975e+02     1.3285e+06     
3.8251e-01      4.3561e+02      -6.2959e+02     1.3628e+06     
3.8751e-01      1.8433e+02      -1.7744e+02     1.3992e+06     
3.9251e-01      4.4616e+02      -3.4417e+02     1.4344e+06     
3.9751e-01      1.1590e+02      2.9821e+02      1.4730e+06     
4.0251e-01      -9.1531e+01     5.1075e+01      1.5097e+06     
4.0751e-01      6.2344e+00      -9.0341e+02     1.5466e+06     
4.1251e-01      4.1509e+02      -5.9043e+02     1.5850e+06     
4.1751e-01      2.1160e+02      -1.1539e+02     1.6236e+06     
4.2251e-01      2.2072e+02      -2.4362e+02     1.6633e+06     
4.2751e-01      -8.7258e+01     -3.8973e+02     1.7025e+06     
4.3251e-01      -1.0442e+02     -5.7812e+02     1.7437e+06     
4.3751e-01      1.1941e+02      -1.7559e+02     1.7830e+06     
4.4251e-01      -4.5508e+01     2.2768e+01      1.8248e+06     
4.4751e-01      -3.0852e+01     -1.0499e+02     1.8648e+06     
4.5251e-01      1.3141e+02      -1.7992e+02     1.9067e+06     
4.5751e-01      1.4784e+02      -7.2139e+01     1.9513e+06     
4.6251e-01      5.6539e+01      5.8615e+02      1.9925e+06     
4.6751e-01      2.4355e+02      1.2148e+02      2.0369e+06     
4.7251e-01      2.7674e+02      2.2253e+02      2.0795e+06     
4.7751e-01      4.1891e+02      3.3170e+02      2.1227e+06     
4.8251e-01      1.7625e+02      2.2201e+02      2.1704e+06     
4.8751e-01      2.2620e+02      9.7566e+01      2.2138e+06     
4.9251e-01      2.6573e+02      -2.6664e+01     2.2594e+06     
4.9751e-01      1.0664e+02      1.0501e+01      2.3053e+06     
5.0251e-01      1.6523e+01      1.4676e+02      2.3530e+06     
5.0751e-01      -1.2709e+02     9.1260e+01      2.3992e+06     
5.1251e-01      1.8122e+02      3.7901e+02      2.4464e+06     
5.1751e-01      -1.2564e+02     -1.4327e+02     2.4969e+06     
5.2251e-01      -6.8859e+01     -2.0982e+02     2.5441e+06     
5.2751e-01      1.6664e+02      2.2702e+01      2.5919e+06     
5.3251e-01      2.5014e+02      -1.5976e+02     2.6408e+06     
5.3751e-01      5.4500e+01      -3.7085e+02     2.6923e+06     
5.4251e-01      -1.4552e+02     2.0218e+01      2.7415e+06     
5.4751e-01      -3.1891e+01     3.1877e+02      2.7933e+06     
5.5251e-01      -1.1757e+02     4.9772e+02      2.8443e+06     
5.5751e-01      -3.3180e+02     4.1551e+01      2.8958e+06     
5.6251e-01      6.9820e+01      -1.4467e+02     2.9476e+06     
5.6751e-01      2.3864e+02      2.1940e+00      3.0000e+06     
5.7251e-01      7.5547e+01      1.2422e+02      3.0533e+06     
5.7751e-01      -1.0562e+01     -3.9138e+02     3.1073e+06     
5.8251e-01      -1.6314e+02     -7.4013e+02     3.1610e+06     
5.8751e-01      -2.2295e+02     2.0417e+02      3.2158e+06     
5.9251e-01      -5.4547e+01     -2.3847e+02     3.2711e+06     
5.9751e-01      1.1680e+01      -4.1943e+02     3.3249e+06     
6.0251e-01      7.5727e+01      -5.7460e+01     3.3828e+06     
6.0751e-01      2.8797e+01      -1.7544e+02     3.4392e+06     
6.1251e-01      1.5444e+02      1.9779e+02      3.4944e+06     
6.1751e-01      4.4805e+01      -6.6619e+01     3.5519e+06     
6.2251e-01      1.1299e+02      1.9957e+02      3.6102e+06     
6.2751e-01      -2.2030e+02     -2.4226e+02     3.6677e+06     
6.3251e-01      -1.5763e+02     -4.3745e+02     3.7272e+06     
