# k P0 P2 modes
3.7081e-03      1.9335e+04      -1.5457e+03     1.9100e+02     
8.0186e-03      3.5279e+04      1.3162e+04      1.3800e+03     
1.2844e-02      2.2597e+04      5.7385e+03      3.7700e+03     
1.7751e-02      2.8996e+04      1.3862e+04      7.2560e+03     
2.2691e-02      2.8934e+04      1.0690e+04      1.2010e+04     
2.7661e-02      2.5719e+04      1.2370e+04      1.7924e+04     
3.2632e-02      2.9428e+04      2.5956e+04      2.4910e+04     
3.7609e-02      2.4027e+04      6.1761e+03      3.3240e+04     
4.2590e-02      2.0798e+04      4.1535e+03      4.2566e+04     
4.7584e-02      1.8265e+04      -3.8189e+03     5.3478e+04     
5.2589e-02      1.5446e+04      2.5320e+03      6.5258e+04     
5.7577e-02      1.6601e+04      4.2208e+03      7.7788e+04     
6.2568e-02      1.7915e+04      7.2528e+03      9.2438e+04     
6.7564e-02      1.6792e+04      6.6762e+03      1.0741e+05     
7.2559e-02      1.3059e+04      4.5183e+03      1.2424e+05     
7.7553e-02      1.2063e+04      1.5026e+03      1.4157e+05     
8.2549e-02      1.0005e+04      5.7567e+03      1.6089e+05     
8.7547e-02      9.4563e+03      4.6303e+03      1.8054e+05     
9.2542e-02      7.6308e+03      5.1726e+03      2.0200e+05     
9.7542e-02      8.0680e+03      3.9000e+03      2.2454e+05     
1.0254e-01      6.4573e+03      6.2934e+02      2.4804e+05     
1.0754e-01      6.8183e+03      -9.4029e+02     2.7288e+05     
1.1254e-01      6.8692e+03      2.3672e+03      2.9859e+05     
1.1754e-01      6.0493e+03      3.1380e+03      3.2592e+05     
1.2254e-01      5.7176e+03      1.3272e+03      3.5433e+05     
1.2753e-01      4.8936e+03      2.6735e+03      3.8342e+05     
1.3253e-01      5.1566e+03      1.2805e+03      4.1423e+05     
1.3753e-01      4.3665e+03      9.2477e+02      4.4637e+05     
1.4253e-01      3.8360e+03      7.4268e+02      4.7956e+05     
1.4753e-01      3.8183e+03      2.7992e+02      5.1353e+05     
1.5253e-01      4.0826e+03      3.9298e+02      5.4893e+05     
1.5753e-01      4.2283e+03      -9.6050e+02     5.8555e+05     
1.6253e-01      3.1705e+03      -1.9119e+02     6.2309e+05     
1.6753e-01      2.8173e+03      -3.6971e+02     6.6262e+05     
1.7253e-01      2.6766e+03      -1.0705e+02     7.0167e+05     
1.7752e-01      2.7845e+03      1.0522e+03      7.4376e+05     
1.8252e-01      2.3798e+03      7.8015e+02      7.8562e+05     
1.8752e-01      2.2952e+03      -4.4560e+02     8.3010e+05     
1.9252e-01      2.2593e+03      -1.4728e+03     8.7442e+05     
1.9752e-01      1.9289e+03      9.9910e+02      9.2068e+05     
2.0252e-01      1.1093e+03      8.3836e+02      9.6772e+05     
2.0752e-01      2.1164e+03      5.0817e+02      1.0166e+06     
2.1252e-01      2.0022e+03      1.7386e+03      1.0655e+06     
2.1752e-01      2.0067e+03      4.1381e+02      1.1167e+06     
2.2252e-01      1.6727e+03      9.3935e+02      1.1679e+06     
2.2752e-01      1.1990e+03      1.1232e+03      1.2220e+06     
2.3252e-01      1.2878e+03      -6.4679e+02     1.2756e+06     
2.3752e-01      9.6800e+02      -4.6039e+01     1.3322e+06     
2.4252e-01      1.0619e+03      -2.8985e+02     1.3876e+06     
2.4752e-01      1.4061e+03      1.8992e+02      1.4460e+06     
2.5252e-01      7.3619e+02      2.8489e+02      1.5040e+06     
2.5752e-01      7.8869e+02      -8.6556e+02     1.5648e+06     
2.6252e-01      9.8788e+02      -3.1437e+02     1.6261e+06     
2.6751e-01      8.0221e+02      -4.7849e+02     1.6885e+06     
2.7251e-01      9.7962e+02      -7.5304e+02     1.7529e+06     
2.7751e-01      4.0514e+02      3.4549e+02      1.8179e+06     
2.8252e-01      1.0569e+02      1.5789e+02      1.8833e+06     
2.8752e-01      2.2391e+02      4.4002e+02      1.9511e+06     
2.9251e-01      7.4597e+02      6.2126e+02      2.0185e+06     
2.9751e-01      1.3495e+02      -2.7436e+02     2.0886e+06     
3.0251e-01      6.7033e+02      2.3382e+01      2.1598e+06     
3.0751e-01      4.9344e+02      -9.1635e+02     2.2320e+06     
3.1251e-01      6.1080e+02      6.8482e+02      2.3040e+06     
3.1751e-01      5.5348e+02      -3.4745e+02     2.3796e+06     
3.2251e-01      6.6044e+02      3.6159e+02      2.4550e+06     
3.2751e-01      5.1852e+02      1.0072e+03      2.5320e+06     
3.3251e-01      2.3740e+02      3.0206e+02      2.6095e+06     
3.3751e-01      -6.1172e+01     -8.5330e+02     2.6876e+06     
3.4251e-01      3.2816e+02      4.5117e+02      2.7682e+06     
3.4751e-01      1.6098e+02      -2.9786e+02     2.8494e+06     
3.5251e-01      6.0361e+02      1.2206e+02      2.9332e+06     
3.5751e-01      2.4818e+02      3.9374e+01      3.0162e+06     
3.6251e-01      3.5919e+02      -1.8187e+01     3.1017e+06     
3.6751e-01      1.4520e+02      -2.4020e+02     3.1877e+06     
3.7251e-01      -2.5867e+01     -9.2622e+02     3.2753e+06     
3.7751e-01      3.9926e+02      3.9387e+01      3.3626e+06     
3.8251e-01      1.5769e+02      4.7405e+02      3.4523e+06     
3.8751e-01      3.0672e+02      -7.6992e+01     3.5442e+06     
3.9251e-01      5.0641e+01      -2.4774e+02     3.6361e+06     
3.9751e-01      2.5556e+02      -5.4584e+01     3.7286e+06     
4.0251e-01      5.0994e+02      2.0651e+02      3.8232e+06     
4.0751e-01      3.3017e+02      3.4268e+02      3.9189e+06     
4.1251e-01      2.2841e+02      2.1131e+02      4.0169e+06     
4.1751e-01      3.3406e+02      2.3484e+02      4.1126e+06     
4.2251e-01      3.2873e+02      2.7973e+02      4.2134e+06     
4.2751e-01      1.4473e+02      2.4893e+02      4.3129e+06     
4.3251e-01      1.3073e+02      -7.2184e+01     4.4155e+06     
4.3751e-01      2.0829e+02      -3.6617e+02     4.5171e+06     
4.4251e-01      2.1692e+02      2.4374e+02      4.6208e+06     
4.4751e-01      1.6767e+02      8.2509e+01      4.7267e+06     
4.5251e-01      1.0344e+01      1.0215e+02      4.8327e+06     
4.5751e-01      -1.0198e+02     1.5966e+02      4.9386e+06     
4.6251e-01      -1.0677e+02     9.7276e+01      5.0482e+06     
