# k P0 P2 modes
3.7538e-03      5.0436e+03      4.0920e+04      7.7000e+01     
8.0504e-03      2.8048e+04      1.2107e+04      5.4800e+02     
1.2849e-02      4.3862e+04      1.0915e+04      1.4800e+03     
1.7752e-02      3.9052e+04      2.3892e+04      2.8720e+03     
2.2692e-02      3.5602e+04      3.1564e+04      4.7360e+03     
2.7648e-02      3.0944e+04      1.5197e+04      7.0360e+03     
3.2613e-02      3.3806e+04      1.9628e+04      9.8380e+03     
3.7611e-02      2.6282e+04      1.5697e+04      1.3208e+04     
4.2613e-02      2.2851e+04      1.3338e+04      1.6858e+04     
4.7605e-02      1.7740e+04      1.3001e+04      2.1080e+04     
5.2591e-02      1.8424e+04      7.4474e+03      2.5624e+04     
5.7568e-02      1.5272e+04      6.7481e+03      3.0728e+04     
6.2562e-02      1.5434e+04      5.6649e+03      3.6498e+04     
6.7567e-02      1.3925e+04      7.6162e+03      4.2528e+04     
7.2573e-02      1.1040e+04      5.8521e+03      4.9152e+04     
7.7565e-02      1.0583e+04      4.8509e+03      5.5744e+04     
8.2548e-02      1.1565e+04      7.3490e+03      6.3346e+04     
8.7544e-02      1.0474e+04      3.3694e+03      7.1388e+04     
9.2544e-02      8.6869e+03      5.6112e+03      7.9762e+04     
9.7542e-02      6.4363e+03      3.9555e+03      8.8564e+04     
1.0254e-01      6.6623e+03      4.9378e+03      9.7988e+04     
1.0754e-01      6.0627e+03      2.0151e+03      1.0771e+05     
1.1254e-01      5.7964e+03      8.2386e+02      1.1795e+05     
1.1753e-01      6.0680e+03      2.0220e+03      1.2829e+05     
1.2252e-01      5.3039e+03      1.0760e+03      1.3977e+05     
1.2753e-01      6.2663e+03      3.0850e+03      1.5195e+05     
1.3254e-01      6.0273e+03      1.6326e+03      1.6358e+05     
1.3753e-01      4.0332e+03      1.0757e+03      1.7594e+05     
1.4253e-01      4.3328e+03      1.2239e+03      1.8906e+05     
1.4753e-01      4.2035e+03      1.7806e+03      2.0282e+05     
1.5253e-01      3.7302e+03      2.1677e+03      2.1681e+05     
1.5752e-01      3.5817e+03      1.1355e+03      2.3088e+05     
1.6252e-01      3.1490e+03      7.2506e+02      2.4623e+05     
1.6752e-01      2.9156e+03      5.3050e+02      2.6133e+05     
1.7252e-01      3.0992e+03      -5.5592e+02     2.7728e+05     
1.7752e-01      2.8112e+03      -8.3718e+02     2.9332e+05     
1.8252e-01      2.6945e+03      5.8223e+01      3.1057e+05     
1.8752e-01      2.3710e+03      6.0133e+02      3.2756e+05     
1.9252e-01      2.6594e+03      5.5197e+02      3.4527e+05     
1.9752e-01      2.8347e+03      4.6355e+02      3.6354e+05     
2.0252e-01      2.0507e+03      6.3470e+02      3.8166e+05     
2.0752e-01      1.9288e+03      -7.6127e+02     4.0085e+05     
2.1252e-01      1.9869e+03      -3.0188e+02     4.2101e+05     
2.1752e-01      1.4910e+03      1.4664e+02      4.4116e+05     
2.2252e-01      1.3008e+03      -1.1358e+03     4.6130e+05     
2.2752e-01      1.6998e+03      -1.4013e+03     4.8219e+05     
2.3252e-01      1.7198e+03      5.0187e+02      5.0386e+05     
2.3752e-01      1.3990e+03      4.4694e+02      5.2502e+05     
2.4252e-01      1.2444e+03      -1.8255e+02     5.4795e+05     
2.4752e-01      1.2324e+03      4.0541e+02      5.7054e+05     
2.5252e-01      9.4428e+02      -1.4929e+02     5.9437e+05     
2.5752e-01      9.7951e+02      -2.7445e+02     6.1790e+05     
2.6252e-01      9.8207e+02      -5.5395e+02     6.4211e+05     
2.6752e-01      8.4835e+02      5.6026e+02      6.6611e+05     
2.7251e-01      3.0616e+02      -1.2046e+02     6.9179e+05     
2.7752e-01      4.6087e+02      -4.9846e+02     7.1800e+05     
2.8252e-01      7.2928e+02      5.5024e+02      7.4315e+05     
2.8752e-01      4.4380e+02      -8.3056e+02     7.7019e+05     
2.9251e-01      5.0714e+02      -1.0856e+03     7.9643e+05     
2.9751e-01      7.0263e+02      -5.5697e+02     8.2482e+05     
3.0251e-01      7.9509e+02      -8.3372e+02     8.5256e+05     
3.0751e-01      5.3512e+02      -1.4905e+02     8.8037e+05     
3.1251e-01      3.2643e+02      1.7609e+02      9.1065e+05     
3.1751e-01      2.1180e+02      2.0226e+02      9.3900e+05     
3.2251e-01      5.0371e+02      6.1127e+02      9.6935e+05     
3.2751e-01      6.6906e+02      -4.7240e+02     9.9834e+05     
3.3251e-01      5.2314e+02      -3.8872e+02     1.0299e+06     
3.3751e-01      6.6681e+02      -1.4341e+02     1.0619e+06     
3.4251e-01      7.0923e+02      -3.3339e+02     1.0933e+06     
3.4751e-01      3.3693e+02      -2.6278e+02     1.1255e+06     
3.5251e-01      3.2691e+02      -9.7686e+02     1.1574e+06     
3.5751e-01      4.5094e+02      -1.3188e+02     1.1902e+06     
3.6251e-01      4.5036e+02      -2.9576e+02     1.2246e+06     
3.6751e-01      5.3609e+02      -1.8015e+02     1.2579e+06     
3.7251e-01      4.0266e+02      -2.3207e+02     1.2923e+06     
3.7751e-01      2.3109e+02      -3.3327e+02     1.3285e+06     
3.8251e-01      4.3852e+02      3.7294e+02      1.3628e+06     
3.8751e-01      3.1469e+02      3.4290e+02      1.3992e+06     
3.9251e-01      5.0455e+02      3.2999e+01      1.4344e+06     
3.9751e-01      3.4862e+02      -2.6648e+02     1.4730e+06     
4.0251e-01      2.3025e+02      -1.2865e+02     1.5097e+06     
4.0751e-01      2.3895e+02      -1.3233e+02     1.5466e+06     
4.1251e-01      1.7563e+02      -7.0035e+02     1.5850e+06     
4.1751e-01      1.3008e+01      -6.0854e+01     1.6236e+06     
4.2251e-01      9.5734e+01      -3.3126e+02     1.6633e+06     
4.2751e-01      1.9305e+02      -2.4120e+02     1.7025e+06     
4.3251e-01      1.0373e+02      -4.9940e+01     1.7437e+06     
4.3751e-01      6.4320e+01      5.6668e+01      1.7830e+06     
4.4251e-01      2.5566e+02      -3.7211e+02     1.8248e+06     
4.4751e-01      -8.3531e+01     -1.0427e+02     1.8648e+06     
4.5251e-01      1.0241e+02      -3.7502e+02     1.9067e+06     
4.5751e-01      -1.1391e+02     3.9395e+02      1.9513e+06     
4.6251e-01      4.0148e+01      3.6306e+02      1.9925e+06     
4.6751e-01      2.8476e+02      2.3857e+02      2.0369e+06     
4.7251e-01      9.6102e+01      4.4402e+02      2.0795e+06     
4.7751e-01      2.7938e+01      -5.3397e+01     2.1227e+06     
4.8251e-01      1.8648e+01      4.1066e+02      2.1704e+06     
4.8751e-01      -3.9062e+02     6.1806e+00      2.2138e+06     
4.9251e-01      1.2495e+02      4.2204e+02      2.2594e+06     
4.9751e-01      7.6672e+01      -5.6642e+01     2.3053e+06     
5.0251e-01      -2.0808e+02     6.7041e+01      2.3530e+06     
5.0751e-01      2.8984e+00      -4.0585e+01     2.3992e+06     
5.1251e-01      8.1266e+01      3.6728e+02      2.4464e+06     
5.1751e-01      6.3281e+01      7.0480e+01      2.4969e+06     
5.2251e-01      -1.3920e+02     1.0165e+02      2.5441e+06     
5.2751e-01      -2.5312e+02     1.4056e+02      2.5919e+06     
5.3251e-01      6.4297e+00      1.9863e+01      2.6408e+06     
5.3751e-01      2.4584e+02      -2.7816e+02     2.6923e+06     
5.4251e-01      -1.7746e+02     2.1431e+02      2.7415e+06     
5.4751e-01      -2.1338e+02     2.0338e+02      2.7933e+06     
5.5251e-01      -1.6982e+02     -2.8847e+02     2.8443e+06     
5.5751e-01      9.9523e+01      2.1019e+02      2.8958e+06     
5.6251e-01      1.9008e+01      2.5199e+02      2.9476e+06     
5.6751e-01      -2.4680e+01     -3.2872e+02     3.0000e+06     
5.7251e-01      -7.5117e+01     -1.9626e+02     3.0533e+06     
5.7751e-01      -1.6159e+02     2.1628e+02      3.1073e+06     
5.8251e-01      -8.4953e+01     2.3340e+02      3.1610e+06     
5.8751e-01      -6.6727e+01     4.7195e+02      3.2158e+06     
5.9251e-01      8.2773e+01      1.1178e+02      3.2711e+06     
5.9751e-01      1.5789e+01      2.2118e+02      3.3249e+06     
6.0251e-01      5.4688e-01      5.3805e+01      3.3828e+06     
6.0751e-01      -4.7375e+01     4.8376e+01      3.4392e+06     
6.1251e-01      6.5000e+01      8.1419e+01      3.4944e+06     
6.1751e-01      -4.9641e+01     -4.6191e+00     3.5519e+06     
6.2251e-01      -1.4160e+02     6.7932e+01      3.6102e+06     
6.2751e-01      -7.9859e+01     -4.4293e+01     3.6677e+06     
6.3251e-01      -9.0812e+01     4.8311e+02      3.7272e+06     
