# k P0 P2 modes
3.7538e-03      7.9204e+04      6.4439e+04      7.7000e+01     
8.0504e-03      3.0764e+04      -4.1716e+04     5.4800e+02     
1.2849e-02      3.6611e+04      2.6709e+04      1.4800e+03     
1.7752e-02      4.2805e+04      2.8606e+04      2.8720e+03     
2.2692e-02      3.3178e+04      -1.2207e+03     4.7360e+03     
2.7648e-02      3.3673e+04      1.1988e+04      7.0360e+03     
3.2613e-02      2.3641e+04      -1.4592e+03     9.8380e+03     
3.7611e-02      2.3521e+04      5.9850e+03      1.3208e+04     
4.2613e-02      2.1761e+04      8.2176e+03      1.6858e+04     
4.7605e-02      2.0100e+04      1.0267e+03      2.1080e+04     
5.2591e-02      2.0193e+04      9.9633e+03      2.5624e+04     
5.7568e-02      1.6557e+04      1.4416e+04      3.0728e+04     
6.2562e-02      1.5616e+04      2.7318e+03      3.6498e+04     
6.7567e-02      1.5689e+04      5.1940e+03      4.2528e+04     
7.2573e-02      1.4721e+04      9.1614e+03      4.9152e+04     
7.7565e-02      1.0942e+04      6.0566e+03      5.5744e+04     
8.2548e-02      1.1311e+04      2.9760e+03      6.3346e+04     
8.7544e-02      1.0128e+04      8.3391e+02      7.1388e+04     
9.2544e-02      8.9852e+03      2.8145e+03      7.9762e+04     
9.7542e-02      7.9970e+03      3.9928e+03      8.8564e+04     
1.0254e-01      8.0114e+03      1.8503e+03      9.7988e+04     
1.0754e-01      8.0097e+03      2.7815e+03      1.0771e+05     
1.1254e-01      6.4316e+03      1.4533e+03      1.1795e+05     
1.1753e-01      5.5797e+03      9.5697e+02      1.2829e+05     
1.2252e-01      5.6921e+03      1.3752e+03      1.3977e+05     
1.2753e-01      6.1425e+03      2.1501e+02      1.5195e+05     
1.3254e-01      5.5275e+03      3.3240e+02      1.6358e+05     
1.3753e-01      5.2716e+03      1.7679e+02      1.7594e+05     
1.4253e-01      4.0260e+03      -1.4123e+03     1.8906e+05     
1.4753e-01      4.6636e+03      -1.4474e+03     2.0282e+05     
1.5253e-01      3.6436e+03      -4.3183e+02     2.1681e+05     
1.5752e-01      3.0512e+03      1.1016e+02      2.3088e+05     
1.6252e-01      2.4732e+03      7.5312e+02      2.4623e+05     
1.6752e-01      2.8425e+03      -8.5625e+01     2.6133e+05     
1.7252e-01      2.2600e+03      1.6490e+03      2.7728e+05     
1.7752e-01      2.3468e+03      1.0507e+03      2.9332e+05     
1.8252e-01      2.5068e+03      1.1906e+03      3.1057e+05     
1.8752e-01      1.9962e+03      -1.7927e+03     3.2756e+05     
1.9252e-01      2.3041e+03      -1.2645e+03     3.4527e+05     
1.9752e-01      2.1365e+03      9.1239e+02      3.6354e+05     
2.0252e-01      1.9971e+03      1.0002e+03      3.8166e+05     
2.0752e-01      1.7034e+03      1.2381e+03      4.0085e+05     
2.1252e-01      2.1613e+03      7.5673e+02      4.2101e+05     
2.1752e-01      1.5891e+03      -1.2789e+03     4.4116e+05     
2.2252e-01      1.5838e+03      -6.3613e+02     4.6130e+05     
2.2752e-01      1.4181e+03      -8.3459e+02     4.8219e+05     
2.3252e-01      1.7287e+03      1.5993e+03      5.0386e+05     
2.3752e-01      8.3456e+02      2.9135e+02      5.2502e+05     
2.4252e-01      1.1592e+03      -2.3781e+02     5.4795e+05     
2.4752e-01      5.4475e+02      -3.2704e+02     5.7054e+05     
2.5252e-01      6.5932e+02      -5.3364e+01     5.9437e+05     
2.5752e-01      1.1720e+03      6.8507e+02      6.1790e+05     
2.6252e-01      6.5020e+02      -2.2800e+02     6.4211e+05     
2.6752e-01      7.0975e+02      4.4844e+02      6.6611e+05     
2.7251e-01      9.5934e+02      5.2248e+02      6.9179e+05     
2.7752e-01      1.1058e+03      -5.1753e+02     7.1800e+05     
2.8252e-01      1.1015e+03      3.6871e+01      7.4315e+05     
2.8752e-01      5.3740e+02      2.6426e+02      7.7019e+05     
2.9251e-01      9.5984e+02      6.9853e+02      7.9643e+05     
2.9751e-01      4.1126e+02      2.1936e+02      8.2482e+05     
3.0251e-01      2.7630e+02      -1.0113e+01     8.5256e+05     
3.0751e-01      4.6402e+02      -3.3828e+02     8.8037e+05     
3.1251e-01      6.5020e+02      -1.9475e+02     9.1065e+05     
3.1751e-01      3.8320e+02      9.4977e+01      9.3900e+05     
3.2251e-01      3.1905e+02      2.7316e+02      9.6935e+05     
3.2751e-01      1.2846e+02      8.8678e+01      9.9834e+05     
3.3251e-01      2.5554e+02      -2.0725e+02     1.0299e+06     
3.3751e-01      3.8343e+02      4.8307e+02      1.0619e+06     
3.4251e-01      3.0339e+02      2.9736e+02      1.0933e+06     
3.4751e-01      1.4309e+02      -8.9203e-01     1.1255e+06     
3.5251e-01      7.8070e+01      1.8964e+02      1.1574e+06     
3.5751e-01      4.4544e+02      -2.4785e+01     1.1902e+06     
3.6251e-01      1.6326e+02      -8.3848e+02     1.2246e+06     
3.6751e-01      2.6815e+02      -4.2194e+02     1.2579e+06     
3.7251e-01      5.5195e+02      -2.8544e+02     1.2923e+06     
3.7751e-01      3.3448e+02      -1.6211e+02     1.3285e+06     
3.8251e-01      7.8539e+01      1.5392e+02      1.3628e+06     
3.8751e-01      1.6938e+02      -8.0944e+02     1.3992e+06     
3.9251e-01      -1.1281e+01     -1.2029e+02     1.4344e+06     
3.9751e-01      4.3148e+01      9.9872e+00      1.4730e+06     
4.0251e-01      1.7754e+02      -3.5085e+02     1.5097e+06     
4.0751e-01      -1.1305e+01     -1.0402e+03     1.5466e+06     
4.1251e-01      1.5884e+02      1.0130e+02      1.5850e+06     
4.1751e-01      -2.2656e-01     -3.7807e+02     1.6236e+06     
4.2251e-01      -2.7860e+02     -7.4612e+02     1.6633e+06     
4.2751e-01      9.8469e+01      4.9101e+02      1.7025e+06     
4.3251e-01      1.5949e+02      8.0999e+01      1.7437e+06     
4.3751e-01      4.5133e+02      -1.1379e+02     1.7830e+06     
4.4251e-01      -3.0469e+00     -9.0054e+01     1.8248e+06     
4.4751e-01      3.8242e+01      -7.1498e+02     1.8648e+06     
4.5251e-01      -8.5789e+01     3.2921e+02      1.9067e+06     
4.5751e-01      9.6984e+01      -1.4566e+02     1.9513e+06     
4.6251e-01      1.2275e+02      4.7708e+01      1.9925e+06     
4.6751e-01      -1.8852e+01     7.2559e+02      2.0369e+06     
4.7251e-01      -1.3769e+02     -5.8252e+02     2.0795e+06     
4.7751e-01      -6.4289e+01     -5.5099e+02     2.1227e+06     
4.8251e-01      9.9945e+01      1.4754e+02      2.1704e+06     
4.8751e-01      4.5547e+00      9.6881e+01      2.2138e+06     
4.9251e-01      5.5812e+01      -3.2571e+02     2.2594e+06     
4.9751e-01      -2.5883e+01     2.7315e+02      2.3053e+06     
5.0251e-01      7.4305e+01      7.3487e+01      2.3530e+06     
5.0751e-01      2.3939e+02      -2.4584e+02     2.3992e+06     
5.1251e-01      2.5370e+02      3.5404e+01      2.4464e+06     
5.1751e-01      1.9027e+02      3.6591e+02      2.4969e+06     
5.2251e-01      -8.1203e+01     -7.9454e+01     2.5441e+06     
5.2751e-01      -6.4453e+00     -7.3873e+02     2.5919e+06     
5.3251e-01      -2.0661e+02     -2.7575e+02     2.6408e+06     
5.3751e-01      9.9148e+01      4.8576e+01      2.6923e+06     
5.4251e-01      -2.7727e+01     -2.7689e+02     2.7415e+06     
5.4751e-01      -1.7711e+02     -1.4222e+02     2.7933e+06     
5.5251e-01      -8.6133e+01     3.1598e+02      2.8443e+06     
5.5751e-01      -2.6070e+01     -3.5306e+02     2.8958e+06     
5.6251e-01      -2.3970e+02     -5.8594e+02     2.9476e+06     
5.6751e-01      9.0305e+01      2.5376e+02      3.0000e+06     
5.7251e-01      1.6408e+02      -1.0416e+02     3.0533e+06     
5.7751e-01      -3.5111e+02     -4.1294e+02     3.1073e+06     
5.8251e-01      -1.4325e+02     5.0141e+02      3.1610e+06     
5.8751e-01      -2.5345e+02     -5.5499e+01     3.2158e+06     
5.9251e-01      -2.5399e+02     1.4754e+02      3.2711e+06     
5.9751e-01      2.6016e+01      1.0677e+02      3.3249e+06     
6.0251e-01      -7.5414e+01     1.7735e+02      3.3828e+06     
6.0751e-01      1.1184e+02      1.3637e+02      3.4392e+06     
6.1251e-01      7.4164e+01      -5.4873e+01     3.4944e+06     
6.1751e-01      -1.6424e+02     2.6328e+01      3.5519e+06     
6.2251e-01      8.7781e+01      3.9789e+02      3.6102e+06     
6.2751e-01      -1.0445e+02     1.9254e+01      3.6677e+06     
6.3251e-01      1.3616e+02      1.9013e+02      3.7272e+06     
