# k P0 P2 modes
3.7538e-03      2.8947e+04      3.9021e+04      7.7000e+01     
8.0504e-03      4.2272e+04      -5.2280e+04     5.4800e+02     
1.2849e-02      3.8944e+04      -1.0742e+03     1.4800e+03     
1.7752e-02      4.2793e+04      2.6159e+04      2.8720e+03     
2.2692e-02      3.1238e+04      1.1074e+04      4.7360e+03     
2.7648e-02      3.2751e+04      8.2346e+01      7.0360e+03     
3.2613e-02      2.6911e+04      6.0355e+03      9.8380e+03     
3.7611e-02      1.9492e+04      1.2372e+03      1.3208e+04     
4.2613e-02      1.5782e+04      7.2322e+03      1.6858e+04     
4.7605e-02      1.9847e+04      6.0679e+03      2.1080e+04     
5.2591e-02      1.7692e+04      1.7658e+04      2.5624e+04     
5.7568e-02      1.6086e+04      1.0728e+04      3.0728e+04     
6.2562e-02      1.5655e+04      9.5032e+03      3.6498e+04     
6.7567e-02      1.4887e+04      9.1756e+03      4.2528e+04     
7.2573e-02      1.2499e+04      4.0878e+03      4.9152e+04     
7.7565e-02      1.1433e+04      8.2107e+03      5.5744e+04     
8.2548e-02      1.1166e+04      3.9421e+03      6.3346e+04     
8.7544e-02      9.2545e+03      2.9481e+03      7.1388e+04     
9.2544e-02      7.8966e+03      4.0495e+03      7.9762e+04     
9.7542e-02      6.7707e+03      3.0681e+03      8.8564e+04     
1.0254e-01      5.3855e+03      -9.8740e+02     9.7988e+04     
1.0754e-01      6.0152e+03      1.8949e+03      1.0771e+05     
1.1254e-01      5.9499e+03      3.8029e+03      1.1795e+05     
1.1753e-01      5.8290e+03      1.3008e+03      1.2829e+05     
1.2252e-01      5.1689e+03      2.1789e+03      1.3977e+05     
1.2753e-01      5.2784e+03      -4.0980e+02     1.5195e+05     
1.3254e-01      5.0681e+03      -2.4497e+02     1.6358e+05     
1.3753e-01      4.3466e+03      2.0847e+03      1.7594e+05     
1.4253e-01      4.2622e+03      2.5639e+03      1.8906e+05     
1.4753e-01      3.4889e+03      -9.9723e+02     2.0282e+05     
1.5253e-01      3.6202e+03      -7.2233e+02     2.1681e+05     
1.5752e-01      2.5598e+03      3.0316e+02      2.3088e+05     
1.6252e-01      2.3834e+03      5.9429e+02      2.4623e+05     
1.6752e-01      2.4264e+03      7.0161e+02      2.6133e+05     
1.7252e-01      2.7508e+03      7.4581e+02      2.7728e+05     
1.7752e-01      2.8662e+03      8.8994e+02      2.9332e+05     
1.8252e-01      2.4809e+03      2.0208e+03      3.1057e+05     
1.8752e-01      1.8699e+03      6.5220e+02      3.2756e+05     
1.9252e-01      2.5219e+03      9.6329e+02      3.4527e+05     
1.9752e-01      1.9687e+03      4.9975e+02      3.6354e+05     
2.0252e-01      1.4151e+03      2.6232e+02      3.8166e+05     
2.0752e-01      1.8891e+03      4.0334e+02      4.0085e+05     
2.1252e-01      2.1016e+03      2.8213e+02      4.2101e+05     
2.1752e-01      2.3339e+03      -3.1745e+02     4.4116e+05     
2.2252e-01      1.4248e+03      8.2573e+02      4.6130e+05     
2.2752e-01      1.2408e+03      3.4378e+02      4.8219e+05     
2.3252e-01      1.1181e+03      4.6025e+02      5.0386e+05     
2.3752e-01      1.2486e+03      3.1419e+02      5.2502e+05     
2.4252e-01      1.2005e+03      5.4032e+02      5.4795e+05     
2.4752e-01      1.3408e+03      1.5789e+02      5.7054e+05     
2.5252e-01      1.1256e+03      9.0715e+01      5.9437e+05     
2.5752e-01      1.2278e+03      1.5696e+03      6.1790e+05     
2.6252e-01      1.5433e+03      1.1779e+03      6.4211e+05     
2.6752e-01      9.3441e+02      -7.3081e+02     6.6611e+05     
2.7251e-01      7.1588e+02      3.5970e+02      6.9179e+05     
2.7752e-01      1.2251e+03      -1.3273e+02     7.1800e+05     
2.8252e-01      9.7059e+02      -1.0029e+02     7.4315e+05     
2.8752e-01      8.9055e+02      -9.3568e+02     7.7019e+05     
2.9251e-01      6.4407e+02      8.9108e+02      7.9643e+05     
2.9751e-01      3.8529e+02      8.2039e+02      8.2482e+05     
3.0251e-01      8.7678e+02      -4.3176e+02     8.5256e+05     
3.0751e-01      7.8101e+02      -1.8770e+02     8.8037e+05     
3.1251e-01      3.9791e+02      3.9661e+02      9.1065e+05     
3.1751e-01      5.8479e+02      1.7474e+02      9.3900e+05     
3.2251e-01      5.8275e+02      2.4154e+02      9.6935e+05     
3.2751e-01      6.4376e+02      2.6896e+02      9.9834e+05     
3.3251e-01      3.2190e+02      -2.3274e+02     1.0299e+06     
3.3751e-01      5.2802e+02      1.0072e+03      1.0619e+06     
3.4251e-01      5.3574e+02      -3.6630e+02     1.0933e+06     
3.4751e-01      2.4466e+02      -3.2277e+02     1.1255e+06     
3.5251e-01      -2.6844e+01     -5.3993e+02     1.1574e+06     
3.5751e-01      7.4141e+00      5.7016e+02      1.1902e+06     
3.6251e-01      1.4816e+02      -4.7593e+02     1.2246e+06     
3.6751e-01      1.0453e+01      -9.5579e+02     1.2579e+06     
3.7251e-01      -3.5391e+01     -1.1141e+03     1.2923e+06     
3.7751e-01      2.1578e+01      -5.3253e+02     1.3285e+06     
3.8251e-01      1.2530e+02      -1.7457e+02     1.3628e+06     
3.8751e-01      1.0605e+02      -1.8497e+02     1.3992e+06     
3.9251e-01      4.5468e+02      -3.0722e+02     1.4344e+06     
3.9751e-01      3.4618e+02      -1.5191e+02     1.4730e+06     
4.0251e-01      2.9839e+02      -3.0086e+02     1.5097e+06     
4.0751e-01      2.6942e+02      -1.0476e+03     1.5466e+06     
4.1251e-01      2.2066e+02      -7.3666e+02     1.5850e+06     
4.1751e-01      -2.8853e+02     -4.8676e+02     1.6236e+06     
4.2251e-01      -5.7625e+01     5.7345e+01      1.6633e+06     
4.2751e-01      2.2698e+02      6.4041e+01      1.7025e+06     
4.3251e-01      3.1097e+02      -2.4375e+02     1.7437e+06     
4.3751e-01      -3.8711e+01     -6.4524e+02     1.7830e+06     
4.4251e-01      -9.1906e+01     2.0585e+01      1.8248e+06     
4.4751e-01      -1.3381e+02     -2.4628e+02     1.8648e+06     
4.5251e-01      -6.6641e+01     -3.1150e+02     1.9067e+06     
4.5751e-01      2.6062e+01      -5.0240e+02     1.9513e+06     
4.6251e-01      1.6802e+02      1.8080e+02      1.9925e+06     
4.6751e-01      1.0959e+02      -4.0501e+02     2.0369e+06     
4.7251e-01      1.7780e+02      -1.2957e+02     2.0795e+06     
4.7751e-01      1.7785e+02      -2.2570e+02     2.1227e+06     
4.8251e-01      3.0377e+02      -1.9519e+02     2.1704e+06     
4.8751e-01      1.5502e+02      1.9472e+02      2.2138e+06     
4.9251e-01      8.0469e+00      4.0417e+02      2.2594e+06     
4.9751e-01      -2.3826e+02     9.9905e+01      2.3053e+06     
5.0251e-01      -2.4402e+02     2.7383e+02      2.3530e+06     
5.0751e-01      -7.1734e+01     3.5802e+01      2.3992e+06     
5.1251e-01      9.9719e+01      -2.7564e+02     2.4464e+06     
5.1751e-01      -7.3047e+00     7.9572e+00      2.4969e+06     
5.2251e-01      -1.6400e+02     -2.1273e+02     2.5441e+06     
5.2751e-01      -1.0170e+02     2.8331e+02      2.5919e+06     
5.3251e-01      -1.0596e+02     1.7264e+02      2.6408e+06     
5.3751e-01      -2.1784e+02     2.3480e+02      2.6923e+06     
5.4251e-01      -1.3083e+02     -7.1437e+02     2.7415e+06     
5.4751e-01      1.5938e+01      -2.9475e+01     2.7933e+06     
5.5251e-01      -1.0428e+02     2.5294e+02      2.8443e+06     
5.5751e-01      -1.1496e+02     1.4623e+02      2.8958e+06     
5.6251e-01      -2.9125e+02     1.0273e+02      2.9476e+06     
5.6751e-01      1.5157e+02      -7.5787e+01     3.0000e+06     
5.7251e-01      1.1258e+02      -2.7170e+02     3.0533e+06     
5.7751e-01      -1.1639e+02     -4.7225e+01     3.1073e+06     
5.8251e-01      -5.3867e+01     -1.3683e+02     3.1610e+06     
5.8751e-01      3.2266e+01      1.0512e+02      3.2158e+06     
5.9251e-01      -3.1320e+01     -6.2468e+01     3.2711e+06     
5.9751e-01      -6.9883e+01     -6.1429e+01     3.3249e+06     
6.0251e-01      2.4680e+01      -4.7065e+01     3.3828e+06     
6.0751e-01      -2.6758e+01     2.6463e+02      3.4392e+06     
6.1251e-01      7.0312e+00      2.3172e+01      3.4944e+06     
6.1751e-01      -2.8359e+00     6.3504e+01      3.5519e+06     
6.2251e-01      -8.7844e+01     -3.4547e+02     3.6102e+06     
6.2751e-01      1.1638e+02      2.0837e+02      3.6677e+06     
6.3251e-01      -1.2175e+02     -2.4010e+02     3.7272e+06     
