# k P0 P2 modes
3.7538e-03      9.9292e+04      2.7171e+04      7.7000e+01     
8.0504e-03      5.5505e+04      -2.4389e+04     5.4800e+02     
1.2849e-02      5.1290e+04      2.8200e+04      1.4800e+03     
1.7752e-02      4.2915e+04      3.4552e+04      2.8720e+03     
2.2692e-02      3.1362e+04      2.1951e+04      4.7360e+03     
2.7648e-02      3.5848e+04      1.5819e+04      7.0360e+03     
3.2613e-02      3.1886e+04      1.3889e+04      9.8380e+03     
3.7611e-02      2.8112e+04      1.5363e+04      1.3208e+04     
4.2613e-02      2.4646e+04      1.5152e+04      1.6858e+04     
4.7605e-02      1.9606e+04      7.9767e+03      2.1080e+04     
5.2591e-02      2.2576e+04      1.1014e+04      2.5624e+04     
5.7568e-02      1.8766e+04      1.0165e+04      3.0728e+04     
6.2562e-02      1.6555e+04      6.2085e+03      3.6498e+04     
6.7567e-02      1.3470e+04      3.6219e+03      4.2528e+04     
7.2573e-02      1.3883e+04      3.3547e+03      4.9152e+04     
7.7565e-02      1.2319e+04      4.7786e+03      5.5744e+04     
8.2548e-02      1.2121e+04      6.2710e+03      6.3346e+04     
8.7544e-02      1.2362e+04      4.2800e+03      7.1388e+04     
9.2544e-02      9.3132e+03      -1.4979e+03     7.9762e+04     
9.7542e-02      8.1471e+03      9.1426e+02      8.8564e+04     
1.0254e-01      5.9490e+03      -7.5924e+02     9.7988e+04     
1.0754e-01      5.0542e+03      5.0498e+03      1.0771e+05     
1.1254e-01      5.3437e+03      1.2525e+03      1.1795e+05     
1.1753e-01      5.9734e+03      2.5500e+03      1.2829e+05     
1.2252e-01      5.5015e+03      1.0146e+03      1.3977e+05     
1.2753e-01      4.9925e+03      2.6094e+03      1.5195e+05     
1.3254e-01      4.9928e+03      1.5600e+03      1.6358e+05     
1.3753e-01      4.3133e+03      1.4754e+03      1.7594e+05     
1.4253e-01      4.0018e+03      1.3814e+03      1.8906e+05     
1.4753e-01      3.8881e+03      8.9836e+02      2.0282e+05     
1.5253e-01      3.2460e+03      2.3871e+03      2.1681e+05     
1.5752e-01      2.9889e+03      4.4243e+02      2.3088e+05     
1.6252e-01      3.3002e+03      3.6287e+02      2.4623e+05     
1.6752e-01      2.9101e+03      -9.3291e+01     2.6133e+05     
1.7252e-01      2.2535e+03      6.1588e+02      2.7728e+05     
1.7752e-01      1.6928e+03      4.7003e+02      2.9332e+05     
1.8252e-01      2.4505e+03      7.4914e+02      3.1057e+05     
1.8752e-01      2.4398e+03      4.8370e+02      3.2756e+05     
1.9252e-01      2.3964e+03      1.2417e+03      3.4527e+05     
1.9752e-01      1.2119e+03      9.2951e+02      3.6354e+05     
2.0252e-01      1.7056e+03      1.2708e+03      3.8166e+05     
2.0752e-01      2.0669e+03      1.3050e+03      4.0085e+05     
2.1252e-01      1.3832e+03      2.3229e+03      4.2101e+05     
2.1752e-01      1.6681e+03      7.9346e+02      4.4116e+05     
2.2252e-01      1.0991e+03      1.2329e+03      4.6130e+05     
2.2752e-01      7.6866e+02      5.7144e+01      4.8219e+05     
2.3252e-01      1.0802e+03      8.8402e+02      5.0386e+05     
2.3752e-01      1.3556e+03      -1.0239e+02     5.2502e+05     
2.4252e-01      1.4907e+03      -8.7781e+00     5.4795e+05     
2.4752e-01      1.5785e+03      -5.4307e+02     5.7054e+05     
2.5252e-01      1.5057e+03      -1.9047e+01     5.9437e+05     
2.5752e-01      1.0859e+03      8.2873e+02      6.1790e+05     
2.6252e-01      1.6377e+03      1.0326e+03      6.4211e+05     
2.6752e-01      6.2034e+02      1.1787e+03      6.6611e+05     
2.7251e-01      5.8625e+02      2.4700e+02      6.9179e+05     
2.7752e-01      5.7643e+02      -3.2097e+02     7.1800e+05     
2.8252e-01      9.4410e+02      -1.0947e+03     7.4315e+05     
2.8752e-01      7.7082e+02      -7.9776e+02     7.7019e+05     
2.9251e-01      4.4414e+02      -1.2443e+03     7.9643e+05     
2.9751e-01      3.6156e+02      -2.0322e+02     8.2482e+05     
3.0251e-01      7.9196e+02      1.0516e+02      8.5256e+05     
3.0751e-01      7.9550e+02      -6.7932e+02     8.8037e+05     
3.1251e-01      5.1777e+02      2.5980e+01      9.1065e+05     
3.1751e-01      8.7490e+02      -3.2337e+02     9.3900e+05     
3.2251e-01      7.1822e+02      -2.3243e+02     9.6935e+05     
3.2751e-01      7.9383e+02      3.2417e+02      9.9834e+05     
3.3251e-01      4.1276e+02      -5.5866e+02     1.0299e+06     
3.3751e-01      5.0818e+02      -2.3759e+02     1.0619e+06     
3.4251e-01      7.1521e+02      2.0202e+02      1.0933e+06     
3.4751e-01      6.1363e+02      -6.4838e+02     1.1255e+06     
3.5251e-01      4.1547e+02      -1.0587e+02     1.1574e+06     
3.5751e-01      3.3046e+02      7.6312e+00      1.1902e+06     
3.6251e-01      -1.0974e+02     -3.9637e+02     1.2246e+06     
3.6751e-01      6.2687e+02      -5.5379e+02     1.2579e+06     
3.7251e-01      4.4270e+02      -2.2494e+02     1.2923e+06     
3.7751e-01      4.0298e+02      -1.8207e+01     1.3285e+06     
3.8251e-01      1.3229e+02      -5.6810e+02     1.3628e+06     
3.8751e-01      1.7776e+02      2.5024e+01      1.3992e+06     
3.9251e-01      2.7806e+02      -5.4633e+02     1.4344e+06     
3.9751e-01      1.6366e+02      2.2773e+02      1.4730e+06     
4.0251e-01      -3.2484e+02     -5.4630e+01     1.5097e+06     
4.0751e-01      1.4152e+02      3.5716e+02      1.5466e+06     
4.1251e-01      4.0791e+02      -3.0449e+02     1.5850e+06     
4.1751e-01      4.2732e+02      3.7300e+02      1.6236e+06     
4.2251e-01      8.7562e+01      -3.3113e+02     1.6633e+06     
4.2751e-01      -1.1923e+02     -2.0912e+02     1.7025e+06     
4.3251e-01      2.7738e+02      1.6063e+00      1.7437e+06     
4.3751e-01      1.4577e+02      2.2594e+02      1.7830e+06     
4.4251e-01      2.5055e+01      4.4778e+02      1.8248e+06     
4.4751e-01      1.8831e+02      -5.3547e+02     1.8648e+06     
4.5251e-01      2.6617e+02      -5.2269e+02     1.9067e+06     
4.5751e-01      3.1052e+02      -1.2707e+02     1.9513e+06     
4.6251e-01      -1.0569e+02     -1.5210e+02     1.9925e+06     
4.6751e-01      -6.9461e+01     3.0779e+00      2.0369e+06     
4.7251e-01      -7.1633e+01     6.1708e+02      2.0795e+06     
4.7751e-01      -2.4232e+02     6.7769e+02      2.1227e+06     
4.8251e-01      -9.9445e+01     3.4559e+02      2.1704e+06     
4.8751e-01      -3.6453e+01     -2.5700e+02     2.2138e+06     
4.9251e-01      1.2819e+02      -5.4309e+02     2.2594e+06     
4.9751e-01      6.4531e+01      -9.2978e+01     2.3053e+06     
5.0251e-01      3.5812e+01      -1.3269e+02     2.3530e+06     
5.0751e-01      3.2375e+01      -5.6520e+02     2.3992e+06     
5.1251e-01      1.3883e+01      -2.4314e+02     2.4464e+06     
5.1751e-01      4.7070e+01      -3.2704e+02     2.4969e+06     
5.2251e-01      -2.1007e+02     8.5485e+01      2.5441e+06     
5.2751e-01      -1.7374e+02     3.9569e+02      2.5919e+06     
5.3251e-01      -3.2918e+02     -2.8890e+02     2.6408e+06     
5.3751e-01      -2.0491e+02     7.9918e+01      2.6923e+06     
5.4251e-01      -8.8977e+01     1.8515e+02      2.7415e+06     
5.4751e-01      -9.4094e+01     2.1851e+01      2.7933e+06     
5.5251e-01      7.9406e+01      -3.8669e+02     2.8443e+06     
5.5751e-01      2.6173e+02      -1.5440e+02     2.8958e+06     
5.6251e-01      2.1719e+01      -3.1203e+02     2.9476e+06     
5.6751e-01      1.7063e+02      3.2906e-02      3.0000e+06     
5.7251e-01      6.0734e+01      -3.0957e+02     3.0533e+06     
5.7751e-01      8.0727e+01      1.1061e+02      3.1073e+06     
5.8251e-01      4.7797e+01      -9.1515e+01     3.1610e+06     
5.8751e-01      5.0109e+01      4.3150e+02      3.2158e+06     
5.9251e-01      -1.4760e+02     1.5841e+02      3.2711e+06     
5.9751e-01      -2.3602e+02     -2.0387e+02     3.3249e+06     
6.0251e-01      -2.4983e+02     -1.0666e+02     3.3828e+06     
6.0751e-01      -9.2375e+01     1.8295e+01      3.4392e+06     
6.1251e-01      -4.1867e+01     8.9499e+01      3.4944e+06     
6.1751e-01      -9.0039e+01     1.2719e+02      3.5519e+06     
6.2251e-01      -1.1234e+02     2.4646e+02      3.6102e+06     
6.2751e-01      -3.5734e+01     1.8822e+02      3.6677e+06     
6.3251e-01      -4.8297e+01     2.0756e+02      3.7272e+06     
