# k P0 P2 modes
3.7538e-03      1.2966e+05      -4.2478e+04     7.7000e+01     
8.0504e-03      5.6047e+04      -1.3285e+04     5.4800e+02     
1.2849e-02      4.0263e+04      -7.3310e+03     1.4800e+03     
1.7752e-02      4.7477e+04      6.1416e+03      2.8720e+03     
2.2692e-02      2.8155e+04      6.5922e+03      4.7360e+03     
2.7648e-02      2.7569e+04      7.2472e+03      7.0360e+03     
3.2613e-02      2.4749e+04      1.1301e+04      9.8380e+03     
3.7611e-02      2.5449e+04      9.1508e+03      1.3208e+04     
4.2613e-02      2.1899e+04      -8.4490e+02     1.6858e+04     
4.7605e-02      1.8395e+04      8.1066e+03      2.1080e+04     
5.2591e-02      1.8253e+04      8.6570e+03      2.5624e+04     
5.7568e-02      1.7574e+04      1.1407e+04      3.0728e+04     
6.2562e-02      1.4666e+04      2.5421e+03      3.6498e+04     
6.7567e-02      1.1406e+04      3.7473e+03      4.2528e+04     
7.2573e-02      1.2651e+04      1.2080e+04      4.9152e+04     
7.7565e-02      1.0834e+04      2.6492e+03      5.5744e+04     
8.2548e-02      8.2624e+03      5.8478e+03      6.3346e+04     
8.7544e-02      8.8010e+03      3.1937e+03      7.1388e+04     
9.2544e-02      9.2013e+03      3.0859e+02      7.9762e+04     
9.7542e-02      8.3838e+03      1.7871e+03      8.8564e+04     
1.0254e-01      7.6262e+03      3.7717e+03      9.7988e+04     
1.0754e-01      6.2675e+03      3.8538e+03      1.0771e+05     
1.1254e-01      6.6142e+03      1.2231e+03      1.1795e+05     
1.1753e-01      6.3191e+03      3.2361e+03      1.2829e+05     
1.2252e-01      4.9363e+03      1.6604e+03      1.3977e+05     
1.2753e-01      5.0422e+03      1.5102e+03      1.5195e+05     
1.3254e-01      6.1227e+03      1.2721e+03      1.6358e+05     
1.3753e-01      6.0789e+03      1.4903e+03      1.7594e+05     
1.4253e-01      4.4188e+03      5.3240e+02      1.8906e+05     
1.4753e-01      3.0439e+03      1.7104e+03      2.0282e+05     
1.5253e-01      3.2118e+03      1.9244e+03      2.1681e+05     
1.5752e-01      3.6470e+03      1.8760e+03      2.3088e+05     
1.6252e-01      2.4338e+03      2.3579e+03      2.4623e+05     
1.6752e-01      2.6052e+03      1.7357e+03      2.6133e+05     
1.7252e-01      2.9591e+03      1.6263e+03      2.7728e+05     
1.7752e-01      2.6288e+03      8.5086e+01      2.9332e+05     
1.8252e-01      2.5152e+03      2.0660e+02      3.1057e+05     
1.8752e-01      2.2972e+03      -4.3310e+02     3.2756e+05     
1.9252e-01      2.4949e+03      7.0694e+02      3.4527e+05     
1.9752e-01      1.9165e+03      -4.1904e+02     3.6354e+05     
2.0252e-01      1.9901e+03      -3.3738e+02     3.8166e+05     
2.0752e-01      1.9332e+03      -1.1949e+03     4.0085e+05     
2.1252e-01      1.9954e+03      -7.6442e+02     4.2101e+05     
2.1752e-01      1.4952e+03      -1.6430e+03     4.4116e+05     
2.2252e-01      1.0797e+03      -4.6120e+02     4.6130e+05     
2.2752e-01      1.1068e+03      -9.5666e+02     4.8219e+05     
2.3252e-01      1.0933e+03      -8.8239e+01     5.0386e+05     
2.3752e-01      4.1205e+02      -9.4660e+02     5.2502e+05     
2.4252e-01      9.5585e+02      -7.9994e+02     5.4795e+05     
2.4752e-01      7.7056e+02      4.1110e+02      5.7054e+05     
2.5252e-01      1.1015e+03      1.2597e+03      5.9437e+05     
2.5752e-01      8.3811e+02      2.7178e+02      6.1790e+05     
2.6252e-01      8.0887e+02      1.9442e+02      6.4211e+05     
2.6752e-01      1.0352e+03      -7.2175e+02     6.6611e+05     
2.7251e-01      1.1121e+03      3.0729e+02      6.9179e+05     
2.7752e-01      1.2135e+03      6.5737e+02      7.1800e+05     
2.8252e-01      7.4003e+02      -5.5306e+02     7.4315e+05     
2.8752e-01      1.1101e+03      -5.5678e+02     7.7019e+05     
2.9251e-01      6.6548e+02      -6.8022e+02     7.9643e+05     
2.9751e-01      7.6824e+02      -8.2847e+02     8.2482e+05     
3.0251e-01      3.9693e+02      1.0187e+03      8.5256e+05     
3.0751e-01      4.3711e+02      3.6915e+02      8.8037e+05     
3.1251e-01      6.1933e+02      8.6937e+02      9.1065e+05     
3.1751e-01      4.0734e+02      -1.9499e+01     9.3900e+05     
3.2251e-01      2.8910e+02      1.1134e+02      9.6935e+05     
3.2751e-01      2.9887e+02      2.7004e+01      9.9834e+05     
3.3251e-01      2.4139e+02      4.4018e+02      1.0299e+06     
3.3751e-01      2.3305e+02      7.2216e+02      1.0619e+06     
3.4251e-01      3.7799e+02      6.0243e+01      1.0933e+06     
3.4751e-01      6.3923e+02      -1.3049e+02     1.1255e+06     
3.5251e-01      6.8038e+02      -3.4190e+01     1.1574e+06     
3.5751e-01      3.3237e+02      -6.6464e+02     1.1902e+06     
3.6251e-01      4.4908e+02      5.4741e+02      1.2246e+06     
3.6751e-01      -1.4630e+02     4.6060e+02      1.2579e+06     
3.7251e-01      -6.9156e+01     -3.1048e+01     1.2923e+06     
3.7751e-01      2.2523e+02      6.2224e+02      1.3285e+06     
3.8251e-01      2.8956e+02      -8.3066e+01     1.3628e+06     
3.8751e-01      4.5750e+02      3.5276e+00      1.3992e+06     
3.9251e-01      4.8028e+02      8.5994e+01      1.4344e+06     
3.9751e-01      4.7677e+02      1.2324e+01      1.4730e+06     
4.0251e-01      4.8616e+02      3.3088e+01      1.5097e+06     
4.0751e-01      -5.4328e+01     2.9278e+02      1.5466e+06     
4.1251e-01      2.7000e+02      5.2137e+02      1.5850e+06     
4.1751e-01      1.3719e+02      1.5594e+02      1.6236e+06     
4.2251e-01      5.9569e+02      4.5684e+02      1.6633e+06     
4.2751e-01      3.1956e+02      1.5618e+02      1.7025e+06     
4.3251e-01      1.4930e+02      -4.4894e+02     1.7437e+06     
4.3751e-01      5.2391e+01      1.1207e+01      1.7830e+06     
4.4251e-01      1.7502e+02      2.3887e+02      1.8248e+06     
4.4751e-01      2.8924e+02      4.2960e+02      1.8648e+06     
4.5251e-01      -5.7734e+00     3.9451e+02      1.9067e+06     
4.5751e-01      2.1972e+02      4.7211e+02      1.9513e+06     
4.6251e-01      1.0865e+02      5.0818e+01      1.9925e+06     
4.6751e-01      -3.0000e+01     3.0271e+02      2.0369e+06     
4.7251e-01      -5.9227e+01     5.9686e+01      2.0795e+06     
4.7751e-01      1.0227e+02      2.2622e+02      2.1227e+06     
4.8251e-01      9.4688e+01      3.0379e+01      2.1704e+06     
4.8751e-01      7.1000e+01      2.6165e+02      2.2138e+06     
4.9251e-01      6.1656e+01      4.2958e+01      2.2594e+06     
4.9751e-01      2.1926e+02      -3.1698e+02     2.3053e+06     
5.0251e-01      1.6375e+02      2.5624e+02      2.3530e+06     
5.0751e-01      1.1171e+02      1.2914e+02      2.3992e+06     
5.1251e-01      1.1677e+02      -4.2042e+02     2.4464e+06     
5.1751e-01      1.8852e+01      -3.9046e+02     2.4969e+06     
5.2251e-01      2.6460e+02      -2.0048e+02     2.5441e+06     
5.2751e-01      2.3656e+01      2.8562e+02      2.5919e+06     
5.3251e-01      3.9945e+01      -2.2723e+01     2.6408e+06     
5.3751e-01      1.7951e+02      4.4325e+02      2.6923e+06     
5.4251e-01      2.5807e+02      4.0887e+02      2.7415e+06     
5.4751e-01      2.0547e+01      5.1870e+02      2.7933e+06     
5.5251e-01      -1.6562e+02     6.9877e+02      2.8443e+06     
5.5751e-01      -2.5232e+02     1.6561e+02      2.8958e+06     
5.6251e-01      -2.2680e+01     5.3415e+02      2.9476e+06     
5.6751e-01      3.5648e+01      5.5333e+02      3.0000e+06     
5.7251e-01      1.7909e+02      2.4289e+02      3.0533e+06     
5.7751e-01      1.7766e+02      1.0988e+02      3.1073e+06     
5.8251e-01      9.4836e+01      -1.4477e+02     3.1610e+06     
5.8751e-01      8.0625e+00      1.7213e+02      3.2158e+06     
5.9251e-01      -1.1818e+02     2.1269e+02      3.2711e+06     
5.9751e-01      -1.2211e+02     9.9294e+02      3.3249e+06     
6.0251e-01      -1.9062e+00     4.8174e+02      3.3828e+06     
6.0751e-01      -6.0797e+01     -2.3431e+01     3.4392e+06     
6.1251e-01      -2.0781e+02     4.9438e+01      3.4944e+06     
6.1751e-01      -1.0898e+01     2.1416e+02      3.5519e+06     
6.2251e-01      -1.9655e+02     2.4873e+01      3.6102e+06     
6.2751e-01      -2.2672e+01     3.9600e+02      3.6677e+06     
6.3251e-01      1.3752e+02      1.7110e+02      3.7272e+06     
