# k P0 P2 modes
3.7538e-03      5.5420e+04      5.6063e+04      7.7000e+01     
8.0504e-03      2.3871e+04      -9.7110e+03     5.4800e+02     
1.2849e-02      4.4875e+04      -3.0312e+03     1.4800e+03     
1.7752e-02      3.8415e+04      -5.9687e+03     2.8720e+03     
2.2692e-02      4.1461e+04      2.3125e+04      4.7360e+03     
2.7648e-02      3.2550e+04      1.3171e+04      7.0360e+03     
3.2613e-02      2.6154e+04      1.2140e+04      9.8380e+03     
3.7611e-02      2.3029e+04      3.7003e+03      1.3208e+04     
4.2613e-02      2.1165e+04      2.7921e+03      1.6858e+04     
4.7605e-02      2.2441e+04      -2.9447e+03     2.1080e+04     
5.2591e-02      1.8104e+04      1.1540e+04      2.5624e+04     
5.7568e-02      1.6766e+04      9.6233e+03      3.0728e+04     
6.2562e-02      1.5022e+04      8.4334e+03      3.6498e+04     
6.7567e-02      1.4704e+04      2.4728e+03      4.2528e+04     
7.2573e-02      1.2200e+04      4.1253e+03      4.9152e+04     
7.7565e-02      1.3222e+04      1.6227e+03      5.5744e+04     
8.2548e-02      1.2119e+04      -3.7391e+02     6.3346e+04     
8.7544e-02      9.9874e+03      2.7139e+03      7.1388e+04     
9.2544e-02      8.8748e+03      5.4004e+03      7.9762e+04     
9.7542e-02      7.8406e+03      2.5067e+03      8.8564e+04     
1.0254e-01      9.1393e+03      3.2808e+03      9.7988e+04     
1.0754e-01      6.8565e+03      -6.0657e+02     1.0771e+05     
1.1254e-01      7.0146e+03      3.1070e+03      1.1795e+05     
1.1753e-01      6.5844e+03      3.6023e+03      1.2829e+05     
1.2252e-01      5.8555e+03      3.8305e+02      1.3977e+05     
1.2753e-01      5.4535e+03      -1.4679e+03     1.5195e+05     
1.3254e-01      5.3922e+03      2.0551e+02      1.6358e+05     
1.3753e-01      5.0598e+03      2.2094e+03      1.7594e+05     
1.4253e-01      4.7160e+03      7.0568e+02      1.8906e+05     
1.4753e-01      4.7756e+03      6.7212e+02      2.0282e+05     
1.5253e-01      3.3343e+03      2.5654e+03      2.1681e+05     
1.5752e-01      2.6587e+03      4.4889e+02      2.3088e+05     
1.6252e-01      2.5399e+03      8.0303e+02      2.4623e+05     
1.6752e-01      2.5687e+03      1.6105e+03      2.6133e+05     
1.7252e-01      2.7128e+03      1.4720e+03      2.7728e+05     
1.7752e-01      2.4668e+03      -5.7274e+02     2.9332e+05     
1.8252e-01      2.3304e+03      -1.0603e+01     3.1057e+05     
1.8752e-01      2.2882e+03      1.2475e+03      3.2756e+05     
1.9252e-01      1.8048e+03      5.9715e+02      3.4527e+05     
1.9752e-01      2.3430e+03      -3.3592e+02     3.6354e+05     
2.0252e-01      1.9847e+03      -4.2933e+02     3.8166e+05     
2.0752e-01      1.3497e+03      -7.9855e+02     4.0085e+05     
2.1252e-01      1.4027e+03      -1.3899e+02     4.2101e+05     
2.1752e-01      1.7467e+03      -1.4454e+03     4.4116e+05     
2.2252e-01      1.7179e+03      4.8719e+01      4.6130e+05     
2.2752e-01      1.4699e+03      2.7728e+02      4.8219e+05     
2.3252e-01      1.3698e+03      6.4896e+02      5.0386e+05     
2.3752e-01      1.2663e+03      1.3587e+02      5.2502e+05     
2.4252e-01      1.1904e+03      -4.0055e+02     5.4795e+05     
2.4752e-01      1.0820e+03      -4.0612e+02     5.7054e+05     
2.5252e-01      1.5806e+03      -2.6788e+02     5.9437e+05     
2.5752e-01      1.5783e+03      -5.0408e+02     6.1790e+05     
2.6252e-01      9.1898e+02      7.6356e+01      6.4211e+05     
2.6752e-01      6.0218e+02      1.1029e+02      6.6611e+05     
2.7251e-01      6.0785e+02      6.7089e+02      6.9179e+05     
2.7752e-01      1.0823e+03      9.6377e+02      7.1800e+05     
2.8252e-01      7.1753e+02      3.5492e+02      7.4315e+05     
2.8752e-01      7.8286e+02      -3.6690e+02     7.7019e+05     
2.9251e-01      6.9730e+02      -3.3527e+02     7.9643e+05     
2.9751e-01      8.9582e+02      9.0977e+01      8.2482e+05     
3.0251e-01      9.9640e+02      -5.5393e+02     8.5256e+05     
3.0751e-01      6.9930e+02      4.2209e+01      8.8037e+05     
3.1251e-01      3.2231e+02      3.7624e+02      9.1065e+05     
3.1751e-01      7.5285e+02      3.9664e+02      9.3900e+05     
3.2251e-01      4.5733e+02      4.8911e+02      9.6935e+05     
3.2751e-01      5.5438e+02      -7.1169e+02     9.9834e+05     
3.3251e-01      8.2725e+02      4.2415e+02      1.0299e+06     
3.3751e-01      6.9048e+02      -4.7415e+02     1.0619e+06     
3.4251e-01      2.9507e+02      -7.5405e+02     1.0933e+06     
3.4751e-01      4.0551e+02      -7.1748e+02     1.1255e+06     
3.5251e-01      7.9460e+02      -2.1416e+02     1.1574e+06     
3.5751e-01      2.7808e+02      -6.8881e+01     1.1902e+06     
3.6251e-01      4.2126e+02      -1.8119e+02     1.2246e+06     
3.6751e-01      3.2641e+02      1.7316e+02      1.2579e+06     
3.7251e-01      3.3203e+02      1.7714e+02      1.2923e+06     
3.7751e-01      2.5833e+02      1.6427e+02      1.3285e+06     
3.8251e-01      2.2429e+02      3.1270e+02      1.3628e+06     
3.8751e-01      2.5572e+02      5.4945e+01      1.3992e+06     
3.9251e-01      9.5000e+00      3.8814e+02      1.4344e+06     
3.9751e-01      9.2297e+01      -4.1374e+02     1.4730e+06     
4.0251e-01      1.4164e+02      -7.2628e+02     1.5097e+06     
4.0751e-01      6.8055e+01      2.8660e+01      1.5466e+06     
4.1251e-01      4.7492e+01      -4.8385e+02     1.5850e+06     
4.1751e-01      2.8353e+02      -4.6052e+02     1.6236e+06     
4.2251e-01      -2.0969e+01     -8.4702e+01     1.6633e+06     
4.2751e-01      2.5162e+02      -4.9704e+01     1.7025e+06     
4.3251e-01      2.1967e+02      -5.7648e+01     1.7437e+06     
4.3751e-01      3.3076e+02      -5.0752e+02     1.7830e+06     
4.4251e-01      2.5815e+02      2.1377e+02      1.8248e+06     
4.4751e-01      2.4043e+02      -1.9124e+02     1.8648e+06     
4.5251e-01      2.8195e+01      -7.2241e+02     1.9067e+06     
4.5751e-01      -1.4561e+02     -4.5732e+02     1.9513e+06     
4.6251e-01      2.7644e+02      2.9754e+01      1.9925e+06     
4.6751e-01      2.2816e+02      -4.6984e+01     2.0369e+06     
4.7251e-01      1.6603e+02      -2.6175e+02     2.0795e+06     
4.7751e-01      -8.6992e+01     -1.6931e+02     2.1227e+06     
4.8251e-01      -5.9492e+01     3.0759e+02      2.1704e+06     
4.8751e-01      -3.6375e+01     3.6281e+02      2.2138e+06     
4.9251e-01      -2.4880e+02     1.4922e+02      2.2594e+06     
4.9751e-01      -8.4727e+01     3.8918e+01      2.3053e+06     
5.0251e-01      9.5445e+01      1.8064e+02      2.3530e+06     
5.0751e-01      -1.7664e+01     2.8312e+01      2.3992e+06     
5.1251e-01      8.1344e+01      3.7040e+02      2.4464e+06     
5.1751e-01      -2.9273e+01     -2.1571e+02     2.4969e+06     
5.2251e-01      -1.1723e+02     -2.4971e+00     2.5441e+06     
5.2751e-01      -4.5070e+01     2.1129e+02      2.5919e+06     
5.3251e-01      -2.7086e+01     -2.9538e+02     2.6408e+06     
5.3751e-01      -1.1425e+02     6.1202e+02      2.6923e+06     
5.4251e-01      -1.9059e+02     1.7450e+02      2.7415e+06     
5.4751e-01      2.2947e+02      3.1175e+02      2.7933e+06     
5.5251e-01      3.4530e+02      -4.8579e+02     2.8443e+06     
5.5751e-01      1.0254e+02      -4.4878e+01     2.8958e+06     
5.6251e-01      1.3039e+01      4.0319e+02      2.9476e+06     
5.6751e-01      2.4362e+02      7.3473e+01      3.0000e+06     
5.7251e-01      1.5581e+02      -2.0247e+02     3.0533e+06     
5.7751e-01      1.6584e+02      6.1749e+01      3.1073e+06     
5.8251e-01      1.0870e+02      -2.9555e+02     3.1610e+06     
5.8751e-01      -7.5484e+01     -5.2334e+02     3.2158e+06     
5.9251e-01      3.7500e-01      4.4646e+01      3.2711e+06     
5.9751e-01      -2.0609e+01     1.0388e+02      3.3249e+06     
6.0251e-01      2.6609e+01      3.3501e+02      3.3828e+06     
6.0751e-01      5.2305e+01      4.0790e+02      3.4392e+06     
6.1251e-01      1.1016e+00      3.7523e+01      3.4944e+06     
6.1751e-01      5.8594e-01      -2.8520e+02     3.5519e+06     
6.2251e-01      9.6836e+01      -2.1286e+02     3.6102e+06     
6.2751e-01      7.7438e+01      1.7285e+02      3.6677e+06     
6.3251e-01      2.0431e+02      4.4889e+02      3.7272e+06     
