# k P0 P2 modes
3.7081e-03      1.8964e+04      2.2625e+04      1.9100e+02     
8.0186e-03      1.4884e+04      -1.1875e+04     1.3800e+03     
1.2844e-02      4.8469e+04      2.3349e+04      3.7700e+03     
1.7751e-02      3.4136e+04      5.6670e+03      7.2560e+03     
2.2691e-02      3.0120e+04      5.7039e+03      1.2010e+04     
2.7661e-02      3.4371e+04      1.1722e+04      1.7924e+04     
3.2632e-02      2.4119e+04      9.0149e+03      2.4910e+04     
3.7609e-02      2.4841e+04      1.5964e+04      3.3240e+04     
4.2590e-02      2.1515e+04      2.4260e+03      4.2566e+04     
4.7584e-02      2.3071e+04      3.4879e+03      5.3478e+04     
5.2589e-02      2.1521e+04      4.9030e+03      6.5258e+04     
5.7577e-02      1.8919e+04      8.9532e+03      7.7788e+04     
6.2568e-02      1.5967e+04      8.8710e+03      9.2438e+04     
6.7564e-02      1.6013e+04      -2.0716e+03     1.0741e+05     
7.2559e-02      1.3491e+04      5.9858e+03      1.2424e+05     
7.7553e-02      1.1285e+04      8.1079e+03      1.4157e+05     
8.2549e-02      1.0278e+04      4.8655e+02      1.6089e+05     
8.7547e-02      1.0515e+04      1.5527e+03      1.8054e+05     
9.2542e-02      9.1628e+03      2.7661e+03      2.0200e+05     
9.7542e-02      8.3614e+03      8.8294e+02      2.2454e+05     
1.0254e-01      8.6541e+03      2.9670e+03      2.4804e+05     
1.0754e-01      7.6224e+03      3.7264e+03      2.7288e+05     
1.1254e-01      7.3745e+03      1.0540e+02      2.9859e+05     
1.1754e-01      6.8757e+03      1.0036e+03      3.2592e+05     
1.2254e-01      5.9606e+03      1.6284e+03      3.5433e+05     
1.2753e-01      6.5053e+03      1.8624e+03      3.8342e+05     
1.3253e-01      6.0051e+03      1.1923e+03      4.1423e+05     
1.3753e-01      4.5631e+03      6.6816e+01      4.4637e+05     
1.4253e-01      3.9419e+03      1.5226e+03      4.7956e+05     
1.4753e-01      3.4697e+03      1.1614e+02      5.1353e+05     
1.5253e-01      3.8411e+03      -3.0016e+02     5.4893e+05     
1.5753e-01      3.7317e+03      6.4988e+02      5.8555e+05     
1.6253e-01      3.2015e+03      4.6598e+01      6.2309e+05     
1.6753e-01      3.0608e+03      -1.4500e+02     6.6262e+05     
1.7253e-01      2.9677e+03      7.5387e+02      7.0167e+05     
1.7752e-01      3.2342e+03      2.1844e+02      7.4376e+05     
1.8252e-01      3.2786e+03      2.8059e+02      7.8562e+05     
1.8752e-01      2.5778e+03      -4.6476e+02     8.3010e+05     
1.9252e-01      2.1780e+03      4.2094e+02      8.7442e+05     
1.9752e-01      2.2787e+03      1.3494e+03      9.2068e+05     
2.0252e-01      1.9918e+03      7.3160e+02      9.6772e+05     
2.0752e-01      2.0170e+03      4.8799e+02      1.0166e+06     
2.1252e-01      1.4321e+03      7.3179e+02      1.0655e+06     
2.1752e-01      1.4382e+03      1.3577e+03      1.1167e+06     
2.2252e-01      1.9018e+03      1.3260e+03      1.1679e+06     
2.2752e-01      1.2524e+03      1.0604e+03      1.2220e+06     
2.3252e-01      9.8960e+02      8.1158e+02      1.2756e+06     
2.3752e-01      1.0352e+03      -6.4508e+02     1.3322e+06     
2.4252e-01      1.4991e+03      5.4164e+02      1.3876e+06     
2.4752e-01      7.8876e+02      -7.8717e+02     1.4460e+06     
2.5252e-01      1.1533e+03      7.1793e+00      1.5040e+06     
2.5752e-01      1.3248e+03      4.1007e+02      1.5648e+06     
2.6252e-01      9.7016e+02      1.3534e+03      1.6261e+06     
2.6751e-01      5.5909e+02      2.6655e+02      1.6885e+06     
2.7251e-01      8.1442e+02      1.4091e+03      1.7529e+06     
2.7751e-01      4.2566e+02      7.3477e+02      1.8179e+06     
2.8252e-01      3.7209e+02      -4.9647e+00     1.8833e+06     
2.8752e-01      1.0653e+03      1.6598e+02      1.9511e+06     
2.9251e-01      6.6310e+02      5.1872e+02      2.0185e+06     
2.9751e-01      4.6927e+02      1.0244e+03      2.0886e+06     
3.0251e-01      6.1813e+02      1.9270e+02      2.1598e+06     
3.0751e-01      8.3165e+02      9.8637e+01      2.2320e+06     
3.1251e-01      8.3901e+02      1.9377e+02      2.3040e+06     
3.1751e-01      5.1834e+02      3.0505e+02      2.3796e+06     
3.2251e-01      5.4949e+02      4.1127e+02      2.4550e+06     
3.2751e-01      4.9456e+02      -3.8047e+02     2.5320e+06     
3.3251e-01      5.2284e+02      -1.4967e+02     2.6095e+06     
3.3751e-01      5.2562e+02      -1.4061e+02     2.6876e+06     
3.4251e-01      4.6450e+02      3.2321e+02      2.7682e+06     
3.4751e-01      2.9188e+02      8.3116e+00      2.8494e+06     
3.5251e-01      2.2218e+02      -3.7002e+02     2.9332e+06     
3.5751e-01      2.1446e+02      -1.0352e+02     3.0162e+06     
3.6251e-01      5.7864e+02      2.5682e+01      3.1017e+06     
3.6751e-01      2.5377e+02      8.3342e+01      3.1877e+06     
3.7251e-01      4.3980e+02      -1.4014e+02     3.2753e+06     
3.7751e-01      2.2716e+02      -3.1053e+02     3.3626e+06     
3.8251e-01      1.9259e+02      -1.0466e+03     3.4523e+06     
3.8751e-01      3.2408e+02      5.5878e+02      3.5442e+06     
3.9251e-01      3.3668e+02      4.2975e+02      3.6361e+06     
3.9751e-01      2.6377e+02      -7.6014e+01     3.7286e+06     
4.0251e-01      -1.8217e+02     7.0262e+01      3.8232e+06     
4.0751e-01      -1.8328e+01     -3.0240e+02     3.9189e+06     
4.1251e-01      1.1890e+02      2.7181e+01      4.0169e+06     
4.1751e-01      4.9523e+01      3.4311e+02      4.1126e+06     
4.2251e-01      9.1602e+01      2.5158e+02      4.2134e+06     
4.2751e-01      1.1857e+02      6.8148e+02      4.3129e+06     
4.3251e-01      1.1640e+02      1.4773e+02      4.4155e+06     
4.3751e-01      4.1570e+02      1.1127e+02      4.5171e+06     
4.4251e-01      1.8127e+02      -6.0212e+02     4.6208e+06     
4.4751e-01      2.5879e+02      -1.3317e+02     4.7267e+06     
4.5251e-01      3.8777e+02      8.3874e+02      4.8327e+06     
4.5751e-01      2.1007e+02      4.2483e+02      4.9386e+06     
4.6251e-01      9.4133e+01      7.4661e+01      5.0482e+06     
