# k P0 P2 modes
3.7054e-03      4.5770e+04      4.1941e+04      8.3000e+01     
8.0027e-03      2.2916e+04      2.8135e+04      5.9600e+02     
1.2850e-02      4.7796e+04      3.0788e+04      1.6480e+03     
1.7764e-02      4.7999e+04      1.7849e+04      3.1560e+03     
2.2684e-02      3.2567e+04      -8.0343e+02     5.1760e+03     
2.7646e-02      3.0432e+04      1.8203e+04      7.8040e+03     
3.2636e-02      2.6432e+04      1.9370e+04      1.0874e+04     
3.7623e-02      2.1130e+04      1.1679e+04      1.4442e+04     
4.2607e-02      1.6781e+04      -3.7793e+03     1.8544e+04     
4.7584e-02      1.8343e+04      4.1133e+03      2.3040e+04     
5.2572e-02      1.9066e+04      5.4142e+03      2.8366e+04     
5.7566e-02      1.4554e+04      4.9917e+03      3.3818e+04     
6.2559e-02      1.3663e+04      1.4289e+03      4.0130e+04     
6.7563e-02      1.5271e+04      4.0276e+03      4.6838e+04     
7.2561e-02      1.1319e+04      2.4046e+03      5.3826e+04     
7.7552e-02      1.2459e+04      -1.4227e+03     6.1584e+04     
8.2550e-02      1.4639e+04      -3.5627e+01     6.9864e+04     
8.7545e-02      1.0167e+04      4.7601e+03      7.8404e+04     
9.2544e-02      7.9927e+03      5.7313e+03      8.7902e+04     
9.7542e-02      7.1052e+03      4.1154e+03      9.7310e+04     
1.0253e-01      6.7378e+03      3.4522e+03      1.0772e+05     
1.0754e-01      6.8018e+03      3.3394e+03      1.1865e+05     
1.1254e-01      6.3724e+03      2.3192e+03      1.2991e+05     
1.1754e-01      5.6494e+03      -9.0024e+02     1.4138e+05     
1.2253e-01      5.1894e+03      1.6714e+03      1.5396e+05     
1.2753e-01      5.3427e+03      2.1414e+03      1.6672e+05     
1.3253e-01      5.0831e+03      1.4470e+03      1.7981e+05     
1.3753e-01      5.1323e+03      2.2756e+03      1.9428e+05     
1.4253e-01      4.1405e+03      2.2289e+03      2.0777e+05     
1.4753e-01      3.2612e+03      1.3793e+03      2.2328e+05     
1.5253e-01      4.0754e+03      1.0883e+03      2.3850e+05     
1.5753e-01      3.6486e+03      1.0158e+03      2.5444e+05     
1.6253e-01      3.1928e+03      1.3039e+03      2.7068e+05     
1.6753e-01      2.0511e+03      6.8441e+02      2.8771e+05     
1.7253e-01      2.4038e+03      -1.3720e+03     3.0520e+05     
1.7753e-01      2.1576e+03      6.0065e+02      3.2301e+05     
1.8253e-01      2.1418e+03      1.7390e+03      3.4181e+05     
1.8753e-01      2.3624e+03      1.1762e+03      3.6002e+05     
1.9252e-01      2.1012e+03      1.0856e+03      3.7973e+05     
1.9752e-01      1.7970e+03      -6.0401e+02     3.9966e+05     
2.0251e-01      1.7152e+03      8.6394e+02      4.2032e+05     
2.0752e-01      1.1782e+03      -3.5788e+02     4.4207e+05     
2.1252e-01      1.5367e+03      1.1903e+02      4.6264e+05     
2.1752e-01      1.4309e+03      7.5608e+02      4.8582e+05     
2.2252e-01      1.2728e+03      5.8564e+02      5.0730e+05     
2.2752e-01      1.0089e+03      5.2770e+02      5.3078e+05     
2.3252e-01      1.0842e+03      1.4666e+02      5.5452e+05     
2.3752e-01      1.4189e+03      -6.3137e+02     5.7801e+05     
2.4252e-01      9.2875e+02      -1.3955e+01     6.0327e+05     
2.4752e-01      8.0681e+02      3.9265e+02      6.2775e+05     
2.5252e-01      6.9563e+02      -4.4211e+02     6.5330e+05     
2.5751e-01      9.0330e+02      3.7338e+02      6.7990e+05     
2.6251e-01      8.7391e+02      4.4434e+02      7.0609e+05     
2.6751e-01      5.3916e+02      2.1913e+02      7.3426e+05     
2.7251e-01      9.8506e+02      4.1526e+02      7.6119e+05     
2.7751e-01      9.2429e+02      1.8547e+02      7.8997e+05     
2.8252e-01      7.8402e+02      -3.5269e+02     8.1825e+05     
2.8751e-01      9.0228e+02      1.2973e+02      8.4702e+05     
2.9251e-01      6.2826e+02      -4.0557e+01     8.7700e+05     
2.9751e-01      6.2676e+02      4.5673e+02      9.0860e+05     
3.0252e-01      7.0725e+02      8.5858e+02      9.3780e+05     
3.0752e-01      6.7849e+02      5.6201e+02      9.6971e+05     
3.1251e-01      3.3647e+02      1.7504e+02      9.9996e+05     
3.1751e-01      1.7082e+02      -3.3210e+02     1.0341e+06     
3.2251e-01      5.2034e+02      -5.9872e+02     1.0664e+06     
3.2751e-01      7.0143e+02      1.1018e+02      1.1003e+06     
3.3251e-01      3.7413e+02      8.2947e+01      1.1331e+06     
3.3751e-01      2.4159e+02      7.6616e+01      1.1681e+06     
3.4251e-01      1.7584e+02      -3.4495e+00     1.2033e+06     
3.4751e-01      3.9252e+02      8.6762e+02      1.2379e+06     
3.5251e-01      3.9530e+02      -3.5147e+02     1.2741e+06     
3.5751e-01      3.9395e+02      7.3907e+01      1.3102e+06     
3.6251e-01      4.7804e+02      -8.7519e+00     1.3469e+06     
3.6751e-01      3.1182e+02      -2.8993e+02     1.3853e+06     
3.7251e-01      2.7499e+02      -8.8373e+01     1.4223e+06     
3.7751e-01      2.8744e+02      2.4056e+02      1.4612e+06     
3.8251e-01      -4.1172e+00     9.3886e+01      1.4995e+06     
3.8751e-01      1.4634e+02      -4.3612e+02     1.5397e+06     
3.9251e-01      2.5992e+01      -4.4511e+02     1.5799e+06     
3.9751e-01      3.6173e+02      6.8296e+00      1.6194e+06     
4.0251e-01      1.5472e+02      -1.3200e+02     1.6615e+06     
4.0751e-01      -1.2559e+02     1.6964e+02      1.7017e+06     
4.1251e-01      1.7234e+02      9.8871e+01      1.7450e+06     
4.1751e-01      2.8882e+02      -2.3069e+02     1.7875e+06     
4.2251e-01      -2.3008e+01     -5.0284e+02     1.8304e+06     
4.2751e-01      3.7161e+02      -2.7654e+02     1.8737e+06     
4.3251e-01      1.4122e+02      2.6169e+02      1.9186e+06     
4.3751e-01      3.3008e+01      8.5391e+01      1.9624e+06     
4.4251e-01      8.2031e-01      -4.6372e+02     2.0069e+06     
4.4751e-01      8.5766e+01      3.2160e+02      2.0536e+06     
4.5251e-01      3.6503e+02      2.2853e+02      2.0998e+06     
4.5751e-01      1.4461e+02      2.3654e+02      2.1451e+06     
4.6251e-01      1.3066e+02      9.9703e+01      2.1922e+06     
4.6751e-01      -1.0135e+02     -1.5080e+02     2.2404e+06     
4.7251e-01      -2.0466e+02     -5.5360e+02     2.2901e+06     
4.7751e-01      2.4498e+02      -2.6862e+02     2.3384e+06     
4.8251e-01      2.6159e+02      1.7472e+02      2.3869e+06     
4.8751e-01      1.4727e+01      4.3667e+02      2.4358e+06     
4.9251e-01      3.0055e+01      6.2357e+02      2.4872e+06     
4.9751e-01      2.3066e+02      3.8585e+02      2.5389e+06     
5.0251e-01      4.3461e+01      1.0646e+02      2.5888e+06     
5.0751e-01      -4.5797e+01     -6.4391e+02     2.6410e+06     
5.1251e-01      1.8134e+02      -8.2943e+01     2.6914e+06     
5.1751e-01      3.1555e+01      1.0434e+02      2.7449e+06     
5.2251e-01      7.5406e+01      4.3210e+02      2.8001e+06     
5.2751e-01      8.6062e+01      -1.9503e+02     2.8530e+06     
5.3251e-01      -7.3352e+01     -4.8948e+01     2.9080e+06     
5.3751e-01      2.0027e+02      -4.4626e+02     2.9615e+06     
5.4251e-01      -2.3164e+01     -1.7229e+02     3.0181e+06     
5.4751e-01      2.9836e+01      -1.3272e+01     3.0734e+06     
5.5251e-01      1.5255e+02      1.9339e+02      3.1297e+06     
5.5751e-01      1.7508e+02      6.6892e+01      3.1876e+06     
5.6251e-01      1.2108e+02      3.9784e+02      3.2433e+06     
5.6751e-01      6.2961e+01      9.1094e+01      3.3011e+06     
5.7251e-01      9.6328e+01      2.7913e+02      3.3601e+06     
