# k P0 P2 modes
3.7081e-03      8.2021e+03      -3.3345e+04     1.9100e+02     
8.0186e-03      3.4607e+04      5.1651e+04      1.3800e+03     
1.2844e-02      3.3353e+04      2.2445e+04      3.7700e+03     
1.7751e-02      3.1757e+04      2.6120e+04      7.2560e+03     
2.2691e-02      2.7742e+04      1.6470e+04      1.2010e+04     
2.7661e-02      2.8856e+04      2.1397e+04      1.7924e+04     
3.2632e-02      2.8169e+04      1.2374e+04      2.4910e+04     
3.7609e-02      2.1243e+04      1.4637e+04      3.3240e+04     
4.2590e-02      1.8430e+04      1.6453e+04      4.2566e+04     
4.7584e-02      2.2180e+04      1.3577e+04      5.3478e+04     
5.2589e-02      1.6731e+04      6.4052e+03      6.5258e+04     
5.7577e-02      1.5874e+04      9.5844e+03      7.7788e+04     
6.2568e-02      1.3878e+04      2.4980e+03      9.2438e+04     
6.7564e-02      1.5301e+04      5.2554e+03      1.0741e+05     
7.2559e-02      1.4401e+04      2.9343e+03      1.2424e+05     
7.7553e-02      1.1962e+04      5.2686e+03      1.4157e+05     
8.2549e-02      1.0066e+04      7.2578e+03      1.6089e+05     
8.7547e-02      9.3019e+03      2.0301e+03      1.8054e+05     
9.2542e-02      7.6452e+03      1.1131e+03      2.0200e+05     
9.7542e-02      7.4137e+03      3.6403e+03      2.2454e+05     
1.0254e-01      7.1674e+03      4.2084e+03      2.4804e+05     
1.0754e-01      7.1865e+03      4.4057e+03      2.7288e+05     
1.1254e-01      6.7640e+03      2.0336e+03      2.9859e+05     
1.1754e-01      5.9128e+03      3.7564e+02      3.2592e+05     
1.2254e-01      5.3833e+03      2.2790e+03      3.5433e+05     
1.2753e-01      5.3885e+03      1.9272e+03      3.8342e+05     
1.3253e-01      5.7285e+03      1.9334e+03      4.1423e+05     
1.3753e-01      4.6370e+03      2.1147e+03      4.4637e+05     
1.4253e-01      4.0793e+03      7.5943e+02      4.7956e+05     
1.4753e-01      3.9524e+03      1.1748e+03      5.1353e+05     
1.5253e-01      3.2039e+03      1.0862e+03      5.4893e+05     
1.5753e-01      2.2623e+03      4.6472e+02      5.8555e+05     
1.6253e-01      3.5531e+03      2.0554e+03      6.2309e+05     
1.6753e-01      2.8071e+03      2.4429e+03      6.6262e+05     
1.7253e-01      2.3738e+03      1.4311e+03      7.0167e+05     
1.7752e-01      2.2952e+03      -3.7812e+02     7.4376e+05     
1.8252e-01      2.3886e+03      -3.0355e+02     7.8562e+05     
1.8752e-01      2.5681e+03      -1.5886e+02     8.3010e+05     
1.9252e-01      2.2510e+03      1.4101e+02      8.7442e+05     
1.9752e-01      2.2416e+03      7.3978e+02      9.2068e+05     
2.0252e-01      1.9108e+03      -8.4969e+02     9.6772e+05     
2.0752e-01      1.7623e+03      3.7877e+02      1.0166e+06     
2.1252e-01      1.9264e+03      5.6504e+02      1.0655e+06     
2.1752e-01      1.5722e+03      -2.7539e+02     1.1167e+06     
2.2252e-01      1.0513e+03      -2.4877e+02     1.1679e+06     
2.2752e-01      9.2105e+02      1.0719e+03      1.2220e+06     
2.3252e-01      1.2488e+03      1.2760e+03      1.2756e+06     
2.3752e-01      1.2048e+03      1.3457e+03      1.3322e+06     
2.4252e-01      7.3752e+02      3.3784e+01      1.3876e+06     
2.4752e-01      1.0699e+03      7.8088e+02      1.4460e+06     
2.5252e-01      1.0904e+03      6.6677e+02      1.5040e+06     
2.5752e-01      1.0078e+03      -1.6015e+02     1.5648e+06     
2.6252e-01      1.0667e+03      -3.8606e+02     1.6261e+06     
2.6751e-01      8.7234e+02      3.8974e+02      1.6885e+06     
2.7251e-01      1.2151e+03      5.8169e+02      1.7529e+06     
2.7751e-01      6.3683e+02      7.4689e+02      1.8179e+06     
2.8252e-01      5.0974e+02      8.8927e+02      1.8833e+06     
2.8752e-01      5.5264e+02      -4.1833e+02     1.9511e+06     
2.9251e-01      -1.8359e+01     -4.6179e+02     2.0185e+06     
2.9751e-01      4.3992e+02      6.5741e+02      2.0886e+06     
3.0251e-01      5.9509e+02      1.3485e+03      2.1598e+06     
3.0751e-01      4.7217e+02      -5.3288e+02     2.2320e+06     
3.1251e-01      5.0473e+02      -1.3232e+02     2.3040e+06     
3.1751e-01      4.5275e+02      -6.6218e+02     2.3796e+06     
3.2251e-01      4.3545e+02      -3.1721e+02     2.4550e+06     
3.2751e-01      6.8027e+02      -3.6310e+02     2.5320e+06     
3.3251e-01      8.1582e+02      -8.0169e+01     2.6095e+06     
3.3751e-01      8.9699e+02      1.4274e+02      2.6876e+06     
3.4251e-01      5.9680e+02      2.1810e+02      2.7682e+06     
3.4751e-01      4.6007e+02      5.8348e+02      2.8494e+06     
3.5251e-01      1.3837e+02      5.0767e+02      2.9332e+06     
3.5751e-01      3.3769e+02      -2.8332e+02     3.0162e+06     
3.6251e-01      5.5918e+02      -1.2512e+02     3.1017e+06     
3.6751e-01      2.3920e+02      -6.3571e+02     3.1877e+06     
3.7251e-01      2.3435e+02      -3.7650e+02     3.2753e+06     
3.7751e-01      2.1560e+02      -7.5100e+02     3.3626e+06     
3.8251e-01      1.4770e+02      -5.1163e+02     3.4523e+06     
3.8751e-01      3.2355e+02      -2.9287e+02     3.5442e+06     
3.9251e-01      2.6500e+02      -2.1046e+02     3.6361e+06     
3.9751e-01      1.9171e+02      -2.1361e+02     3.7286e+06     
4.0251e-01      2.1261e+02      6.5411e+02      3.8232e+06     
4.0751e-01      6.5781e+00      4.5161e+02      3.9189e+06     
4.1251e-01      1.1567e+02      5.6266e+02      4.0169e+06     
4.1751e-01      1.9446e+02      2.0856e+02      4.1126e+06     
4.2251e-01      -1.4977e+02     1.8455e+02      4.2134e+06     
4.2751e-01      2.3755e+02      8.5584e+02      4.3129e+06     
4.3251e-01      4.3968e+02      3.5111e+02      4.4155e+06     
4.3751e-01      2.1900e+02      1.9316e+02      4.5171e+06     
4.4251e-01      1.7766e+01      -2.3567e+02     4.6208e+06     
4.4751e-01      1.8569e+02      -5.5657e+02     4.7267e+06     
4.5251e-01      -1.8011e+02     -6.0937e+01     4.8327e+06     
4.5751e-01      3.4305e+01      2.0953e+02      4.9386e+06     
4.6251e-01      5.3453e+01      -1.2436e+01     5.0482e+06     
