# k P0 P2 modes
3.7538e-03      -1.0135e+03     -4.3776e+04     7.7000e+01     
8.0504e-03      2.6105e+04      -4.6190e+04     5.4800e+02     
1.2849e-02      3.5280e+04      -5.4234e+03     1.4800e+03     
1.7752e-02      3.5001e+04      -1.0279e+03     2.8720e+03     
2.2692e-02      2.6153e+04      8.1424e+03      4.7360e+03     
2.7648e-02      3.1790e+04      1.4308e+04      7.0360e+03     
3.2613e-02      3.0567e+04      1.4104e+04      9.8380e+03     
3.7611e-02      2.4306e+04      7.2182e+03      1.3208e+04     
4.2613e-02      1.7002e+04      8.8825e+03      1.6858e+04     
4.7605e-02      1.7625e+04      9.8327e+03      2.1080e+04     
5.2591e-02      1.6434e+04      3.5348e+03      2.5624e+04     
5.7568e-02      1.6768e+04      5.8660e+03      3.0728e+04     
6.2562e-02      1.5454e+04      7.9836e+03      3.6498e+04     
6.7567e-02      1.4209e+04      2.8148e+03      4.2528e+04     
7.2573e-02      1.3310e+04      -7.1680e+02     4.9152e+04     
7.7565e-02      1.2996e+04      5.4065e+03      5.5744e+04     
8.2548e-02      1.0816e+04      4.1161e+03      6.3346e+04     
8.7544e-02      9.5562e+03      2.0777e+03      7.1388e+04     
9.2544e-02      8.8093e+03      1.1855e+03      7.9762e+04     
9.7542e-02      9.2569e+03      4.8113e+03      8.8564e+04     
1.0254e-01      8.5029e+03      2.6571e+03      9.7988e+04     
1.0754e-01      7.0683e+03      3.2165e+03      1.0771e+05     
1.1254e-01      7.6561e+03      -6.6317e+02     1.1795e+05     
1.1753e-01      6.5847e+03      3.6461e+01      1.2829e+05     
1.2252e-01      5.5317e+03      3.1103e+02      1.3977e+05     
1.2753e-01      5.1446e+03      -2.6423e+02     1.5195e+05     
1.3254e-01      5.5304e+03      1.6900e+03      1.6358e+05     
1.3753e-01      4.6374e+03      2.3661e+03      1.7594e+05     
1.4253e-01      4.8263e+03      8.3612e+02      1.8906e+05     
1.4753e-01      3.9532e+03      -2.0472e+03     2.0282e+05     
1.5253e-01      3.9636e+03      2.4211e+02      2.1681e+05     
1.5752e-01      3.7940e+03      1.3734e+03      2.3088e+05     
1.6252e-01      3.3730e+03      3.5545e+03      2.4623e+05     
1.6752e-01      2.3714e+03      1.6081e+03      2.6133e+05     
1.7252e-01      2.6250e+03      6.9768e+02      2.7728e+05     
1.7752e-01      2.9687e+03      1.5077e+02      2.9332e+05     
1.8252e-01      2.7819e+03      -8.9592e+01     3.1057e+05     
1.8752e-01      2.2066e+03      8.4894e+02      3.2756e+05     
1.9252e-01      2.3420e+03      2.3491e+02      3.4527e+05     
1.9752e-01      2.1668e+03      -3.0550e+02     3.6354e+05     
2.0252e-01      2.0171e+03      8.9843e+02      3.8166e+05     
2.0752e-01      1.8614e+03      1.0877e+03      4.0085e+05     
2.1252e-01      1.4840e+03      1.3732e+03      4.2101e+05     
2.1752e-01      1.5392e+03      9.4975e+02      4.4116e+05     
2.2252e-01      1.9635e+03      -1.8805e+02     4.6130e+05     
2.2752e-01      1.2892e+03      -5.8964e+01     4.8219e+05     
2.3252e-01      7.2811e+02      -2.4653e+02     5.0386e+05     
2.3752e-01      1.3950e+03      2.4579e+02      5.2502e+05     
2.4252e-01      1.4395e+03      6.1822e+02      5.4795e+05     
2.4752e-01      1.3937e+03      -3.9445e+00     5.7054e+05     
2.5252e-01      1.3788e+03      1.4973e+02      5.9437e+05     
2.5752e-01      7.3579e+02      2.0641e+02      6.1790e+05     
2.6252e-01      6.9482e+02      -1.3999e+02     6.4211e+05     
2.6752e-01      9.9368e+02      8.5409e+02      6.6611e+05     
2.7251e-01      1.0233e+03      1.0257e+03      6.9179e+05     
2.7752e-01      5.9580e+02      4.4060e+02      7.1800e+05     
2.8252e-01      8.7341e+02      1.2993e+03      7.4315e+05     
2.8752e-01      8.8558e+02      7.5489e+02      7.7019e+05     
2.9251e-01      6.1209e+02      4.0881e+02      7.9643e+05     
2.9751e-01      1.0040e+03      3.2086e+02      8.2482e+05     
3.0251e-01      9.1498e+02      5.3780e+02      8.5256e+05     
3.0751e-01      1.0526e+03      1.3235e+03      8.8037e+05     
3.1251e-01      3.3981e+02      1.5593e+02      9.1065e+05     
3.1751e-01      6.3390e+02      -2.5309e+02     9.3900e+05     
3.2251e-01      9.3002e+02      -9.7009e+02     9.6935e+05     
3.2751e-01      5.4229e+02      -9.8684e+02     9.9834e+05     
3.3251e-01      5.7387e+02      -6.5906e+02     1.0299e+06     
3.3751e-01      3.7100e+02      -4.8727e+01     1.0619e+06     
3.4251e-01      5.3729e+02      4.6084e+02      1.0933e+06     
3.4751e-01      -4.5984e+01     -1.1303e+03     1.1255e+06     
3.5251e-01      -2.6023e+01     -1.9878e+02     1.1574e+06     
3.5751e-01      3.1545e+02      -1.8675e+02     1.1902e+06     
3.6251e-01      5.9059e+02      8.8061e+02      1.2246e+06     
3.6751e-01      4.0388e+02      7.3455e+02      1.2579e+06     
3.7251e-01      2.9423e+02      2.6593e+02      1.2923e+06     
3.7751e-01      2.0698e+02      2.0967e+01      1.3285e+06     
3.8251e-01      -5.4031e+01     -1.8350e+02     1.3628e+06     
3.8751e-01      1.1742e+02      -2.0797e+02     1.3992e+06     
3.9251e-01      2.2948e+02      6.5565e+01      1.4344e+06     
3.9751e-01      3.2320e+01      1.8978e+02      1.4730e+06     
4.0251e-01      -1.6873e+02     -1.8876e+02     1.5097e+06     
4.0751e-01      9.2359e+01      3.2276e+02      1.5466e+06     
4.1251e-01      -3.7477e+01     -4.5026e+01     1.5850e+06     
4.1751e-01      2.0688e+02      4.1158e+02      1.6236e+06     
4.2251e-01      3.0477e+02      -4.5898e+01     1.6633e+06     
4.2751e-01      1.3910e+02      5.2384e+02      1.7025e+06     
4.3251e-01      -2.9363e+02     -4.8690e+02     1.7437e+06     
4.3751e-01      -1.5551e+02     -4.8424e+02     1.7830e+06     
4.4251e-01      2.3117e+01      5.6754e+02      1.8248e+06     
4.4751e-01      -4.6898e+01     -6.4123e+01     1.8648e+06     
4.5251e-01      1.9562e+01      1.7516e+02      1.9067e+06     
4.5751e-01      2.8308e+02      -2.6514e+02     1.9513e+06     
4.6251e-01      3.4227e+01      -1.8222e+01     1.9925e+06     
4.6751e-01      -2.8047e+00     4.1909e+02      2.0369e+06     
4.7251e-01      3.2016e+01      3.8725e+02      2.0795e+06     
4.7751e-01      -3.4711e+01     -4.5281e+02     2.1227e+06     
4.8251e-01      -3.4883e+01     4.3214e+02      2.1704e+06     
4.8751e-01      1.1408e+02      -1.5799e+02     2.2138e+06     
4.9251e-01      8.3375e+01      1.5661e+02      2.2594e+06     
4.9751e-01      2.0964e+02      2.9812e+02      2.3053e+06     
5.0251e-01      8.0797e+01      -1.9892e+02     2.3530e+06     
5.0751e-01      -1.6747e+02     7.1291e+02      2.3992e+06     
5.1251e-01      -1.7389e+02     8.9051e+01      2.4464e+06     
5.1751e-01      -1.3281e+02     -2.1824e+02     2.4969e+06     
5.2251e-01      -5.0508e+01     -3.5933e+02     2.5441e+06     
5.2751e-01      4.5469e+01      1.9641e+02      2.5919e+06     
5.3251e-01      1.6196e+02      -4.6194e+00     2.6408e+06     
5.3751e-01      1.8594e+02      5.4237e+02      2.6923e+06     
5.4251e-01      -6.3211e+01     3.9107e+02      2.7415e+06     
5.4751e-01      -1.2998e+02     8.5401e+01      2.7933e+06     
5.5251e-01      1.3133e+01      -2.2109e+02     2.8443e+06     
5.5751e-01      -1.6123e+02     -4.0149e+02     2.8958e+06     
5.6251e-01      -7.8781e+01     6.5939e+00      2.9476e+06     
5.6751e-01      -2.3270e+02     1.6199e+01      3.0000e+06     
5.7251e-01      -5.3750e+01     1.8138e+02      3.0533e+06     
5.7751e-01      2.8867e+01      3.1088e+02      3.1073e+06     
5.8251e-01      1.6594e+01      -1.6870e+02     3.1610e+06     
5.8751e-01      -1.6241e+02     3.2097e+01      3.2158e+06     
5.9251e-01      -1.7534e+02     1.9980e+00      3.2711e+06     
5.9751e-01      2.9953e+01      4.1739e+02      3.3249e+06     
6.0251e-01      -3.2675e+02     2.4503e+02      3.3828e+06     
6.0751e-01      -8.1008e+01     3.9775e+02      3.4392e+06     
6.1251e-01      -1.2055e+02     4.2792e+02      3.4944e+06     
6.1751e-01      -1.3038e+02     1.2288e+02      3.5519e+06     
6.2251e-01      -2.4168e+02     3.7431e+02      3.6102e+06     
6.2751e-01      -3.0851e+02     3.0675e+02      3.6677e+06     
6.3251e-01      -7.5945e+01     5.9680e+02      3.7272e+06     
