# k P0 P2 modes
3.7538e-03      4.6398e+03      -3.3676e+04     7.7000e+01     
8.0504e-03      4.5866e+04      9.4104e+03      5.4800e+02     
1.2849e-02      4.8683e+04      -1.0109e+04     1.4800e+03     
1.7752e-02      3.6833e+04      -8.1634e+03     2.8720e+03     
2.2692e-02      3.6360e+04      1.4043e+04      4.7360e+03     
2.7648e-02      3.2711e+04      2.2618e+04      7.0360e+03     
3.2613e-02      2.7665e+04      1.2260e+04      9.8380e+03     
3.7611e-02      2.4021e+04      5.3637e+03      1.3208e+04     
4.2613e-02      2.1472e+04      1.0663e+04      1.6858e+04     
4.7605e-02      1.9882e+04      5.0769e+03      2.1080e+04     
5.2591e-02      1.5882e+04      3.3118e+03      2.5624e+04     
5.7568e-02      1.6467e+04      1.8278e+03      3.0728e+04     
6.2562e-02      1.4581e+04      4.1883e+03      3.6498e+04     
6.7567e-02      1.2817e+04      2.4217e+03      4.2528e+04     
7.2573e-02      1.2924e+04      3.9474e+03      4.9152e+04     
7.7565e-02      1.1107e+04      -4.2917e+02     5.5744e+04     
8.2548e-02      1.0435e+04      3.3704e+03      6.3346e+04     
8.7544e-02      1.0378e+04      4.1340e+03      7.1388e+04     
9.2544e-02      9.8741e+03      3.3049e+03      7.9762e+04     
9.7542e-02      8.6296e+03      2.6791e+03      8.8564e+04     
1.0254e-01      8.4685e+03      1.0462e+03      9.7988e+04     
1.0754e-01      6.7266e+03      2.7671e+03      1.0771e+05     
1.1254e-01      5.7883e+03      3.7039e+03      1.1795e+05     
1.1753e-01      5.3754e+03      1.7106e+03      1.2829e+05     
1.2252e-01      5.7815e+03      1.9742e+03      1.3977e+05     
1.2753e-01      5.0289e+03      7.8239e+02      1.5195e+05     
1.3254e-01      4.9760e+03      5.8480e+02      1.6358e+05     
1.3753e-01      3.8187e+03      1.2844e+03      1.7594e+05     
1.4253e-01      4.9406e+03      4.6459e+02      1.8906e+05     
1.4753e-01      3.9901e+03      1.2314e+03      2.0282e+05     
1.5253e-01      3.3511e+03      2.3609e+03      2.1681e+05     
1.5752e-01      3.0559e+03      6.9910e+02      2.3088e+05     
1.6252e-01      2.7042e+03      2.4968e+03      2.4623e+05     
1.6752e-01      3.0832e+03      2.3628e+03      2.6133e+05     
1.7252e-01      2.4851e+03      -2.6918e+02     2.7728e+05     
1.7752e-01      2.1249e+03      4.0132e+02      2.9332e+05     
1.8252e-01      2.6661e+03      1.5466e+03      3.1057e+05     
1.8752e-01      3.0844e+03      1.3659e+03      3.2756e+05     
1.9252e-01      1.8286e+03      -4.3611e+02     3.4527e+05     
1.9752e-01      2.0139e+03      8.1210e+02      3.6354e+05     
2.0252e-01      1.6735e+03      1.6842e+02      3.8166e+05     
2.0752e-01      1.0430e+03      -6.5888e+02     4.0085e+05     
2.1252e-01      1.4666e+03      1.9295e+02      4.2101e+05     
2.1752e-01      1.7886e+03      -2.4175e+02     4.4116e+05     
2.2252e-01      1.3865e+03      1.4263e+03      4.6130e+05     
2.2752e-01      1.2181e+03      -7.4790e+02     4.8219e+05     
2.3252e-01      1.6804e+03      9.7253e+02      5.0386e+05     
2.3752e-01      1.4888e+03      1.0308e+03      5.2502e+05     
2.4252e-01      1.3422e+03      3.6350e+02      5.4795e+05     
2.4752e-01      1.3609e+03      -4.6441e+01     5.7054e+05     
2.5252e-01      1.3560e+03      9.9954e+02      5.9437e+05     
2.5752e-01      9.3737e+02      -1.9435e+02     6.1790e+05     
2.6252e-01      5.2130e+02      -5.7772e+02     6.4211e+05     
2.6752e-01      7.0366e+02      -1.0828e+03     6.6611e+05     
2.7251e-01      8.6784e+02      -4.3925e+01     6.9179e+05     
2.7752e-01      5.0893e+02      -1.1169e+02     7.1800e+05     
2.8252e-01      7.8253e+02      3.6082e+02      7.4315e+05     
2.8752e-01      8.4927e+02      6.0713e+01      7.7019e+05     
2.9251e-01      1.0790e+03      9.1928e+02      7.9643e+05     
2.9751e-01      1.1062e+03      6.3511e+02      8.2482e+05     
3.0251e-01      7.9936e+02      7.0201e+02      8.5256e+05     
3.0751e-01      4.4990e+02      5.5371e+02      8.8037e+05     
3.1251e-01      1.6898e+02      -2.0345e+02     9.1065e+05     
3.1751e-01      2.2050e+02      3.0703e+02      9.3900e+05     
3.2251e-01      5.5204e+02      3.5826e+01      9.6935e+05     
3.2751e-01      3.7959e+02      3.8045e+02      9.9834e+05     
3.3251e-01      7.1898e+02      -7.4616e+01     1.0299e+06     
3.3751e-01      3.6656e+02      1.1913e+02      1.0619e+06     
3.4251e-01      5.4186e+02      2.2213e+01      1.0933e+06     
3.4751e-01      4.0250e+02      7.9318e+01      1.1255e+06     
3.5251e-01      4.7982e+02      3.4877e+02      1.1574e+06     
3.5751e-01      4.1225e+02      4.2925e+02      1.1902e+06     
3.6251e-01      4.6540e+02      2.3311e+02      1.2246e+06     
3.6751e-01      1.4806e+02      -1.0364e+01     1.2579e+06     
3.7251e-01      1.0227e+02      1.1104e+02      1.2923e+06     
3.7751e-01      3.0021e+02      2.0578e+02      1.3285e+06     
3.8251e-01      4.0557e+02      1.1653e+03      1.3628e+06     
3.8751e-01      2.6884e+02      2.3915e+02      1.3992e+06     
3.9251e-01      3.5468e+02      -2.2809e+01     1.4344e+06     
3.9751e-01      3.7828e+01      5.4839e+02      1.4730e+06     
4.0251e-01      2.3010e+02      6.3419e+02      1.5097e+06     
4.0751e-01      1.9593e+02      2.2971e+02      1.5466e+06     
4.1251e-01      5.9758e+02      6.3938e+02      1.5850e+06     
4.1751e-01      2.1265e+02      3.3140e+01      1.6236e+06     
4.2251e-01      3.3493e+02      3.6367e+02      1.6633e+06     
4.2751e-01      -4.3023e+01     -5.5181e+01     1.7025e+06     
4.3251e-01      2.8393e+02      6.6867e+01      1.7437e+06     
4.3751e-01      3.1305e+02      3.4804e+02      1.7830e+06     
4.4251e-01      7.3125e+01      -5.4550e+01     1.8248e+06     
4.4751e-01      3.7741e+02      5.7221e+02      1.8648e+06     
4.5251e-01      2.4748e+02      4.6958e+02      1.9067e+06     
4.5751e-01      9.6875e+00      -3.7383e+02     1.9513e+06     
4.6251e-01      1.0961e+02      5.7864e+01      1.9925e+06     
4.6751e-01      -6.4602e+01     2.0319e+02      2.0369e+06     
4.7251e-01      -2.0520e+02     -1.4686e+02     2.0795e+06     
4.7751e-01      5.5273e+01      -1.6054e+02     2.1227e+06     
4.8251e-01      3.1670e+02      2.5440e+02      2.1704e+06     
4.8751e-01      3.3522e+02      -1.9850e+02     2.2138e+06     
4.9251e-01      2.0172e+01      6.1391e+01      2.2594e+06     
4.9751e-01      1.7078e+02      1.2182e+02      2.3053e+06     
5.0251e-01      9.2078e+01      -2.6082e+01     2.3530e+06     
5.0751e-01      -2.2153e+02     2.1631e+01      2.3992e+06     
5.1251e-01      -2.2067e+02     -3.6046e+02     2.4464e+06     
5.1751e-01      -1.5448e+02     -2.0102e+02     2.4969e+06     
5.2251e-01      4.6797e+00      5.9301e+02      2.5441e+06     
5.2751e-01      1.0897e+02      2.9998e+02      2.5919e+06     
5.3251e-01      1.3585e+02      1.3975e+02      2.6408e+06     
5.3751e-01      4.3688e+01      -2.7413e+02     2.6923e+06     
5.4251e-01      3.1812e+01      -2.4831e+02     2.7415e+06     
5.4751e-01      5.5938e+01      -3.0139e+02     2.7933e+06     
5.5251e-01      -4.3781e+01     -3.8381e+01     2.8443e+06     
5.5751e-01      -3.5034e+02     1.1250e+02      2.8958e+06     
5.6251e-01      -1.4336e+02     3.2589e+02      2.9476e+06     
5.6751e-01      -3.4047e+01     4.9636e+02      3.0000e+06     
5.7251e-01      7.0656e+01      4.9440e+02      3.0533e+06     
5.7751e-01      2.1659e+02      3.4133e+02      3.1073e+06     
5.8251e-01      -2.1609e+01     -2.9750e+02     3.1610e+06     
5.8751e-01      -6.8117e+01     -1.9365e+02     3.2158e+06     
5.9251e-01      7.3844e+01      -1.5563e+02     3.2711e+06     
5.9751e-01      1.7673e+02      -5.4189e+01     3.3249e+06     
6.0251e-01      2.4650e+02      2.9301e+02      3.3828e+06     
6.0751e-01      -1.2140e+02     -2.4193e+02     3.4392e+06     
6.1251e-01      -1.4680e+02     2.5899e+01      3.4944e+06     
6.1751e-01      -1.6969e+01     -7.6861e+01     3.5519e+06     
6.2251e-01      6.5000e+00      7.1824e+01      3.6102e+06     
6.2751e-01      2.7891e+01      9.5739e+01      3.6677e+06     
6.3251e-01      -6.4945e+01     2.4545e+02      3.7272e+06     
