# k P0 P2 modes
3.7538e-03      4.8131e+03      -4.3542e+04     7.7000e+01     
8.0504e-03      1.6213e+04      1.9782e+04      5.4800e+02     
1.2849e-02      3.5533e+04      -2.0100e+03     1.4800e+03     
1.7752e-02      3.1375e+04      1.5151e+04      2.8720e+03     
2.2692e-02      3.3608e+04      1.5755e+04      4.7360e+03     
2.7648e-02      3.6305e+04      2.9293e+04      7.0360e+03     
3.2613e-02      2.4479e+04      1.1757e+04      9.8380e+03     
3.7611e-02      1.9933e+04      7.2985e+03      1.3208e+04     
4.2613e-02      2.1947e+04      1.2815e+04      1.6858e+04     
4.7605e-02      1.9250e+04      5.3624e+03      2.1080e+04     
5.2591e-02      1.5491e+04      5.4980e+03      2.5624e+04     
5.7568e-02      1.3733e+04      9.0843e+03      3.0728e+04     
6.2562e-02      1.3845e+04      1.4715e+04      3.6498e+04     
6.7567e-02      1.2931e+04      5.2977e+03      4.2528e+04     
7.2573e-02      1.2129e+04      9.3431e+02      4.9152e+04     
7.7565e-02      1.3057e+04      7.0800e+03      5.5744e+04     
8.2548e-02      9.3607e+03      3.8021e+03      6.3346e+04     
8.7544e-02      9.0700e+03      6.9009e+03      7.1388e+04     
9.2544e-02      7.1918e+03      2.3554e+03      7.9762e+04     
9.7542e-02      6.9964e+03      6.8798e+03      8.8564e+04     
1.0254e-01      6.8296e+03      3.9798e+03      9.7988e+04     
1.0754e-01      7.0916e+03      2.1919e+03      1.0771e+05     
1.1254e-01      6.2259e+03      1.1989e+03      1.1795e+05     
1.1753e-01      5.2871e+03      1.8162e+02      1.2829e+05     
1.2252e-01      4.9746e+03      4.8107e+02      1.3977e+05     
1.2753e-01      5.8665e+03      -9.0779e+02     1.5195e+05     
1.3254e-01      4.8521e+03      5.7956e+02      1.6358e+05     
1.3753e-01      4.5571e+03      1.5210e+03      1.7594e+05     
1.4253e-01      4.9542e+03      1.1259e+03      1.8906e+05     
1.4753e-01      4.4588e+03      6.0170e+01      2.0282e+05     
1.5253e-01      3.8776e+03      4.7763e+01      2.1681e+05     
1.5752e-01      3.8471e+03      1.1070e+03      2.3088e+05     
1.6252e-01      3.5145e+03      -4.0699e+02     2.4623e+05     
1.6752e-01      3.5221e+03      7.9585e+02      2.6133e+05     
1.7252e-01      2.2714e+03      1.4643e+03      2.7728e+05     
1.7752e-01      3.0497e+03      2.6502e+03      2.9332e+05     
1.8252e-01      2.9686e+03      2.6831e+03      3.1057e+05     
1.8752e-01      2.5944e+03      -5.6465e+02     3.2756e+05     
1.9252e-01      2.4560e+03      3.6760e+02      3.4527e+05     
1.9752e-01      2.2043e+03      6.9251e+02      3.6354e+05     
2.0252e-01      1.6994e+03      9.4546e+02      3.8166e+05     
2.0752e-01      1.6551e+03      2.2585e+03      4.0085e+05     
2.1252e-01      1.5079e+03      3.4606e+02      4.2101e+05     
2.1752e-01      1.0140e+03      6.3052e+02      4.4116e+05     
2.2252e-01      1.1584e+03      1.4649e+02      4.6130e+05     
2.2752e-01      1.0478e+03      -1.1535e+03     4.8219e+05     
2.3252e-01      9.3779e+02      -4.3813e+02     5.0386e+05     
2.3752e-01      1.1654e+03      2.1231e+02      5.2502e+05     
2.4252e-01      1.4410e+03      -4.8840e+02     5.4795e+05     
2.4752e-01      1.1250e+03      -6.5033e+02     5.7054e+05     
2.5252e-01      9.3284e+02      4.0329e+02      5.9437e+05     
2.5752e-01      1.3578e+03      5.8874e+02      6.1790e+05     
2.6252e-01      1.2373e+03      6.5979e+02      6.4211e+05     
2.6752e-01      7.1885e+02      3.3042e+02      6.6611e+05     
2.7251e-01      3.5588e+02      -3.7312e+02     6.9179e+05     
2.7752e-01      7.0223e+02      1.3004e+02      7.1800e+05     
2.8252e-01      6.8663e+02      -8.6176e+02     7.4315e+05     
2.8752e-01      2.8410e+02      9.7088e+00      7.7019e+05     
2.9251e-01      1.4687e+02      -4.4576e+02     7.9643e+05     
2.9751e-01      6.5989e+02      5.6745e+02      8.2482e+05     
3.0251e-01      3.7614e+02      6.6186e+02      8.5256e+05     
3.0751e-01      1.0409e+02      -5.9889e+02     8.8037e+05     
3.1251e-01      5.8771e+02      -5.1067e+02     9.1065e+05     
3.1751e-01      6.9152e+02      -2.5106e+02     9.3900e+05     
3.2251e-01      3.0316e+02      -4.8593e+02     9.6935e+05     
3.2751e-01      3.3784e+02      -3.6006e+02     9.9834e+05     
3.3251e-01      4.1166e+02      -6.1396e+02     1.0299e+06     
3.3751e-01      8.1845e+02      6.0475e+01      1.0619e+06     
3.4251e-01      7.0473e+02      -3.2395e+02     1.0933e+06     
3.4751e-01      6.4522e+02      3.3522e+02      1.1255e+06     
3.5251e-01      8.0266e+01      -6.4516e+02     1.1574e+06     
3.5751e-01      9.1758e+01      -2.8019e+02     1.1902e+06     
3.6251e-01      2.0388e+02      -6.7276e+02     1.2246e+06     
3.6751e-01      1.7680e+01      -1.4389e+03     1.2579e+06     
3.7251e-01      5.4346e+02      -3.0515e+02     1.2923e+06     
3.7751e-01      2.9055e+02      1.7212e+02      1.3285e+06     
3.8251e-01      1.5512e+02      3.7611e+02      1.3628e+06     
3.8751e-01      4.7208e+02      -7.2999e+02     1.3992e+06     
3.9251e-01      2.6351e+02      -5.3186e+02     1.4344e+06     
3.9751e-01      4.0151e+02      1.9241e+02      1.4730e+06     
4.0251e-01      6.6602e+01      -2.0815e+02     1.5097e+06     
4.0751e-01      2.2143e+02      3.2815e+02      1.5466e+06     
4.1251e-01      1.3062e+02      5.9884e+02      1.5850e+06     
4.1751e-01      1.2205e+02      -5.5338e+02     1.6236e+06     
4.2251e-01      6.5273e+01      -2.9374e+02     1.6633e+06     
4.2751e-01      6.0656e+01      1.6876e+02      1.7025e+06     
4.3251e-01      -4.8477e+01     -2.4809e+02     1.7437e+06     
4.3751e-01      -1.7273e+01     -1.0229e+03     1.7830e+06     
4.4251e-01      2.1623e+02      -6.9127e+01     1.8248e+06     
4.4751e-01      1.2341e+02      -2.5844e+02     1.8648e+06     
4.5251e-01      2.9228e+02      -3.7450e+02     1.9067e+06     
4.5751e-01      6.8430e+01      -6.1333e+02     1.9513e+06     
4.6251e-01      5.7922e+01      1.6073e+02      1.9925e+06     
4.6751e-01      -4.1039e+01     2.2353e+02      2.0369e+06     
4.7251e-01      -2.1932e+02     2.2115e+02      2.0795e+06     
4.7751e-01      2.0034e+02      8.5427e+01      2.1227e+06     
4.8251e-01      -4.5492e+01     -4.1159e+02     2.1704e+06     
4.8751e-01      5.2211e+01      -1.8941e+02     2.2138e+06     
4.9251e-01      4.7922e+01      -1.8295e+01     2.2594e+06     
4.9751e-01      2.4453e+00      6.9642e+00      2.3053e+06     
5.0251e-01      -1.8968e+02     -1.1463e+02     2.3530e+06     
5.0751e-01      3.1107e+02      4.4133e+02      2.3992e+06     
5.1251e-01      4.0234e+01      8.5981e+02      2.4464e+06     
5.1751e-01      -9.3844e+01     2.5676e+02      2.4969e+06     
5.2251e-01      -9.7945e+01     -1.1969e+02     2.5441e+06     
5.2751e-01      8.4391e+01      3.6687e+02      2.5919e+06     
5.3251e-01      -9.6172e+01     3.1027e+02      2.6408e+06     
5.3751e-01      -2.8147e+02     6.9021e+02      2.6923e+06     
5.4251e-01      3.8539e+01      2.5335e+02      2.7415e+06     
5.4751e-01      2.0008e+01      -4.4085e+02     2.7933e+06     
5.5251e-01      1.6055e+01      -4.4801e+02     2.8443e+06     
5.5751e-01      -9.2820e+01     3.5970e+01      2.8958e+06     
5.6251e-01      -9.6828e+01     4.3959e+02      2.9476e+06     
5.6751e-01      -4.8688e+01     2.8719e+02      3.0000e+06     
5.7251e-01      -1.2858e+02     -1.1565e+02     3.0533e+06     
5.7751e-01      -4.0242e+01     3.3747e+02      3.1073e+06     
5.8251e-01      -6.8523e+01     3.2052e+01      3.1610e+06     
5.8751e-01      -4.2492e+01     -2.0806e+02     3.2158e+06     
5.9251e-01      -1.4186e+02     8.1508e+00      3.2711e+06     
5.9751e-01      1.0477e+02      2.9989e+02      3.3249e+06     
6.0251e-01      -4.6172e+01     -4.7300e+02     3.3828e+06     
6.0751e-01      6.7391e+01      -2.0018e+02     3.4392e+06     
6.1251e-01      5.6758e+01      8.8607e+01      3.4944e+06     
6.1751e-01      5.7727e+01      2.8998e+02      3.5519e+06     
6.2251e-01      9.0078e+00      3.7519e+01      3.6102e+06     
6.2751e-01      1.0320e+01      -1.0104e+02     3.6677e+06     
6.3251e-01      7.7062e+01      2.5762e+02      3.7272e+06     
