# k P0 P2 modes
3.7054e-03      7.0555e+04      -7.8232e+04     8.3000e+01     
8.0027e-03      2.9384e+04      1.6126e+03      5.9600e+02     
1.2850e-02      4.1611e+04      1.2976e+03      1.6480e+03     
1.7764e-02      3.0858e+04      2.6301e+04      3.1560e+03     
2.2684e-02      3.6763e+04      -9.0449e+02     5.1760e+03     
2.7646e-02      2.5048e+04      1.3203e+04      7.8040e+03     
3.2636e-02      2.4355e+04      1.0963e+04      1.0874e+04     
3.7623e-02      2.6381e+04      7.0050e+03      1.4442e+04     
4.2607e-02      1.9654e+04      4.5055e+03      1.8544e+04     
4.7584e-02      2.2606e+04      1.1458e+04      2.3040e+04     
5.2572e-02      1.7619e+04      1.0108e+04      2.8366e+04     
5.7566e-02      1.7575e+04      3.7782e+03      3.3818e+04     
6.2559e-02      1.5701e+04      2.4551e+03      4.0130e+04     
6.7563e-02      1.5627e+04      5.1818e+03      4.6838e+04     
7.2561e-02      1.2936e+04      7.5107e+03      5.3826e+04     
7.7552e-02      1.3132e+04      5.8324e+03      6.1584e+04     
8.2550e-02      1.1245e+04      4.8790e+03      6.9864e+04     
8.7545e-02      9.6531e+03      2.5849e+03      7.8404e+04     
9.2544e-02      8.4422e+03      8.5228e+02      8.7902e+04     
9.7542e-02      8.6230e+03      3.8264e+03      9.7310e+04     
1.0253e-01      8.2783e+03      5.8204e+03      1.0772e+05     
1.0754e-01      7.9246e+03      3.7658e+03      1.1865e+05     
1.1254e-01      5.6832e+03      2.2228e+03      1.2991e+05     
1.1754e-01      5.5820e+03      1.5818e+03      1.4138e+05     
1.2253e-01      5.9283e+03      3.4496e+03      1.5396e+05     
1.2753e-01      5.5919e+03      2.1201e+03      1.6672e+05     
1.3253e-01      5.0469e+03      1.2722e+03      1.7981e+05     
1.3753e-01      5.6939e+03      2.3144e+03      1.9428e+05     
1.4253e-01      4.7737e+03      2.3163e+03      2.0777e+05     
1.4753e-01      3.6959e+03      1.4646e+02      2.2328e+05     
1.5253e-01      3.0829e+03      1.5808e+02      2.3850e+05     
1.5753e-01      3.0307e+03      -6.1930e+02     2.5444e+05     
1.6253e-01      2.9434e+03      -1.2830e+03     2.7068e+05     
1.6753e-01      3.1570e+03      1.8279e+03      2.8771e+05     
1.7253e-01      2.8161e+03      -2.0218e+02     3.0520e+05     
1.7753e-01      2.2963e+03      -5.5782e+02     3.2301e+05     
1.8253e-01      2.5026e+03      -1.1213e+02     3.4181e+05     
1.8753e-01      3.1234e+03      4.1439e+02      3.6002e+05     
1.9252e-01      2.0556e+03      -6.2969e+02     3.7973e+05     
1.9752e-01      2.2658e+03      2.8812e+02      3.9966e+05     
2.0251e-01      1.8306e+03      -6.2077e+02     4.2032e+05     
2.0752e-01      1.7048e+03      1.7806e+02      4.4207e+05     
2.1252e-01      1.4802e+03      -9.5915e+01     4.6264e+05     
2.1752e-01      1.1867e+03      6.7332e+02      4.8582e+05     
2.2252e-01      1.5516e+03      -8.6917e+01     5.0730e+05     
2.2752e-01      1.3900e+03      -3.0925e+01     5.3078e+05     
2.3252e-01      1.1334e+03      -4.8323e+02     5.5452e+05     
2.3752e-01      8.4974e+02      -4.1502e+02     5.7801e+05     
2.4252e-01      1.4607e+03      -3.7129e+02     6.0327e+05     
2.4752e-01      8.8453e+02      8.9676e+01      6.2775e+05     
2.5252e-01      1.1764e+03      2.5881e+02      6.5330e+05     
2.5751e-01      1.2918e+03      4.2705e+02      6.7990e+05     
2.6251e-01      8.7444e+02      -3.2427e+02     7.0609e+05     
2.6751e-01      6.3059e+02      -3.5513e+02     7.3426e+05     
2.7251e-01      7.6777e+02      2.3874e+02      7.6119e+05     
2.7751e-01      8.4891e+02      -3.1854e+02     7.8997e+05     
2.8252e-01      9.1175e+02      -4.2319e+02     8.1825e+05     
2.8751e-01      4.9792e+02      -9.4789e+02     8.4702e+05     
2.9251e-01      1.6531e+02      -9.8968e+02     8.7700e+05     
2.9751e-01      1.4617e+02      5.0803e+02      9.0860e+05     
3.0252e-01      5.7445e+02      -5.2202e+02     9.3780e+05     
3.0752e-01      6.5693e+02      -9.8633e+01     9.6971e+05     
3.1251e-01      4.8872e+02      -9.7733e+01     9.9996e+05     
3.1751e-01      2.7209e+02      -8.4661e+01     1.0341e+06     
3.2251e-01      4.2912e+02      -3.4614e+02     1.0664e+06     
3.2751e-01      3.3620e+02      -2.6622e+02     1.1003e+06     
3.3251e-01      5.2483e+02      -1.9136e+02     1.1331e+06     
3.3751e-01      4.0384e+02      -4.1503e+02     1.1681e+06     
3.4251e-01      3.0084e+02      -6.5515e+02     1.2033e+06     
3.4751e-01      3.4445e+01      2.1534e+02      1.2379e+06     
3.5251e-01      5.7578e+01      -5.0196e+02     1.2741e+06     
3.5751e-01      2.8362e+02      -2.0748e+02     1.3102e+06     
3.6251e-01      1.3362e+02      -3.2582e+02     1.3469e+06     
3.6751e-01      2.7589e+02      1.4006e+02      1.3853e+06     
3.7251e-01      3.4033e+02      -4.0926e+02     1.4223e+06     
3.7751e-01      2.2066e+02      3.8013e+01      1.4612e+06     
3.8251e-01      2.3427e+02      3.6733e+02      1.4995e+06     
3.8751e-01      -5.8156e+01     2.5068e+02      1.5397e+06     
3.9251e-01      2.3531e+01      3.9414e+02      1.5799e+06     
3.9751e-01      3.3859e+02      -2.8456e+02     1.6194e+06     
4.0251e-01      1.2823e+02      2.7248e+02      1.6615e+06     
4.0751e-01      1.2166e+02      1.8917e+02      1.7017e+06     
4.1251e-01      1.0212e+02      -3.8505e+02     1.7450e+06     
4.1751e-01      9.7617e+01      4.0024e+02      1.7875e+06     
4.2251e-01      1.0225e+02      -1.2385e+02     1.8304e+06     
4.2751e-01      -2.0359e+01     2.1077e+02      1.8737e+06     
4.3251e-01      1.9834e+02      -1.0634e+02     1.9186e+06     
4.3751e-01      2.7012e+02      -3.1204e+01     1.9624e+06     
4.4251e-01      6.2320e+01      -1.4062e+02     2.0069e+06     
4.4751e-01      -6.2391e+01     -8.1461e+01     2.0536e+06     
4.5251e-01      1.2877e+02      1.0328e+02      2.0998e+06     
4.5751e-01      -7.9672e+01     4.3549e+02      2.1451e+06     
4.6251e-01      7.7945e+01      1.5292e+02      2.1922e+06     
4.6751e-01      3.5797e+01      2.7623e+02      2.2404e+06     
4.7251e-01      8.1609e+01      1.9065e+02      2.2901e+06     
4.7751e-01      7.7523e+01      -5.0459e+01     2.3384e+06     
4.8251e-01      9.7516e+01      1.5409e+02      2.3869e+06     
4.8751e-01      -6.0734e+01     -2.7394e+02     2.4358e+06     
4.9251e-01      8.3523e+01      -5.6101e+01     2.4872e+06     
4.9751e-01      4.9609e+00      -1.5419e+02     2.5389e+06     
5.0251e-01      -2.0868e+02     3.9588e+02      2.5888e+06     
5.0751e-01      -3.9859e+01     1.9336e+02      2.6410e+06     
5.1251e-01      4.6328e+01      9.4449e+01      2.6914e+06     
5.1751e-01      -2.4656e+01     -1.0955e+02     2.7449e+06     
5.2251e-01      2.0008e+01      -1.7939e+02     2.8001e+06     
5.2751e-01      1.2932e+02      -3.5639e+01     2.8530e+06     
5.3251e-01      -6.5336e+01     -4.0398e+02     2.9080e+06     
5.3751e-01      -8.4625e+01     2.1336e+02      2.9615e+06     
5.4251e-01      -1.5549e+02     1.3131e+02      3.0181e+06     
5.4751e-01      -3.2719e+01     2.0084e+02      3.0734e+06     
5.5251e-01      -2.5249e+02     3.7427e+01      3.1297e+06     
5.5751e-01      -1.4968e+02     -3.3364e+01     3.1876e+06     
5.6251e-01      3.6055e+01      4.4380e+02      3.2433e+06     
5.6751e-01      -1.8362e+02     -1.9639e+02     3.3011e+06     
5.7251e-01      -5.7945e+01     -2.1002e+02     3.3601e+06     
