# k P0 P2 modes
3.7081e-03      1.6849e+04      2.5755e+04      1.9100e+02     
8.0186e-03      2.4532e+04      2.0675e+04      1.3800e+03     
1.2844e-02      4.6345e+04      6.9705e+04      3.7700e+03     
1.7751e-02      4.1866e+04      2.3718e+04      7.2560e+03     
2.2691e-02      2.9517e+04      9.8017e+03      1.2010e+04     
2.7661e-02      3.6747e+04      1.5055e+04      1.7924e+04     
3.2632e-02      2.6518e+04      7.5040e+03      2.4910e+04     
3.7609e-02      2.3407e+04      2.0493e+04      3.3240e+04     
4.2590e-02      2.6087e+04      1.1357e+04      4.2566e+04     
4.7584e-02      1.8996e+04      8.0240e+03      5.3478e+04     
5.2589e-02      1.6099e+04      1.3253e+04      6.5258e+04     
5.7577e-02      1.6012e+04      1.0735e+04      7.7788e+04     
6.2568e-02      1.4588e+04      5.4443e+03      9.2438e+04     
6.7564e-02      1.2207e+04      4.4984e+03      1.0741e+05     
7.2559e-02      1.1735e+04      8.4828e+03      1.2424e+05     
7.7553e-02      1.2785e+04      4.0001e+03      1.4157e+05     
8.2549e-02      9.5506e+03      2.8256e+03      1.6089e+05     
8.7547e-02      1.0804e+04      5.5581e+03      1.8054e+05     
9.2542e-02      7.3636e+03      5.1329e+03      2.0200e+05     
9.7542e-02      8.2963e+03      5.1899e+03      2.2454e+05     
1.0254e-01      7.9845e+03      1.5440e+03      2.4804e+05     
1.0754e-01      6.3225e+03      3.1173e+02      2.7288e+05     
1.1254e-01      5.2449e+03      8.3875e+01      2.9859e+05     
1.1754e-01      5.5248e+03      1.2074e+03      3.2592e+05     
1.2254e-01      5.9726e+03      3.5564e+03      3.5433e+05     
1.2753e-01      5.6286e+03      1.9641e+03      3.8342e+05     
1.3253e-01      5.0794e+03      2.6198e+03      4.1423e+05     
1.3753e-01      4.9273e+03      3.0770e+03      4.4637e+05     
1.4253e-01      4.3113e+03      1.6314e+03      4.7956e+05     
1.4753e-01      3.3153e+03      9.2538e+02      5.1353e+05     
1.5253e-01      3.2171e+03      -1.5587e+02     5.4893e+05     
1.5753e-01      3.2508e+03      1.3186e+01      5.8555e+05     
1.6253e-01      3.4562e+03      1.2214e+03      6.2309e+05     
1.6753e-01      2.8824e+03      1.4144e+03      6.6262e+05     
1.7253e-01      2.2316e+03      8.8983e+02      7.0167e+05     
1.7752e-01      2.5283e+03      7.3337e+02      7.4376e+05     
1.8252e-01      1.6728e+03      2.6571e+03      7.8562e+05     
1.8752e-01      4.7288e+02      1.1428e+03      8.3010e+05     
1.9252e-01      1.8689e+03      6.2047e+02      8.7442e+05     
1.9752e-01      1.7671e+03      8.7525e+02      9.2068e+05     
2.0252e-01      1.3011e+03      1.9403e+03      9.6772e+05     
2.0752e-01      1.5811e+03      1.0988e+03      1.0166e+06     
2.1252e-01      1.4704e+03      7.0771e+02      1.0655e+06     
2.1752e-01      1.9501e+03      9.4944e+02      1.1167e+06     
2.2252e-01      1.6179e+03      -4.8464e+02     1.1679e+06     
2.2752e-01      1.7235e+03      7.1045e+02      1.2220e+06     
2.3252e-01      1.1689e+03      5.9944e+02      1.2756e+06     
2.3752e-01      8.1805e+02      1.1507e+02      1.3322e+06     
2.4252e-01      1.3084e+03      -2.7508e+02     1.3876e+06     
2.4752e-01      9.9808e+02      6.3011e+02      1.4460e+06     
2.5252e-01      1.2815e+03      4.5944e+02      1.5040e+06     
2.5752e-01      1.3430e+03      -2.7514e+02     1.5648e+06     
2.6252e-01      6.3270e+02      4.3253e+02      1.6261e+06     
2.6751e-01      9.5712e+02      -7.1838e+01     1.6885e+06     
2.7251e-01      6.7881e+02      3.4928e+02      1.7529e+06     
2.7751e-01      8.6810e+02      2.4676e+02      1.8179e+06     
2.8252e-01      1.2805e+03      6.1873e+02      1.8833e+06     
2.8752e-01      1.2038e+03      1.0226e+03      1.9511e+06     
2.9251e-01      6.7305e+02      2.9053e+02      2.0185e+06     
2.9751e-01      1.3414e+02      -1.6574e+02     2.0886e+06     
3.0251e-01      4.7128e+02      2.6283e+02      2.1598e+06     
3.0751e-01      5.7905e+02      1.8156e+02      2.2320e+06     
3.1251e-01      5.5734e+02      -8.0411e+00     2.3040e+06     
3.1751e-01      2.8402e+02      4.4715e+01      2.3796e+06     
3.2251e-01      4.4891e+02      5.7223e+02      2.4550e+06     
3.2751e-01      2.4132e+02      -1.6161e+02     2.5320e+06     
3.3251e-01      3.5404e+02      5.6167e+02      2.6095e+06     
3.3751e-01      4.8075e+02      -6.6590e+01     2.6876e+06     
3.4251e-01      -2.5141e+02     9.5055e+01      2.7682e+06     
3.4751e-01      3.3758e+01      -6.3509e+02     2.8494e+06     
3.5251e-01      1.1991e+02      8.1791e+01      2.9332e+06     
3.5751e-01      9.6562e+01      -1.1665e+02     3.0162e+06     
3.6251e-01      -6.1148e+01     2.6426e+02      3.1017e+06     
3.6751e-01      3.3281e+00      2.0343e+02      3.1877e+06     
3.7251e-01      4.3207e+02      6.5474e+02      3.2753e+06     
3.7751e-01      -1.1719e-01     2.9706e+02      3.3626e+06     
3.8251e-01      2.3050e+02      2.6624e+02      3.4523e+06     
3.8751e-01      1.3780e+02      2.5765e+02      3.5442e+06     
3.9251e-01      4.1450e+02      4.9634e+02      3.6361e+06     
3.9751e-01      2.6888e+02      3.0638e+02      3.7286e+06     
4.0251e-01      6.8539e+01      -6.2162e+02     3.8232e+06     
4.0751e-01      2.0551e+02      -2.1333e+02     3.9189e+06     
4.1251e-01      2.2743e+02      -3.7517e+02     4.0169e+06     
4.1751e-01      -1.5000e+00     -2.3416e+02     4.1126e+06     
4.2251e-01      -3.7693e+02     1.1499e+01      4.2134e+06     
4.2751e-01      -3.6325e+02     2.7510e+02      4.3129e+06     
4.3251e-01      6.6078e+01      6.8462e+02      4.4155e+06     
4.3751e-01      -5.1969e+01     -2.6546e+02     4.5171e+06     
4.4251e-01      5.4867e+01      -2.1847e+02     4.6208e+06     
4.4751e-01      -2.3339e+02     -2.9294e+02     4.7267e+06     
4.5251e-01      3.1070e+01      1.1336e+02      4.8327e+06     
4.5751e-01      -3.4425e+02     -2.9413e+02     4.9386e+06     
4.6251e-01      -1.2148e+02     1.3061e+02      5.0482e+06     
