# k P0 P2 modes
3.7054e-03      2.0258e+04      1.4900e+04      8.3000e+01     
8.0027e-03      3.7756e+04      -8.8419e+01     5.9600e+02     
1.2850e-02      3.7608e+04      -4.8018e+03     1.6480e+03     
1.7764e-02      3.5173e+04      3.6805e+03      3.1560e+03     
2.2684e-02      3.3437e+04      1.3519e+04      5.1760e+03     
2.7646e-02      2.8719e+04      1.9078e+04      7.8040e+03     
3.2636e-02      2.6833e+04      1.9002e+03      1.0874e+04     
3.7623e-02      2.6198e+04      3.9388e+03      1.4442e+04     
4.2607e-02      2.1605e+04      5.5694e+03      1.8544e+04     
4.7584e-02      1.7822e+04      1.4193e+04      2.3040e+04     
5.2572e-02      2.0419e+04      5.7410e+03      2.8366e+04     
5.7566e-02      1.6769e+04      5.0074e+03      3.3818e+04     
6.2559e-02      1.7727e+04      2.9890e+03      4.0130e+04     
6.7563e-02      1.5384e+04      3.4155e+03      4.6838e+04     
7.2561e-02      1.2147e+04      5.1929e+03      5.3826e+04     
7.7552e-02      1.1449e+04      8.5401e+02      6.1584e+04     
8.2550e-02      1.0265e+04      4.9746e+03      6.9864e+04     
8.7545e-02      9.5391e+03      2.7095e+03      7.8404e+04     
9.2544e-02      8.0904e+03      1.4342e+03      8.7902e+04     
9.7542e-02      7.6299e+03      3.3112e+03      9.7310e+04     
1.0253e-01      7.6774e+03      4.7053e+02      1.0772e+05     
1.0754e-01      6.7422e+03      2.2400e+03      1.1865e+05     
1.1254e-01      5.8131e+03      1.7906e+03      1.2991e+05     
1.1754e-01      6.3680e+03      1.3621e+03      1.4138e+05     
1.2253e-01      5.7645e+03      2.1468e+03      1.5396e+05     
1.2753e-01      4.8619e+03      8.7693e+02      1.6672e+05     
1.3253e-01      4.9949e+03      9.0829e+02      1.7981e+05     
1.3753e-01      4.3450e+03      1.4319e+03      1.9428e+05     
1.4253e-01      4.6512e+03      5.7593e+02      2.0777e+05     
1.4753e-01      3.9779e+03      6.3639e+02      2.2328e+05     
1.5253e-01      3.0323e+03      8.9082e+02      2.3850e+05     
1.5753e-01      3.1156e+03      1.7072e+02      2.5444e+05     
1.6253e-01      3.3876e+03      6.4127e+02      2.7068e+05     
1.6753e-01      3.0730e+03      5.6701e+02      2.8771e+05     
1.7253e-01      2.9178e+03      6.9376e+02      3.0520e+05     
1.7753e-01      3.7794e+03      1.8392e+03      3.2301e+05     
1.8253e-01      2.7532e+03      4.6895e+02      3.4181e+05     
1.8753e-01      2.2971e+03      -5.8379e+01     3.6002e+05     
1.9252e-01      1.8709e+03      -1.9105e+02     3.7973e+05     
1.9752e-01      2.1516e+03      -5.6643e+02     3.9966e+05     
2.0251e-01      1.7863e+03      -7.1158e+02     4.2032e+05     
2.0752e-01      1.8608e+03      -3.3967e+02     4.4207e+05     
2.1252e-01      1.8088e+03      -1.1895e+03     4.6264e+05     
2.1752e-01      1.7088e+03      3.0633e+02      4.8582e+05     
2.2252e-01      1.0585e+03      5.9604e+02      5.0730e+05     
2.2752e-01      9.9088e+02      9.0976e+01      5.3078e+05     
2.3252e-01      1.5685e+03      -2.6852e+02     5.5452e+05     
2.3752e-01      1.2570e+03      -4.3579e+02     5.7801e+05     
2.4252e-01      4.3847e+02      1.0329e+03      6.0327e+05     
2.4752e-01      1.4012e+03      2.1883e+02      6.2775e+05     
2.5252e-01      1.0541e+03      -8.2934e+02     6.5330e+05     
2.5751e-01      1.0776e+03      -1.6016e+02     6.7990e+05     
2.6251e-01      1.1322e+03      -7.8105e+02     7.0609e+05     
2.6751e-01      9.1491e+02      -5.1271e+02     7.3426e+05     
2.7251e-01      7.9827e+02      1.1574e+02      7.6119e+05     
2.7751e-01      6.7038e+02      -6.9708e+02     7.8997e+05     
2.8252e-01      8.1798e+02      1.3952e+02      8.1825e+05     
2.8751e-01      8.7229e+02      1.2924e+02      8.4702e+05     
2.9251e-01      6.3491e+02      -3.3011e+01     8.7700e+05     
2.9751e-01      4.3906e+02      -5.6973e+02     9.0860e+05     
3.0252e-01      3.5240e+02      -5.6494e+02     9.3780e+05     
3.0752e-01      5.0270e+02      -1.1273e+02     9.6971e+05     
3.1251e-01      8.6185e+02      -3.7683e+02     9.9996e+05     
3.1751e-01      9.4236e+02      -8.2906e+02     1.0341e+06     
3.2251e-01      6.4240e+02      2.2230e+02      1.0664e+06     
3.2751e-01      4.5056e+02      -3.6431e+02     1.1003e+06     
3.3251e-01      2.0438e+02      2.3708e+02      1.1331e+06     
3.3751e-01      2.6181e+02      -3.6151e+02     1.1681e+06     
3.4251e-01      2.1316e+02      -2.8945e+02     1.2033e+06     
3.4751e-01      4.9826e+02      -7.3362e+02     1.2379e+06     
3.5251e-01      1.3234e+02      -7.3733e+01     1.2741e+06     
3.5751e-01      3.3741e+02      -2.9830e+02     1.3102e+06     
3.6251e-01      3.4271e+02      -5.5507e+02     1.3469e+06     
3.6751e-01      -4.9141e+00     -7.6733e+02     1.3853e+06     
3.7251e-01      2.1812e+02      -8.4022e+02     1.4223e+06     
3.7751e-01      3.5766e+02      -2.7977e+01     1.4612e+06     
3.8251e-01      3.2952e+02      -6.1039e+01     1.4995e+06     
3.8751e-01      1.1175e+02      -4.6913e+02     1.5397e+06     
3.9251e-01      1.5166e+02      -1.3038e+01     1.5799e+06     
3.9751e-01      2.2844e+02      3.7869e+01      1.6194e+06     
4.0251e-01      6.2383e+01      2.4851e+01      1.6615e+06     
4.0751e-01      9.3289e+01      6.7564e+02      1.7017e+06     
4.1251e-01      2.4601e+02      -1.4603e+02     1.7450e+06     
4.1751e-01      2.3932e+02      -4.5202e+01     1.7875e+06     
4.2251e-01      2.9656e+01      8.6712e+01      1.8304e+06     
4.2751e-01      7.7422e+00      2.3274e+01      1.8737e+06     
4.3251e-01      1.8148e+02      -8.6416e+01     1.9186e+06     
4.3751e-01      2.6500e+01      1.0127e+02      1.9624e+06     
4.4251e-01      7.2938e+01      -2.7173e+01     2.0069e+06     
4.4751e-01      1.0786e+02      -3.7319e+00     2.0536e+06     
4.5251e-01      2.1095e+02      -5.8861e+01     2.0998e+06     
4.5751e-01      2.7278e+02      8.5171e+01      2.1451e+06     
4.6251e-01      1.1284e+02      1.2154e+02      2.1922e+06     
4.6751e-01      1.0515e+02      2.8768e+02      2.2404e+06     
4.7251e-01      8.7945e+01      2.0306e+02      2.2901e+06     
4.7751e-01      1.3303e+02      2.0308e+02      2.3384e+06     
4.8251e-01      7.7297e+01      1.7671e+02      2.3869e+06     
4.8751e-01      2.8764e+02      -2.4924e+02     2.4358e+06     
4.9251e-01      1.5142e+02      1.5970e+02      2.4872e+06     
4.9751e-01      6.8125e+01      2.3894e+02      2.5389e+06     
5.0251e-01      -5.6516e+01     1.1780e+02      2.5888e+06     
5.0751e-01      3.2797e+01      -1.3376e+02     2.6410e+06     
5.1251e-01      -3.3672e+00     1.8163e+02      2.6914e+06     
5.1751e-01      1.1306e+02      -2.1478e+02     2.7449e+06     
5.2251e-01      -3.5414e+01     -3.6565e+02     2.8001e+06     
5.2751e-01      -7.7594e+01     1.2079e+02      2.8530e+06     
5.3251e-01      5.2273e+01      -4.9728e+02     2.9080e+06     
5.3751e-01      -2.6695e+01     1.1428e+02      2.9615e+06     
5.4251e-01      -1.3480e+02     -2.5966e+02     3.0181e+06     
5.4751e-01      -9.8281e+01     -1.1462e+02     3.0734e+06     
5.5251e-01      -3.0789e+01     -1.3405e+01     3.1297e+06     
5.5751e-01      5.4281e+01      2.5725e+02      3.1876e+06     
5.6251e-01      6.1875e+00      -1.3548e+02     3.2433e+06     
5.6751e-01      1.5703e+01      -2.2931e+02     3.3011e+06     
5.7251e-01      -7.3023e+01     3.7799e+02      3.3601e+06     
