# k P0 P2 modes
3.7054e-03      3.8918e+04      -2.3042e+04     8.3000e+01     
8.0027e-03      6.0599e+04      8.0434e+03      5.9600e+02     
1.2850e-02      3.0628e+04      7.1712e+03      1.6480e+03     
1.7764e-02      3.5065e+04      -1.1763e+04     3.1560e+03     
2.2684e-02      3.1693e+04      1.9899e+04      5.1760e+03     
2.7646e-02      3.0437e+04      1.2072e+04      7.8040e+03     
3.2636e-02      2.6201e+04      2.0628e+04      1.0874e+04     
3.7623e-02      2.4395e+04      7.4140e+03      1.4442e+04     
4.2607e-02      2.0360e+04      3.3261e+03      1.8544e+04     
4.7584e-02      1.8926e+04      4.2375e+03      2.3040e+04     
5.2572e-02      1.8486e+04      1.4368e+04      2.8366e+04     
5.7566e-02      1.7059e+04      8.6514e+03      3.3818e+04     
6.2559e-02      1.6229e+04      7.3008e+03      4.0130e+04     
6.7563e-02      1.2344e+04      2.3377e+03      4.6838e+04     
7.2561e-02      1.3579e+04      9.3823e+02      5.3826e+04     
7.7552e-02      1.3381e+04      5.2570e+03      6.1584e+04     
8.2550e-02      1.0829e+04      2.2398e+03      6.9864e+04     
8.7545e-02      1.0618e+04      2.9480e+03      7.8404e+04     
9.2544e-02      8.9082e+03      4.1940e+03      8.7902e+04     
9.7542e-02      7.4915e+03      2.0498e+03      9.7310e+04     
1.0253e-01      6.9493e+03      7.3173e+01      1.0772e+05     
1.0754e-01      7.1490e+03      1.3901e+03      1.1865e+05     
1.1254e-01      6.4806e+03      1.9286e+03      1.2991e+05     
1.1754e-01      5.6611e+03      2.0783e+03      1.4138e+05     
1.2253e-01      5.1429e+03      2.2242e+03      1.5396e+05     
1.2753e-01      4.8660e+03      1.8555e+03      1.6672e+05     
1.3253e-01      5.0328e+03      -5.7573e+01     1.7981e+05     
1.3753e-01      5.0228e+03      1.9967e+03      1.9428e+05     
1.4253e-01      3.6492e+03      2.0956e+03      2.0777e+05     
1.4753e-01      3.9224e+03      1.4023e+03      2.2328e+05     
1.5253e-01      3.5028e+03      -1.6585e+02     2.3850e+05     
1.5753e-01      2.8558e+03      7.3316e+02      2.5444e+05     
1.6253e-01      3.9773e+03      2.8785e+02      2.7068e+05     
1.6753e-01      3.0605e+03      5.4896e+02      2.8771e+05     
1.7253e-01      1.7463e+03      4.7087e+02      3.0520e+05     
1.7753e-01      2.1923e+03      5.2178e+02      3.2301e+05     
1.8253e-01      2.2059e+03      1.9777e+03      3.4181e+05     
1.8753e-01      2.1203e+03      7.7605e+02      3.6002e+05     
1.9252e-01      1.9101e+03      7.0576e+00      3.7973e+05     
1.9752e-01      2.0718e+03      9.2046e+02      3.9966e+05     
2.0251e-01      1.9940e+03      -6.1419e+02     4.2032e+05     
2.0752e-01      2.0476e+03      -2.3090e+02     4.4207e+05     
2.1252e-01      1.5902e+03      4.3796e+02      4.6264e+05     
2.1752e-01      1.4086e+03      -2.2341e+02     4.8582e+05     
2.2252e-01      1.7373e+03      1.1824e+02      5.0730e+05     
2.2752e-01      1.8056e+03      -2.4506e+02     5.3078e+05     
2.3252e-01      1.4163e+03      2.1368e+02      5.5452e+05     
2.3752e-01      9.8188e+02      6.9672e+02      5.7801e+05     
2.4252e-01      9.1770e+02      3.3806e+02      6.0327e+05     
2.4752e-01      1.3658e+03      -6.9238e+01     6.2775e+05     
2.5252e-01      1.0764e+03      3.0699e+02      6.5330e+05     
2.5751e-01      9.9945e+02      3.6872e+02      6.7990e+05     
2.6251e-01      7.8708e+02      -3.0775e+02     7.0609e+05     
2.6751e-01      5.7898e+02      -1.2376e+03     7.3426e+05     
2.7251e-01      7.9748e+02      -5.9288e+02     7.6119e+05     
2.7751e-01      1.0385e+03      6.9926e+02      7.8997e+05     
2.8252e-01      5.4436e+02      -2.1988e+02     8.1825e+05     
2.8751e-01      6.9052e+02      1.2604e+01      8.4702e+05     
2.9251e-01      9.2558e+02      -9.2975e+02     8.7700e+05     
2.9751e-01      4.0236e+02      9.3914e+01      9.0860e+05     
3.0252e-01      5.0312e+02      4.3578e+01      9.3780e+05     
3.0752e-01      6.9609e+02      -5.1040e+02     9.6971e+05     
3.1251e-01      3.7876e+02      1.3994e+01      9.9996e+05     
3.1751e-01      4.2522e+02      -3.4234e+02     1.0341e+06     
3.2251e-01      1.8165e+02      -7.5364e+02     1.0664e+06     
3.2751e-01      5.1756e+02      3.7229e+02      1.1003e+06     
3.3251e-01      3.4579e+02      -5.4122e+02     1.1331e+06     
3.3751e-01      2.7571e+02      1.7555e+02      1.1681e+06     
3.4251e-01      3.6838e+02      -3.0047e+02     1.2033e+06     
3.4751e-01      4.1159e+02      3.1804e+02      1.2379e+06     
3.5251e-01      2.2541e+02      -3.9691e+02     1.2741e+06     
3.5751e-01      2.5419e+02      -2.1139e+02     1.3102e+06     
3.6251e-01      4.9150e+02      4.6989e+02      1.3469e+06     
3.6751e-01      2.3109e+02      3.7797e+02      1.3853e+06     
3.7251e-01      3.7919e+02      -4.7227e+01     1.4223e+06     
3.7751e-01      2.1478e+02      3.9525e+02      1.4612e+06     
3.8251e-01      2.0802e+02      -2.2358e+02     1.4995e+06     
3.8751e-01      3.7523e+02      -4.3883e+02     1.5397e+06     
3.9251e-01      1.6164e+02      -7.4857e+01     1.5799e+06     
3.9751e-01      3.4496e+02      5.3562e+02      1.6194e+06     
4.0251e-01      3.8943e+02      -1.2872e+02     1.6615e+06     
4.0751e-01      2.1055e+02      -2.3109e+02     1.7017e+06     
4.1251e-01      2.4070e+02      -1.9957e+01     1.7450e+06     
4.1751e-01      1.2857e+02      -2.2922e+01     1.7875e+06     
4.2251e-01      1.1753e+02      1.1635e+02      1.8304e+06     
4.2751e-01      1.7080e+02      -3.6380e+02     1.8737e+06     
4.3251e-01      2.6104e+02      -4.4877e+02     1.9186e+06     
4.3751e-01      -3.2656e+00     -4.1033e+02     1.9624e+06     
4.4251e-01      5.2602e+01      -8.2211e+01     2.0069e+06     
4.4751e-01      1.1549e+02      5.1466e+01      2.0536e+06     
4.5251e-01      -2.1984e+01     3.0748e+02      2.0998e+06     
4.5751e-01      2.7828e+01      1.0971e+02      2.1451e+06     
4.6251e-01      2.3898e+01      3.7304e+02      2.1922e+06     
4.6751e-01      -1.5358e+02     3.6926e+02      2.2404e+06     
4.7251e-01      1.4271e+02      4.3968e+02      2.2901e+06     
4.7751e-01      8.0938e+01      7.6355e+01      2.3384e+06     
4.8251e-01      5.6234e+01      2.7122e+02      2.3869e+06     
4.8751e-01      2.4969e+01      3.1750e+02      2.4358e+06     
4.9251e-01      7.2000e+01      -1.8307e+02     2.4872e+06     
4.9751e-01      4.8438e-01      -8.2098e+01     2.5389e+06     
5.0251e-01      -1.1467e+02     2.0359e+02      2.5888e+06     
5.0751e-01      -2.2141e+01     -2.2182e+02     2.6410e+06     
5.1251e-01      1.6827e+02      2.7672e+02      2.6914e+06     
5.1751e-01      -2.3375e+01     2.0622e+01      2.7449e+06     
5.2251e-01      -1.2198e+02     6.2623e+01      2.8001e+06     
5.2751e-01      -4.2266e+00     -7.8729e+01     2.8530e+06     
5.3251e-01      -3.4484e+01     1.0532e+02      2.9080e+06     
5.3751e-01      -2.0883e+01     5.6558e+02      2.9615e+06     
5.4251e-01      3.1819e+02      1.2309e+02      3.0181e+06     
5.4751e-01      1.6839e+02      -8.1780e+00     3.0734e+06     
5.5251e-01      -1.4094e+01     -8.1169e-01     3.1297e+06     
5.5751e-01      1.4570e+01      -1.7671e+02     3.1876e+06     
5.6251e-01      -6.3406e+01     -1.4809e+02     3.2433e+06     
5.6751e-01      1.5391e+00      2.4729e+02      3.3011e+06     
5.7251e-01      -5.9922e+00     -1.0441e+02     3.3601e+06     
