# k P0 P2
# reduced chi2 = 0.9042
8.0027e-03      3.1338e+04      1.1288e+04     
1.2850e-02      3.5894e+04      1.4593e+04     
1.7764e-02      3.6524e+04      1.5472e+04     
2.2684e-02      3.4602e+04      1.4831e+04     
2.7646e-02      3.1362e+04      1.3412e+04     
3.2636e-02      2.7770e+04      1.1771e+04     
3.7623e-02      2.4463e+04      1.0257e+04     
4.2607e-02      2.1743e+04      9.0304e+03     
4.7584e-02      1.9648e+04      8.1039e+03     
5.2572e-02      1.8075e+04      7.4176e+03     
5.7566e-02      1.6854e+04      6.8805e+03     
6.2559e-02      1.5804e+04      6.4016e+03     
6.7563e-02      1.4775e+04      5.9114e+03     
7.2560e-02      1.3684e+04      5.3789e+03     
7.7552e-02      1.2519e+04      4.8077e+03     
8.2550e-02      1.1318e+04      4.2252e+03     
8.7545e-02      1.0156e+04      3.6715e+03     
9.2544e-02      9.1028e+03      3.1796e+03     
9.7542e-02      8.2087e+03      2.7693e+03     
1.0253e-01      7.4916e+03      2.4435e+03     
1.0754e-01      6.9369e+03      2.1903e+03     
1.1254e-01      6.5115e+03      1.9908e+03     
1.1754e-01      6.1703e+03      1.8236e+03     
1.2253e-01      5.8660e+03      1.6691e+03     
1.2753e-01      5.5604e+03      1.5138e+03     
1.3253e-01      5.2314e+03      1.3522e+03     
1.3753e-01      4.8734e+03      1.1856e+03     
1.4253e-01      4.4978e+03      1.0205e+03     
1.4753e-01      4.1241e+03      8.6471e+02     
1.5253e-01      3.7730e+03      7.2452e+02     
1.5753e-01      3.4614e+03      6.0355e+02     
1.6253e-01      3.1982e+03      5.0201e+02     
1.6753e-01      2.9834e+03      4.1735e+02     
1.7253e-01      2.8098e+03      3.4555e+02     
1.7753e-01      2.6661e+03      2.8243e+02     
1.8253e-01      2.5394e+03      2.2449e+02     
1.8752e-01      2.4182e+03      1.6945e+02     
1.9252e-01      2.2933e+03      1.1631e+02     
1.9752e-01      2.1610e+03      6.5292e+01     
2.0251e-01      2.0216e+03      1.7329e+01     
2.0752e-01      1.8800e+03      -2.6536e+01    
2.1252e-01      1.7422e+03      -6.5575e+01    
2.1752e-01      1.6136e+03      -9.9721e+01    
2.2252e-01      1.4981e+03      -1.2941e+02    
2.2752e-01      1.3971e+03      -1.5538e+02    
2.3252e-01      1.3103e+03      -1.7854e+02    
2.3752e-01      1.2355e+03      -1.9959e+02    
2.4252e-01      1.1695e+03      -2.1905e+02    
2.4752e-01      1.1087e+03      -2.3709e+02    
2.5252e-01      1.0498e+03      -2.5356e+02    
2.5751e-01      9.9091e+02      -2.6826e+02    
2.6251e-01      9.3108e+02      -2.8093e+02    
2.6751e-01      8.7049e+02      -2.9141e+02    
2.7251e-01      8.1040e+02      -2.9982e+02    
2.7752e-01      7.5219e+02      -3.0641e+02    
2.8252e-01      6.9724e+02      -3.1158e+02    
2.8751e-01      6.4684e+02      -3.1582e+02    
2.9251e-01      6.0134e+02      -3.1955e+02    
2.9751e-01      5.6032e+02      -3.2295e+02    
