# k P0 P2
# reduced chi2 = 0.8690
8.0027e-03      3.9702e+04      1.2034e+04     
1.2850e-02      3.9524e+04      1.4926e+04     
1.7764e-02      3.8251e+04      1.5594e+04     
2.2684e-02      3.5394e+04      1.4848e+04     
2.7646e-02      3.1650e+04      1.3393e+04     
3.2636e-02      2.7780e+04      1.1741e+04     
3.7623e-02      2.4319e+04      1.0230e+04     
4.2607e-02      2.1508e+04      9.0104e+03     
4.7584e-02      1.9357e+04      8.0911e+03     
5.2572e-02      1.7746e+04      7.4113e+03     
5.7566e-02      1.6500e+04      6.8805e+03     
6.2559e-02      1.5434e+04      6.4082e+03     
6.7563e-02      1.4399e+04      5.9252e+03     
7.2560e-02      1.3311e+04      5.4003e+03     
7.7552e-02      1.2155e+04      4.8365e+03     
8.2550e-02      1.0968e+04      4.2606e+03     
8.7545e-02      9.8229e+03      3.7126e+03     
9.2544e-02      8.7863e+03      3.2254e+03     
9.7542e-02      7.9065e+03      2.8190e+03     
1.0253e-01      7.2008e+03      2.4966e+03     
1.0754e-01      6.6548e+03      2.2466e+03     
1.1254e-01      6.2359e+03      2.0505e+03     
1.1754e-01      5.8998e+03      1.8868e+03     
1.2253e-01      5.6004e+03      1.7357e+03     
1.2753e-01      5.3001e+03      1.5833e+03     
1.3253e-01      4.9773e+03      1.4240e+03     
1.3753e-01      4.6263e+03      1.2587e+03     
1.4253e-01      4.2583e+03      1.0939e+03     
1.4753e-01      3.8922e+03      9.3766e+02     
1.5253e-01      3.5483e+03      7.9650e+02     
1.5753e-01      3.2430e+03      6.7443e+02     
1.6253e-01      2.9851e+03      5.7199e+02     
1.6753e-01      2.7746e+03      4.8682e+02     
1.7253e-01      2.6045e+03      4.1491e+02     
1.7753e-01      2.4637e+03      3.5200e+02     
1.8253e-01      2.3396e+03      2.9433e+02     
1.8752e-01      2.2209e+03      2.3941e+02     
1.9252e-01      2.0986e+03      1.8599e+02     
1.9752e-01      1.9689e+03      1.3417e+02     
2.0251e-01      1.8323e+03      8.4866e+01     
2.0752e-01      1.6934e+03      3.9260e+01     
2.1252e-01      1.5583e+03      -1.7414e+00    
2.1752e-01      1.4321e+03      -3.7878e+01    
2.2252e-01      1.3186e+03      -6.9429e+01    
2.2752e-01      1.2195e+03      -9.7028e+01    
2.3252e-01      1.1343e+03      -1.2156e+02    
2.3752e-01      1.0608e+03      -1.4375e+02    
2.4252e-01      9.9604e+02      -1.6419e+02    
2.4752e-01      9.3635e+02      -1.8317e+02    
2.5252e-01      8.7851e+02      -2.0066e+02    
2.5751e-01      8.2067e+02      -2.1650e+02    
2.6251e-01      7.6186e+02      -2.3047e+02    
2.6751e-01      7.0228e+02      -2.4243e+02    
2.7251e-01      6.4315e+02      -2.5242e+02    
2.7752e-01      5.8584e+02      -2.6063e+02    
2.8252e-01      5.3173e+02      -2.6739e+02    
2.8751e-01      4.8207e+02      -2.7313e+02    
2.9251e-01      4.3725e+02      -2.7822e+02    
2.9751e-01      3.9684e+02      -2.8287e+02    
