# k P0 P2
# reduced chi2 = 0.9198
8.0504e-03      3.6519e+04      9.4865e+03     
1.2849e-02      3.6694e+04      1.3750e+04     
1.7752e-02      3.5825e+04      1.4667e+04     
2.2692e-02      3.3314e+04      1.4091e+04     
2.7648e-02      2.9916e+04      1.2774e+04     
3.2613e-02      2.6365e+04      1.1252e+04     
3.7611e-02      2.3139e+04      9.8414e+03     
4.2613e-02      2.0503e+04      8.7031e+03     
4.7605e-02      1.8485e+04      7.8511e+03     
5.2591e-02      1.6975e+04      7.2288e+03     
5.7568e-02      1.5809e+04      6.7478e+03     
6.2562e-02      1.4807e+04      6.3179e+03     
6.7567e-02      1.3833e+04      5.8736e+03     
7.2573e-02      1.2807e+04      5.3826e+03     
7.7565e-02      1.1718e+04      4.8494e+03     
8.2548e-02      1.0603e+04      4.3017e+03     
8.7544e-02      9.5216e+03      3.7758e+03     
9.2544e-02      8.5412e+03      3.3072e+03     
9.7542e-02      7.7083e+03      2.9168e+03     
1.0254e-01      7.0388e+03      2.6085e+03     
1.0754e-01      6.5216e+03      2.3725e+03     
1.1254e-01      6.1253e+03      2.1903e+03     
1.1753e-01      5.8077e+03      2.0401e+03     
1.2252e-01      5.5248e+03      1.9015e+03     
1.2753e-01      5.2405e+03      1.7596e+03     
1.3254e-01      4.9338e+03      1.6076e+03     
1.3753e-01      4.6009e+03      1.4469e+03     
1.4253e-01      4.2507e+03      1.2837e+03     
1.4752e-01      3.9010e+03      1.1265e+03     
1.5253e-01      3.5718e+03      9.8344e+02     
1.5752e-01      3.2793e+03      8.5947e+02     
1.6252e-01      3.0317e+03      7.5574e+02     
1.6752e-01      2.8295e+03      6.7040e+02     
1.7252e-01      2.6661e+03      5.9941e+02     
1.7752e-01      2.5310e+03      5.3810e+02     
1.8252e-01      2.4120e+03      4.8211e+02     
1.8752e-01      2.2978e+03      4.2815e+02     
1.9252e-01      2.1799e+03      3.7434e+02     
1.9752e-01      2.0546e+03      3.2050e+02     
2.0252e-01      1.9223e+03      2.6760e+02     
2.0752e-01      1.7877e+03      2.1734e+02     
2.1252e-01      1.6561e+03      1.7099e+02     
2.1752e-01      1.5330e+03      1.2944e+02     
2.2252e-01      1.4221e+03      9.2848e+01     
2.2752e-01      1.3252e+03      6.0872e+01     
2.3252e-01      1.2418e+03      3.2709e+01     
2.3752e-01      1.1698e+03      7.5059e+00     
2.4252e-01      1.1063e+03      -1.5528e+01    
2.4752e-01      1.0477e+03      -3.7049e+01    
2.5252e-01      9.9088e+02      -5.7344e+01    
2.5752e-01      9.3389e+02      -7.6395e+01    
2.6252e-01      8.7585e+02      -9.4119e+01    
2.6752e-01      8.1695e+02      -1.1027e+02    
2.7252e-01      7.5836e+02      -1.2474e+02    
2.7752e-01      7.0142e+02      -1.3757e+02    
2.8252e-01      6.4758e+02      -1.4884e+02    
2.8752e-01      5.9806e+02      -1.5878e+02    
2.9251e-01      5.5329e+02      -1.6772e+02    
2.9751e-01      5.1290e+02      -1.7588e+02    
