# k P0 P2
# reduced chi2 = 1.0616
8.0027e-03      3.1745e+04      1.1304e+04     
1.2850e-02      3.5078e+04      1.4401e+04     
1.7764e-02      3.5247e+04      1.5213e+04     
2.2684e-02      3.3199e+04      1.4579e+04     
2.7646e-02      2.9992e+04      1.3203e+04     
3.2636e-02      2.6502e+04      1.1615e+04     
3.7623e-02      2.3313e+04      1.0153e+04     
4.2607e-02      2.0700e+04      8.9714e+03     
4.7584e-02      1.8692e+04      8.0834e+03     
5.2572e-02      1.7188e+04      7.4315e+03     
5.7566e-02      1.6023e+04      6.9266e+03     
6.2559e-02      1.5025e+04      6.4791e+03     
6.7563e-02      1.4048e+04      6.0190e+03     
7.2560e-02      1.3013e+04      5.5142e+03     
7.7552e-02      1.1907e+04      4.9667e+03     
8.2550e-02      1.0765e+04      4.4030e+03     
8.7545e-02      9.6596e+03      3.8634e+03     
9.2544e-02      8.6575e+03      3.3819e+03     
9.7542e-02      7.8066e+03      2.9799e+03     
1.0253e-01      7.1249e+03      2.6620e+03     
1.0754e-01      6.5987e+03      2.4175e+03     
1.1254e-01      6.1965e+03      2.2279e+03     
1.1754e-01      5.8750e+03      2.0714e+03     
1.2253e-01      5.5888e+03      1.9271e+03     
1.2753e-01      5.3007e+03      1.7802e+03     
1.3253e-01      4.9891e+03      1.6240e+03     
1.3753e-01      4.6486e+03      1.4590e+03     
1.4253e-01      4.2899e+03      1.2919e+03     
1.4753e-01      3.9321e+03      1.1316e+03     
1.5253e-01      3.5954e+03      9.8551e+02     
1.5753e-01      3.2963e+03      8.5867e+02     
1.6253e-01      3.0439e+03      7.5235e+02     
1.6753e-01      2.8383e+03      6.6454e+02     
1.7253e-01      2.6726e+03      5.9119e+02     
1.7753e-01      2.5360e+03      5.2764e+02     
1.8253e-01      2.4157e+03      4.6958e+02     
1.8752e-01      2.3004e+03      4.1385e+02     
1.9252e-01      2.1811e+03      3.5867e+02     
1.9752e-01      2.0539e+03      3.0384e+02     
2.0251e-01      1.9194e+03      2.5029e+02     
2.0752e-01      1.7821e+03      1.9951e+02     
2.1252e-01      1.6481e+03      1.5289e+02     
2.1752e-01      1.5229e+03      1.1115e+02     
2.2252e-01      1.4103e+03      7.4399e+01     
2.2752e-01      1.3120e+03      4.2231e+01     
2.3252e-01      1.2275e+03      1.3832e+01     
2.3752e-01      1.1548e+03      -1.1640e+01    
2.4252e-01      1.0908e+03      -3.4978e+01    
2.4752e-01      1.0318e+03      -5.6731e+01    
2.5252e-01      9.7446e+02      -7.7135e+01    
2.5751e-01      9.1698e+02      -9.6196e+01    
2.6251e-01      8.5832e+02      -1.1377e+02    
2.6751e-01      7.9869e+02      -1.2966e+02    
2.7251e-01      7.3935e+02      -1.4380e+02    
2.7752e-01      6.8172e+02      -1.5622e+02    
2.8252e-01      6.2724e+02      -1.6707e+02    
2.8751e-01      5.7721e+02      -1.7665e+02    
2.9251e-01      5.3205e+02      -1.8527e+02    
2.9751e-01      4.9134e+02      -1.9314e+02    
