# k P0 P2 modes
3.7054e-03      3.1240e+04      -4.7820e+02     8.3000e+01     
8.0027e-03      3.1975e+04      2.3520e+04      5.9600e+02     
1.2850e-02      4.5419e+04      1.4112e+04      1.6480e+03     
1.7764e-02      3.7950e+04      3.9586e+04      3.1560e+03     
2.2684e-02      2.9990e+04      2.7775e+04      5.1760e+03     
2.7646e-02      2.8600e+04      2.8945e+04      7.8040e+03     
3.2636e-02      2.7943e+04      1.3838e+04      1.0874e+04     
3.7623e-02      2.5664e+04      8.2431e+03      1.4442e+04     
4.2607e-02      2.0560e+04      9.8290e+03      1.8544e+04     
4.7584e-02      2.1624e+04      5.5272e+03      2.3040e+04     
5.2572e-02      1.9356e+04      4.4091e+03      2.8366e+04     
5.7566e-02      1.9861e+04      5.7061e+03      3.3818e+04     
6.2559e-02      1.3765e+04      7.2177e+03      4.0130e+04     
6.7563e-02      1.6394e+04      5.1330e+03      4.6838e+04     
7.2561e-02      1.1921e+04      4.3768e+03      5.3826e+04     
7.7552e-02      1.2841e+04      -1.0195e+03     6.1584e+04     
8.2550e-02      1.2316e+04      8.9624e+03      6.9864e+04     
8.7545e-02      1.1336e+04      3.5922e+03      7.8404e+04     
9.2544e-02      9.5879e+03      2.9919e+03      8.7902e+04     
9.7542e-02      8.8312e+03      -1.2331e+03     9.7310e+04     
1.0253e-01      7.7943e+03      6.9709e+02      1.0772e+05     
1.0754e-01      5.8921e+03      3.4182e+03      1.1865e+05     
1.1254e-01      5.4856e+03      3.0840e+03      1.2991e+05     
1.1754e-01      6.4603e+03      5.2024e+02      1.4138e+05     
1.2253e-01      6.0262e+03      4.6765e+02      1.5396e+05     
1.2753e-01      4.8649e+03      4.0296e+02      1.6672e+05     
1.3253e-01      4.1446e+03      1.7620e+02      1.7981e+05     
1.3753e-01      3.8645e+03      -4.0486e+02     1.9428e+05     
1.4253e-01      4.7424e+03      -5.2849e+02     2.0777e+05     
1.4753e-01      3.7982e+03      3.5950e+02      2.2328e+05     
1.5253e-01      3.0892e+03      7.6608e+02      2.3850e+05     
1.5753e-01      3.4973e+03      -1.9195e+03     2.5444e+05     
1.6253e-01      2.5285e+03      -6.7299e+02     2.7068e+05     
1.6753e-01      2.6740e+03      -1.3424e+03     2.8771e+05     
1.7253e-01      2.9395e+03      -9.3366e+02     3.0520e+05     
1.7753e-01      2.7925e+03      -3.6711e+02     3.2301e+05     
1.8253e-01      2.6319e+03      -4.5587e+02     3.4181e+05     
1.8753e-01      2.5636e+03      2.5648e+02      3.6002e+05     
1.9252e-01      2.3744e+03      -4.2137e+02     3.7973e+05     
1.9752e-01      2.5567e+03      -3.5369e+02     3.9966e+05     
2.0251e-01      1.5440e+03      -7.1799e+02     4.2032e+05     
2.0752e-01      1.4961e+03      -7.7813e+01     4.4207e+05     
2.1252e-01      1.1996e+03      1.4364e+03      4.6264e+05     
2.1752e-01      1.4514e+03      -7.4067e+01     4.8582e+05     
2.2252e-01      1.2138e+03      -8.1702e+02     5.0730e+05     
2.2752e-01      1.3619e+03      1.6599e+02      5.3078e+05     
2.3252e-01      9.9214e+02      -6.7065e+02     5.5452e+05     
2.3752e-01      6.1077e+02      6.4506e+02      5.7801e+05     
2.4252e-01      7.6838e+02      -6.3829e+02     6.0327e+05     
2.4752e-01      1.4557e+03      -7.3714e+02     6.2775e+05     
2.5252e-01      6.8170e+02      -6.8547e+02     6.5330e+05     
2.5751e-01      6.1966e+02      -2.6551e+02     6.7990e+05     
2.6251e-01      1.0810e+03      -1.4435e+02     7.0609e+05     
2.6751e-01      6.0197e+02      -1.2125e+03     7.3426e+05     
2.7251e-01      6.5745e+02      -3.8457e+02     7.6119e+05     
2.7751e-01      4.8167e+02      -2.2277e+02     7.8997e+05     
2.8252e-01      6.4070e+02      -2.8348e+02     8.1825e+05     
2.8751e-01      4.8566e+02      5.8067e+02      8.4702e+05     
2.9251e-01      4.7297e+02      -1.3810e+02     8.7700e+05     
2.9751e-01      5.7266e+02      2.1282e+02      9.0860e+05     
3.0252e-01      2.7573e+02      -9.4412e+01     9.3780e+05     
3.0752e-01      7.2779e+02      -1.2960e+03     9.6971e+05     
3.1251e-01      4.0252e+02      -5.5369e+02     9.9996e+05     
3.1751e-01      5.0234e+02      -8.2740e+02     1.0341e+06     
3.2251e-01      4.8127e+02      -3.2668e+02     1.0664e+06     
3.2751e-01      1.9395e+02      4.3766e+02      1.1003e+06     
3.3251e-01      -1.0914e+01     1.5974e+02      1.1331e+06     
3.3751e-01      -2.9588e+02     -1.2388e+02     1.1681e+06     
3.4251e-01      -7.7117e+01     -6.0365e+02     1.2033e+06     
3.4751e-01      3.2769e+02      -8.4296e+02     1.2379e+06     
3.5251e-01      4.7724e+02      -1.8549e+01     1.2741e+06     
3.5751e-01      5.7148e+01      -4.7165e+02     1.3102e+06     
3.6251e-01      1.9489e+02      -6.4134e+01     1.3469e+06     
3.6751e-01      1.2589e+02      -8.4401e+02     1.3853e+06     
3.7251e-01      9.5859e+01      -1.0244e+03     1.4223e+06     
3.7751e-01      -1.5389e+02     2.6293e+02      1.4612e+06     
3.8251e-01      2.0002e+02      -3.6751e+02     1.4995e+06     
3.8751e-01      3.4375e+00      -4.5563e+02     1.5397e+06     
3.9251e-01      4.2591e+02      4.9109e+02      1.5799e+06     
3.9751e-01      9.8234e+01      3.9192e+02      1.6194e+06     
4.0251e-01      -5.5789e+01     2.9181e+01      1.6615e+06     
4.0751e-01      1.0470e+02      -4.1509e+02     1.7017e+06     
4.1251e-01      3.9773e+01      -5.6783e+02     1.7450e+06     
4.1751e-01      -2.2048e+02     -3.7790e+02     1.7875e+06     
4.2251e-01      2.9688e+02      -3.2815e+02     1.8304e+06     
4.2751e-01      -9.9883e+01     -3.9129e+02     1.8737e+06     
4.3251e-01      2.1271e+02      -1.1991e+02     1.9186e+06     
4.3751e-01      1.4040e+02      -2.7970e+02     1.9624e+06     
4.4251e-01      -8.9094e+01     -5.2421e+02     2.0069e+06     
4.4751e-01      -2.8703e+01     -5.4114e+02     2.0536e+06     
4.5251e-01      -8.0234e+01     -2.1022e+02     2.0998e+06     
4.5751e-01      -1.0570e+02     -2.2564e+01     2.1451e+06     
4.6251e-01      8.6750e+01      -5.4083e+02     2.1922e+06     
4.6751e-01      9.1859e+01      -4.0370e+02     2.2404e+06     
4.7251e-01      3.0328e+01      -4.6203e+01     2.2901e+06     
4.7751e-01      3.1273e+02      -4.8157e+02     2.3384e+06     
4.8251e-01      3.9054e+02      2.1710e+02      2.3869e+06     
4.8751e-01      3.8338e+02      -4.0680e+02     2.4358e+06     
4.9251e-01      -5.0156e+00     -8.0501e+02     2.4872e+06     
4.9751e-01      2.4219e-01      -2.5237e+02     2.5389e+06     
5.0251e-01      2.3627e+02      -2.5460e+02     2.5888e+06     
5.0751e-01      1.0616e+02      -7.9810e+00     2.6410e+06     
5.1251e-01      -1.2826e+02     -9.1621e+01     2.6914e+06     
5.1751e-01      3.3570e+01      -2.0451e+02     2.7449e+06     
5.2251e-01      2.2141e+01      -4.5685e+01     2.8001e+06     
5.2751e-01      4.9336e+01      2.7093e+02      2.8530e+06     
5.3251e-01      -1.1430e+02     9.8359e+01      2.9080e+06     
5.3751e-01      -2.9719e+01     1.8414e+02      2.9615e+06     
5.4251e-01      3.1055e+01      -2.2721e+02     3.0181e+06     
5.4751e-01      6.6117e+01      1.8149e+01      3.0734e+06     
5.5251e-01      1.4007e+02      7.6906e+02      3.1297e+06     
5.5751e-01      -1.7391e+01     2.2910e+02      3.1876e+06     
5.6251e-01      1.9220e+02      6.1762e+01      3.2433e+06     
5.6751e-01      5.3867e+01      4.0410e+02      3.3011e+06     
5.7251e-01      4.7281e+01      3.7110e+02      3.3601e+06     
