# k P0 P2 modes
3.7860e-03      3.3110e+03      -3.7874e+04     2.2300e+02     
8.0557e-03      3.7190e+04      -1.7024e+03     1.5160e+03     
1.2839e-02      4.0921e+04      1.1110e+04      4.1300e+03     
1.7758e-02      3.8945e+04      8.5406e+03      8.0580e+03     
2.2686e-02      4.1951e+04      1.7253e+04      1.3118e+04     
2.7645e-02      2.9423e+04      1.0806e+04      1.9784e+04     
3.2626e-02      2.6673e+04      1.5199e+04      2.7482e+04     
3.7615e-02      2.8204e+04      7.2974e+03      3.6794e+04     
4.2612e-02      2.4931e+04      7.9652e+03      4.7060e+04     
4.7588e-02      1.9384e+04      5.7345e+03      5.8466e+04     
5.2576e-02      1.9415e+04      8.8630e+03      7.1934e+04     
5.7577e-02      1.6105e+04      1.1053e+04      8.6096e+04     
6.2571e-02      1.6596e+04      4.8079e+03      1.0167e+05     
6.7564e-02      1.3682e+04      1.9160e+03      1.1849e+05     
7.2555e-02      1.4745e+04      -2.0661e+02     1.3659e+05     
7.7552e-02      1.1711e+04      1.9542e+03      1.5654e+05     
8.2550e-02      1.0850e+04      4.3090e+03      1.7690e+05     
8.7547e-02      7.5654e+03      2.2321e+03      1.9940e+05     
9.2546e-02      8.2116e+03      1.8739e+03      2.2258e+05     
9.7541e-02      7.6824e+03      -9.7230e+02     2.4711e+05     
1.0254e-01      6.3025e+03      2.6867e+03      2.7352e+05     
1.0754e-01      6.6449e+03      4.2984e+03      3.0053e+05     
1.1254e-01      6.7885e+03      8.0222e+02      3.2983e+05     
1.1754e-01      6.1818e+03      -2.0955e+03     3.5888e+05     
1.2253e-01      4.7689e+03      2.5744e+03      3.9021e+05     
1.2753e-01      5.1918e+03      2.6375e+03      4.2301e+05     
1.3253e-01      5.4718e+03      2.3088e+03      4.5655e+05     
1.3753e-01      4.9446e+03      1.3007e+03      4.9198e+05     
1.4253e-01      4.3796e+03      1.0742e+03      5.2826e+05     
1.4753e-01      4.0467e+03      -9.9290e+02     5.6575e+05     
1.5253e-01      3.5692e+03      9.5038e+02      6.0512e+05     
1.5753e-01      3.3596e+03      1.7826e+02      6.4543e+05     
1.6253e-01      2.9042e+03      1.8896e+02      6.8727e+05     
1.6753e-01      2.1859e+03      8.9325e+01      7.2993e+05     
1.7252e-01      2.4979e+03      -2.1762e+03     7.7319e+05     
1.7752e-01      2.2216e+03      -1.2751e+03     8.2002e+05     
1.8252e-01      2.6139e+03      -5.3036e+02     8.6670e+05     
1.8752e-01      2.2759e+03      5.6724e+02      9.1408e+05     
1.9252e-01      1.9905e+03      -3.1653e+02     9.6442e+05     
1.9752e-01      1.9278e+03      -8.0830e+02     1.0148e+06     
2.0252e-01      1.6597e+03      -7.7098e+02     1.0664e+06     
2.0752e-01      1.6293e+03      1.3333e+03      1.1195e+06     
2.1252e-01      1.5258e+03      -4.7847e+01     1.1755e+06     
2.1752e-01      9.6357e+02      -5.6466e+02     1.2297e+06     
2.2252e-01      7.9434e+02      -2.6647e+02     1.2877e+06     
2.2752e-01      1.1761e+03      1.5211e+02      1.3469e+06     
2.3252e-01      1.4456e+03      -2.2647e+02     1.4056e+06     
2.3752e-01      1.0950e+03      -9.9397e+02     1.4678e+06     
2.4252e-01      7.7559e+02      -4.0461e+02     1.5297e+06     
2.4752e-01      1.0625e+03      -6.8442e+02     1.5934e+06     
2.5252e-01      1.1247e+03      5.8462e+02      1.6588e+06     
2.5752e-01      8.0126e+02      -6.4277e+02     1.7236e+06     
2.6251e-01      4.5566e+02      -5.3929e+02     1.7932e+06     
2.6752e-01      1.0607e+03      5.8677e+01      1.8613e+06     
2.7251e-01      9.0456e+02      -1.0498e+03     1.9309e+06     
2.7751e-01      8.0685e+02      6.9608e+02      2.0046e+06     
2.8252e-01      4.1405e+02      -1.1800e+02     2.0749e+06     
2.8751e-01      7.9391e+01      -1.5289e+03     2.1505e+06     
2.9251e-01      2.7082e+02      -2.1871e+02     2.2248e+06     
2.9751e-01      2.8854e+02      4.5087e+02      2.3029e+06     
3.0251e-01      3.1995e+02      2.9504e+02      2.3814e+06     
3.0751e-01      6.3727e+01      3.4352e+02      2.4590e+06     
3.1251e-01      -5.6422e+01     1.5134e+02      2.5397e+06     
3.1751e-01      3.5391e+02      -1.9521e+02     2.6231e+06     
3.2251e-01      1.6408e+02      -5.8611e+02     2.7040e+06     
3.2751e-01      2.9022e+02      -2.7078e+02     2.7905e+06     
3.3251e-01      1.3839e+02      -6.4685e+02     2.8762e+06     
3.3751e-01      2.0938e+02      -1.1803e+03     2.9630e+06     
3.4251e-01      3.5503e+02      -1.2282e+02     3.0520e+06     
3.4751e-01      3.6727e+02      -4.7224e+02     3.1406e+06     
3.5251e-01      -2.0795e+02     1.1380e+01      3.2325e+06     
3.5751e-01      -6.4391e+01     -4.1921e+01     3.3242e+06     
3.6251e-01      -2.7627e+02     -1.9120e+02     3.4175e+06     
3.6751e-01      -4.7125e+01     -1.5621e+03     3.5140e+06     
3.7251e-01      1.7062e+02      -1.2448e+02     3.6094e+06     
3.7751e-01      8.8648e+01      -1.2152e+02     3.7072e+06     
3.8251e-01      8.8578e+01      -4.0002e+02     3.8061e+06     
3.8751e-01      2.5341e+02      -1.4981e+02     3.9054e+06     
3.9251e-01      1.4082e+02      3.8649e+02      4.0072e+06     
3.9751e-01      6.6820e+01      -4.0793e+02     4.1094e+06     
4.0251e-01      4.1328e+02      -4.2335e+02     4.2157e+06     
4.0751e-01      7.5945e+01      2.6388e+02      4.3198e+06     
4.1251e-01      1.3828e+00      4.5925e+02      4.4253e+06     
4.1751e-01      2.2333e+02      4.7941e+02      4.5333e+06     
4.2251e-01      1.2081e+02      3.2135e+02      4.6377e+06     
