# k P0 P2 modes
3.7054e-03      9.4226e+04      3.7380e+03      8.3000e+01     
8.0027e-03      4.4277e+04      7.6899e+03      5.9600e+02     
1.2850e-02      4.4949e+04      9.4069e+03      1.6480e+03     
1.7764e-02      3.9178e+04      2.3972e+04      3.1560e+03     
2.2684e-02      3.8181e+04      1.2884e+04      5.1760e+03     
2.7646e-02      3.4857e+04      6.5548e+03      7.8040e+03     
3.2636e-02      3.0956e+04      1.2178e+03      1.0874e+04     
3.7623e-02      2.4922e+04      5.3669e+03      1.4442e+04     
4.2607e-02      2.4046e+04      3.5053e+03      1.8544e+04     
4.7584e-02      2.1199e+04      8.4418e+03      2.3040e+04     
5.2572e-02      2.0129e+04      4.5470e+03      2.8366e+04     
5.7566e-02      1.8338e+04      4.4421e+03      3.3818e+04     
6.2559e-02      1.6553e+04      3.2186e+03      4.0130e+04     
6.7563e-02      1.4600e+04      6.7511e+03      4.6838e+04     
7.2561e-02      1.5157e+04      4.4428e+03      5.3826e+04     
7.7552e-02      1.1460e+04      4.0966e+03      6.1584e+04     
8.2550e-02      9.7082e+03      -1.5784e+03     6.9864e+04     
8.7545e-02      9.9478e+03      1.4391e+02      7.8404e+04     
9.2544e-02      1.1173e+04      -5.4216e+00     8.7902e+04     
9.7542e-02      8.6834e+03      1.6230e+03      9.7310e+04     
1.0253e-01      7.7268e+03      6.3245e+01      1.0772e+05     
1.0754e-01      6.4417e+03      8.8986e+02      1.1865e+05     
1.1254e-01      6.7630e+03      1.7492e+03      1.2991e+05     
1.1754e-01      6.5196e+03      1.3276e+03      1.4138e+05     
1.2253e-01      5.3971e+03      6.6936e+02      1.5396e+05     
1.2753e-01      5.1088e+03      1.0360e+03      1.6672e+05     
1.3253e-01      4.6013e+03      7.6788e+02      1.7981e+05     
1.3753e-01      4.0959e+03      6.6019e+02      1.9428e+05     
1.4253e-01      4.2856e+03      -7.7513e+02     2.0777e+05     
1.4753e-01      4.1439e+03      4.1202e+02      2.2328e+05     
1.5253e-01      2.7257e+03      7.2166e+02      2.3850e+05     
1.5753e-01      3.7381e+03      6.3895e+02      2.5444e+05     
1.6253e-01      3.4673e+03      -2.0077e+02     2.7068e+05     
1.6753e-01      2.7062e+03      1.5870e+02      2.8771e+05     
1.7253e-01      2.9135e+03      -7.2872e+02     3.0520e+05     
1.7753e-01      2.6917e+03      -2.6586e+03     3.2301e+05     
1.8253e-01      3.2641e+03      -1.7301e+02     3.4181e+05     
1.8753e-01      2.0568e+03      5.8322e+01      3.6002e+05     
1.9252e-01      1.6996e+03      3.2397e+02      3.7973e+05     
1.9752e-01      1.8942e+03      1.6109e+02      3.9966e+05     
2.0251e-01      1.1824e+03      -4.9181e+02     4.2032e+05     
2.0752e-01      1.8475e+03      2.2360e+02      4.4207e+05     
2.1252e-01      1.7925e+03      -8.0595e+02     4.6264e+05     
2.1752e-01      1.1627e+03      -3.8849e+02     4.8582e+05     
2.2252e-01      1.7932e+03      -3.7647e+02     5.0730e+05     
2.2752e-01      1.4145e+03      -6.9449e+01     5.3078e+05     
2.3252e-01      1.6298e+03      4.5219e+01      5.5452e+05     
2.3752e-01      1.0481e+03      1.0825e+03      5.7801e+05     
2.4252e-01      1.2559e+03      -6.4607e+02     6.0327e+05     
2.4752e-01      1.0923e+03      -7.6897e+02     6.2775e+05     
2.5252e-01      4.1874e+02      -1.3495e+03     6.5330e+05     
2.5751e-01      1.3996e+03      -9.1022e+02     6.7990e+05     
2.6251e-01      7.2907e+02      -2.4014e+02     7.0609e+05     
2.6751e-01      6.9511e+02      -8.5722e+02     7.3426e+05     
2.7251e-01      7.7101e+02      -2.8371e+02     7.6119e+05     
2.7751e-01      5.7252e+02      1.8097e+02      7.8997e+05     
2.8252e-01      6.4980e+02      -9.8945e+02     8.1825e+05     
2.8751e-01      6.3544e+02      -1.2834e+03     8.4702e+05     
2.9251e-01      4.6898e+02      7.2287e+01      8.7700e+05     
2.9751e-01      3.8715e+02      3.0383e+02      9.0860e+05     
3.0252e-01      6.0084e+02      3.9940e+02      9.3780e+05     
3.0752e-01      4.5866e+02      -7.6088e+02     9.6971e+05     
3.1251e-01      5.2188e+02      -2.6873e+02     9.9996e+05     
3.1751e-01      3.8129e+02      -1.0978e+03     1.0341e+06     
3.2251e-01      7.3393e+02      -3.8019e+02     1.0664e+06     
3.2751e-01      2.1624e+02      -7.6753e+02     1.1003e+06     
3.3251e-01      3.3541e+02      -9.0949e+02     1.1331e+06     
3.3751e-01      6.2024e+02      -7.9588e+02     1.1681e+06     
3.4251e-01      8.5852e+01      -5.3395e+02     1.2033e+06     
3.4751e-01      -1.0033e+02     -8.6455e+02     1.2379e+06     
3.5251e-01      6.3447e+02      -2.1349e+02     1.2741e+06     
3.5751e-01      1.6170e+02      4.5236e+02      1.3102e+06     
3.6251e-01      4.8016e+01      -1.3078e+02     1.3469e+06     
3.6751e-01      3.0626e+02      -1.5433e+02     1.3853e+06     
3.7251e-01      -8.5617e+01     -5.8931e+01     1.4223e+06     
3.7751e-01      1.0631e+02      7.5730e+01      1.4612e+06     
3.8251e-01      -9.1719e+01     -7.5881e+02     1.4995e+06     
3.8751e-01      -6.3117e+01     -8.0525e+01     1.5397e+06     
3.9251e-01      3.7464e+02      -4.4006e+02     1.5799e+06     
3.9751e-01      -1.5741e+02     2.4779e+01      1.6194e+06     
4.0251e-01      2.0944e+02      -7.9482e+01     1.6615e+06     
4.0751e-01      2.5919e+02      -7.9981e+01     1.7017e+06     
4.1251e-01      -1.2640e+02     -3.4605e+02     1.7450e+06     
4.1751e-01      -1.7641e+02     1.5299e+01      1.7875e+06     
4.2251e-01      7.8359e+01      -3.3138e+02     1.8304e+06     
4.2751e-01      2.0034e+02      -1.1119e+02     1.8737e+06     
4.3251e-01      -6.2250e+01     3.6973e+02      1.9186e+06     
4.3751e-01      -2.8867e+01     -1.9796e+02     1.9624e+06     
4.4251e-01      -3.3270e+02     -2.4266e+02     2.0069e+06     
4.4751e-01      1.3230e+02      -2.0706e+02     2.0536e+06     
4.5251e-01      7.0312e-01      -2.0733e+01     2.0998e+06     
4.5751e-01      -5.4969e+01     3.3404e+02      2.1451e+06     
4.6251e-01      -3.9297e+00     -6.4196e+02     2.1922e+06     
4.6751e-01      6.2500e+00      2.1009e+01      2.2404e+06     
4.7251e-01      3.5602e+01      3.9857e+02      2.2901e+06     
4.7751e-01      1.5278e+02      3.2461e+02      2.3384e+06     
4.8251e-01      9.0695e+01      1.5657e+02      2.3869e+06     
4.8751e-01      1.0716e+02      -2.2840e+02     2.4358e+06     
4.9251e-01      1.8407e+02      1.5511e+02      2.4872e+06     
4.9751e-01      -6.7445e+01     9.1582e+01      2.5389e+06     
5.0251e-01      -1.9654e+02     1.9815e+02      2.5888e+06     
5.0751e-01      -5.5414e+01     -1.0826e+02     2.6410e+06     
5.1251e-01      8.8805e+01      -4.0161e+02     2.6914e+06     
5.1751e-01      -9.6078e+01     -4.7702e+02     2.7449e+06     
5.2251e-01      -5.6820e+01     -1.6188e+02     2.8001e+06     
5.2751e-01      7.0281e+01      7.4217e+00      2.8530e+06     
5.3251e-01      2.2501e+02      -7.4814e+01     2.9080e+06     
5.3751e-01      2.5622e+02      -3.3268e+02     2.9615e+06     
5.4251e-01      6.9938e+01      -2.3747e+02     3.0181e+06     
5.4751e-01      1.8543e+02      2.1146e+02      3.0734e+06     
5.5251e-01      1.2938e+02      3.8687e+02      3.1297e+06     
5.5751e-01      2.2181e+02      3.1944e+02      3.1876e+06     
5.6251e-01      -1.6406e+01     1.7872e+02      3.2433e+06     
5.6751e-01      7.1078e+01      -8.0546e+01     3.3011e+06     
5.7251e-01      6.4375e+01      1.6170e+02      3.3601e+06     
