# k P0 P2 modes
3.7860e-03      -1.4641e+04     -2.0457e+04     2.2300e+02     
8.0557e-03      3.9768e+04      -9.7075e+03     1.5160e+03     
1.2839e-02      3.3435e+04      2.3821e+03      4.1300e+03     
1.7758e-02      2.8389e+04      2.4477e+04      8.0580e+03     
2.2686e-02      3.3536e+04      1.9786e+04      1.3118e+04     
2.7645e-02      3.2156e+04      9.7628e+03      1.9784e+04     
3.2626e-02      2.5319e+04      1.7360e+04      2.7482e+04     
3.7615e-02      2.4052e+04      1.5229e+04      3.6794e+04     
4.2612e-02      2.2800e+04      6.3023e+03      4.7060e+04     
4.7588e-02      1.7400e+04      1.2106e+04      5.8466e+04     
5.2576e-02      1.5811e+04      9.4077e+03      7.1934e+04     
5.7577e-02      1.5873e+04      6.9418e+03      8.6096e+04     
6.2571e-02      1.6514e+04      4.0978e+03      1.0167e+05     
6.7564e-02      1.5118e+04      5.2416e+03      1.1849e+05     
7.2555e-02      1.3043e+04      1.9415e+03      1.3659e+05     
7.7552e-02      1.2439e+04      3.6926e+03      1.5654e+05     
8.2550e-02      1.0853e+04      4.2467e+03      1.7690e+05     
8.7547e-02      1.0131e+04      6.6861e+02      1.9940e+05     
9.2546e-02      8.8952e+03      2.9883e+02      2.2258e+05     
9.7541e-02      9.4746e+03      2.8037e+03      2.4711e+05     
1.0254e-01      7.3174e+03      9.0882e+02      2.7352e+05     
1.0754e-01      6.2365e+03      3.1953e+03      3.0053e+05     
1.1254e-01      5.9008e+03      1.6399e+03      3.2983e+05     
1.1754e-01      5.7131e+03      2.1007e+03      3.5888e+05     
1.2253e-01      4.2265e+03      1.3423e+03      3.9021e+05     
1.2753e-01      4.2111e+03      -1.0870e+03     4.2301e+05     
1.3253e-01      4.7805e+03      9.8084e+02      4.5655e+05     
1.3753e-01      3.3564e+03      1.4435e+03      4.9198e+05     
1.4253e-01      3.9074e+03      1.1699e+03      5.2826e+05     
1.4753e-01      3.6797e+03      2.6802e+02      5.6575e+05     
1.5253e-01      4.0908e+03      -2.1124e+03     6.0512e+05     
1.5753e-01      3.5702e+03      -1.7754e+03     6.4543e+05     
1.6253e-01      4.1471e+03      -2.5427e+02     6.8727e+05     
1.6753e-01      3.2086e+03      4.3090e+02      7.2993e+05     
1.7252e-01      2.5863e+03      -4.2771e+02     7.7319e+05     
1.7752e-01      1.7709e+03      6.7579e+02      8.2002e+05     
1.8252e-01      1.1556e+03      8.1762e+02      8.6670e+05     
1.8752e-01      1.8628e+03      1.6495e+03      9.1408e+05     
1.9252e-01      1.6964e+03      -7.6499e+02     9.6442e+05     
1.9752e-01      1.8083e+03      3.8502e+02      1.0148e+06     
2.0252e-01      1.9032e+03      -8.1205e+02     1.0664e+06     
2.0752e-01      2.4040e+03      6.1925e+02      1.1195e+06     
2.1252e-01      2.0655e+03      1.6494e+02      1.1755e+06     
2.1752e-01      1.1664e+03      1.3093e+02      1.2297e+06     
2.2252e-01      1.6962e+03      -2.8683e+02     1.2877e+06     
2.2752e-01      1.1978e+03      -5.2144e+02     1.3469e+06     
2.3252e-01      6.7220e+02      6.6993e+02      1.4056e+06     
2.3752e-01      8.5890e+02      5.7599e+02      1.4678e+06     
2.4252e-01      9.6743e+02      -6.9730e+02     1.5297e+06     
2.4752e-01      1.1307e+03      -4.6728e+02     1.5934e+06     
2.5252e-01      8.1530e+02      3.5045e+01      1.6588e+06     
2.5752e-01      6.5073e+02      1.9135e+01      1.7236e+06     
2.6251e-01      9.1265e+02      -2.7260e+02     1.7932e+06     
2.6752e-01      3.8144e+02      -2.9125e+02     1.8613e+06     
2.7251e-01      3.4744e+02      6.0796e+01      1.9309e+06     
2.7751e-01      6.1309e+02      3.9463e+02      2.0046e+06     
2.8252e-01      7.0070e+02      -2.4622e+02     2.0749e+06     
2.8751e-01      6.6031e+02      -2.7006e+02     2.1505e+06     
2.9251e-01      6.1588e+02      -2.6653e+02     2.2248e+06     
2.9751e-01      7.5568e+02      2.5433e+02      2.3029e+06     
3.0251e-01      8.6806e+02      2.0797e+02      2.3814e+06     
3.0751e-01      4.2859e+02      3.2128e+02      2.4590e+06     
3.1251e-01      6.5392e+02      -7.0638e+02     2.5397e+06     
3.1751e-01      8.9836e+01      -5.8404e+02     2.6231e+06     
3.2251e-01      5.5002e+02      1.7820e+02      2.7040e+06     
3.2751e-01      5.3855e+02      4.4628e+02      2.7905e+06     
3.3251e-01      1.0013e+02      -7.3050e+02     2.8762e+06     
3.3751e-01      3.9684e+02      1.7210e+02      2.9630e+06     
3.4251e-01      4.9152e+02      -2.1704e-01     3.0520e+06     
3.4751e-01      1.6477e+02      -1.3606e+02     3.1406e+06     
3.5251e-01      1.5118e+02      5.4755e+02      3.2325e+06     
3.5751e-01      1.0679e+02      -5.1136e+02     3.3242e+06     
3.6251e-01      1.6495e+02      1.6338e+00      3.4175e+06     
3.6751e-01      1.2667e+02      1.3833e+02      3.5140e+06     
3.7251e-01      1.4898e+02      -1.0058e+02     3.6094e+06     
3.7751e-01      2.0191e+02      -7.5650e+02     3.7072e+06     
3.8251e-01      7.9633e+01      -4.0076e+02     3.8061e+06     
3.8751e-01      1.5042e+02      -3.2644e+02     3.9054e+06     
3.9251e-01      2.8042e+02      -6.5999e+02     4.0072e+06     
3.9751e-01      2.4702e+02      -2.0851e+02     4.1094e+06     
4.0251e-01      3.2771e+02      2.5880e+02      4.2157e+06     
4.0751e-01      2.8080e+02      -1.3732e+02     4.3198e+06     
4.1251e-01      -1.0406e+01     -7.1664e+02     4.4253e+06     
4.1751e-01      1.5177e+02      1.7139e+02      4.5333e+06     
4.2251e-01      2.7724e+02      6.3035e+01      4.6377e+06     
