# k P0 P2 modes
3.7538e-03      2.3056e+04      -1.0882e+05     7.7000e+01     
8.0504e-03      4.7647e+04      3.2753e+03      5.4800e+02     
1.2849e-02      4.2350e+04      3.1896e+04      1.4800e+03     
1.7752e-02      3.2954e+04      3.6633e+04      2.8720e+03     
2.2692e-02      3.5923e+04      1.9823e+04      4.7360e+03     
2.7648e-02      2.4184e+04      3.7472e+03      7.0360e+03     
3.2613e-02      2.0578e+04      2.7032e+03      9.8380e+03     
3.7611e-02      2.1626e+04      1.2300e+04      1.3208e+04     
4.2613e-02      2.3017e+04      1.4992e+04      1.6858e+04     
4.7605e-02      2.0919e+04      1.1888e+04      2.1080e+04     
5.2591e-02      1.6520e+04      1.0778e+04      2.5624e+04     
5.7568e-02      1.8139e+04      2.8606e+03      3.0728e+04     
6.2562e-02      1.5523e+04      -2.9171e+02     3.6498e+04     
6.7567e-02      1.3135e+04      4.5455e+03      4.2528e+04     
7.2573e-02      1.2041e+04      6.2846e+03      4.9152e+04     
7.7565e-02      1.2686e+04      7.3306e+02      5.5744e+04     
8.2548e-02      1.2062e+04      1.2941e+03      6.3346e+04     
8.7544e-02      8.4337e+03      4.1874e+03      7.1388e+04     
9.2544e-02      9.7260e+03      3.0591e+03      7.9762e+04     
9.7542e-02      7.8358e+03      4.6561e+03      8.8564e+04     
1.0254e-01      6.8999e+03      7.0555e+03      9.7988e+04     
1.0754e-01      6.8679e+03      -2.3737e+02     1.0771e+05     
1.1254e-01      5.3721e+03      4.4789e+02      1.1795e+05     
1.1753e-01      5.1997e+03      1.9982e+03      1.2829e+05     
1.2252e-01      5.2290e+03      3.6741e+03      1.3977e+05     
1.2753e-01      5.9563e+03      2.0738e+03      1.5195e+05     
1.3254e-01      4.8154e+03      1.8178e+03      1.6358e+05     
1.3753e-01      4.4272e+03      2.0964e+03      1.7594e+05     
1.4253e-01      4.0402e+03      -8.4448e+02     1.8906e+05     
1.4753e-01      2.8891e+03      1.8115e+03      2.0282e+05     
1.5253e-01      2.8496e+03      2.1589e+03      2.1681e+05     
1.5752e-01      3.7942e+03      2.9310e+02      2.3088e+05     
1.6252e-01      2.1352e+03      -8.4369e+02     2.4623e+05     
1.6752e-01      2.7405e+03      -7.4841e+02     2.6133e+05     
1.7252e-01      2.2025e+03      -3.9736e+02     2.7728e+05     
1.7752e-01      2.1853e+03      -1.1992e+03     2.9332e+05     
1.8252e-01      2.8418e+03      -1.6067e+03     3.1057e+05     
1.8752e-01      2.4228e+03      -6.0194e+02     3.2756e+05     
1.9252e-01      1.6883e+03      3.4116e+02      3.4527e+05     
1.9752e-01      1.2828e+03      -7.0398e+02     3.6354e+05     
2.0252e-01      1.9189e+03      6.9542e+02      3.8166e+05     
2.0752e-01      1.5184e+03      7.9748e+02      4.0085e+05     
2.1252e-01      1.5023e+03      -1.2507e+03     4.2101e+05     
2.1752e-01      1.4240e+03      -1.0883e+03     4.4116e+05     
2.2252e-01      1.6228e+03      1.6077e+03      4.6130e+05     
2.2752e-01      2.0681e+03      -8.4245e+02     4.8219e+05     
2.3252e-01      1.0550e+03      -1.4080e+03     5.0386e+05     
2.3752e-01      1.1687e+03      3.0272e+02      5.2502e+05     
2.4252e-01      1.2267e+03      -8.9981e+02     5.4795e+05     
2.4752e-01      1.1656e+03      3.3206e+02      5.7054e+05     
2.5252e-01      1.3164e+03      1.3862e+02      5.9437e+05     
2.5752e-01      8.8165e+02      -5.8830e+02     6.1790e+05     
2.6252e-01      1.1631e+03      -2.5158e+02     6.4211e+05     
2.6752e-01      8.1031e+02      4.0095e+02      6.6611e+05     
2.7251e-01      6.8752e+02      -6.9000e+02     6.9179e+05     
2.7752e-01      8.1072e+02      9.1400e+02      7.1800e+05     
2.8252e-01      5.5655e+02      7.6108e+02      7.4315e+05     
2.8752e-01      7.4195e+02      1.0813e+03      7.7019e+05     
2.9251e-01      7.8638e+02      -1.3228e+02     7.9643e+05     
2.9751e-01      7.4866e+02      -6.6605e+02     8.2482e+05     
3.0251e-01      3.5982e+02      -1.1408e+03     8.5256e+05     
3.0751e-01      1.1297e+02      -4.4614e+01     8.8037e+05     
3.1251e-01      -2.0609e+02     9.4096e+02      9.1065e+05     
3.1751e-01      6.3532e+02      9.8176e+00      9.3900e+05     
3.2251e-01      5.5202e+02      4.5045e+02      9.6935e+05     
3.2751e-01      8.8940e+02      4.7281e+02      9.9834e+05     
3.3251e-01      8.2345e+02      2.4766e+02      1.0299e+06     
3.3751e-01      7.7084e+02      1.8849e+02      1.0619e+06     
3.4251e-01      5.9411e+02      6.0115e+02      1.0933e+06     
3.4751e-01      4.2705e+02      9.1457e+01      1.1255e+06     
3.5251e-01      1.7872e+02      5.9393e+02      1.1574e+06     
3.5751e-01      3.8805e+02      7.6164e+02      1.1902e+06     
3.6251e-01      2.3045e+02      9.7633e+02      1.2246e+06     
3.6751e-01      3.0255e+02      7.4352e+02      1.2579e+06     
3.7251e-01      3.7049e+02      -1.3140e+02     1.2923e+06     
3.7751e-01      5.1024e+02      3.6559e+01      1.3285e+06     
3.8251e-01      5.2214e+02      4.8265e+02      1.3628e+06     
3.8751e-01      6.3336e+01      2.7704e+02      1.3992e+06     
3.9251e-01      8.0781e+01      4.7526e+02      1.4344e+06     
3.9751e-01      1.0479e+02      -6.5815e+02     1.4730e+06     
4.0251e-01      -1.9243e+02     6.9903e+01      1.5097e+06     
4.0751e-01      -6.9008e+01     -3.1245e+02     1.5466e+06     
4.1251e-01      -1.1229e+02     -1.1195e+03     1.5850e+06     
4.1751e-01      -4.7969e+00     -9.6190e+02     1.6236e+06     
4.2251e-01      -3.0738e+02     1.7958e+01      1.6633e+06     
4.2751e-01      -4.0799e+02     -1.0190e+02     1.7025e+06     
4.3251e-01      -3.4689e+02     2.1371e+02      1.7437e+06     
4.3751e-01      1.1262e+02      -1.0836e+02     1.7830e+06     
4.4251e-01      5.7227e+02      4.8560e+01      1.8248e+06     
4.4751e-01      4.4054e+02      -1.0267e+02     1.8648e+06     
4.5251e-01      -4.4609e+01     3.3540e+02      1.9067e+06     
4.5751e-01      -1.2291e+02     9.4005e+02      1.9513e+06     
4.6251e-01      1.6186e+02      3.5579e+02      1.9925e+06     
4.6751e-01      2.6420e+02      4.9670e+02      2.0369e+06     
4.7251e-01      3.1531e+02      2.3822e+02      2.0795e+06     
4.7751e-01      8.8875e+01      1.2122e+02      2.1227e+06     
4.8251e-01      -2.3384e+02     4.9783e+02      2.1704e+06     
4.8751e-01      -3.6188e+01     -2.8550e+01     2.2138e+06     
4.9251e-01      -8.1383e+01     7.2364e+02      2.2594e+06     
4.9751e-01      -1.6436e+02     -1.4441e+02     2.3053e+06     
5.0251e-01      2.0547e+01      -1.6852e+02     2.3530e+06     
5.0751e-01      1.6252e+02      1.6206e+02      2.3992e+06     
5.1251e-01      -6.4125e+01     5.4197e+01      2.4464e+06     
5.1751e-01      -3.6227e+01     -2.7876e+02     2.4969e+06     
5.2251e-01      -3.1060e+02     -1.0045e+02     2.5441e+06     
5.2751e-01      -2.1323e+02     -1.7589e+02     2.5919e+06     
5.3251e-01      -6.9133e+01     -6.6241e+02     2.6408e+06     
5.3751e-01      2.6667e+02      -2.8294e+02     2.6923e+06     
5.4251e-01      2.4645e+02      1.4390e+02      2.7415e+06     
5.4751e-01      2.1203e+01      -4.8994e+02     2.7933e+06     
5.5251e-01      4.8102e+01      7.9948e+01      2.8443e+06     
5.5751e-01      -1.1484e+02     -2.4548e+02     2.8958e+06     
5.6251e-01      -8.7617e+01     2.9312e+02      2.9476e+06     
5.6751e-01      -3.7234e+01     3.4233e+02      3.0000e+06     
5.7251e-01      -8.8148e+01     -5.4397e+01     3.0533e+06     
5.7751e-01      -6.1719e+01     -6.4114e+01     3.1073e+06     
5.8251e-01      7.7492e+01      -1.0927e+02     3.1610e+06     
5.8751e-01      3.6913e+02      7.7093e+01      3.2158e+06     
5.9251e-01      8.3883e+01      8.6221e+01      3.2711e+06     
5.9751e-01      8.7125e+01      2.4193e+02      3.3249e+06     
6.0251e-01      -1.9789e+01     7.2603e+01      3.3828e+06     
6.0751e-01      5.4969e+01      7.4391e+02      3.4392e+06     
6.1251e-01      1.7922e+01      2.8044e+02      3.4944e+06     
6.1751e-01      -2.9938e+01     -3.1207e+01     3.5519e+06     
6.2251e-01      1.3477e+01      -5.4789e+02     3.6102e+06     
6.2751e-01      -9.5508e+01     -4.4144e+01     3.6677e+06     
6.3251e-01      7.5273e+01      2.8507e+02      3.7272e+06     
