# k P0 P2 modes
3.7054e-03      1.8141e+04      -6.6226e+04     8.3000e+01     
8.0027e-03      1.5978e+04      -1.5848e+04     5.9600e+02     
1.2850e-02      3.1582e+04      1.2140e+04      1.6480e+03     
1.7764e-02      2.6640e+04      1.6261e+04      3.1560e+03     
2.2684e-02      3.1268e+04      1.7758e+04      5.1760e+03     
2.7646e-02      2.6822e+04      1.2169e+04      7.8040e+03     
3.2636e-02      3.1279e+04      5.0466e+03      1.0874e+04     
3.7623e-02      2.2355e+04      1.1382e+04      1.4442e+04     
4.2607e-02      2.1724e+04      7.5438e+03      1.8544e+04     
4.7584e-02      2.4106e+04      4.7347e+03      2.3040e+04     
5.2572e-02      2.3418e+04      5.3358e+03      2.8366e+04     
5.7566e-02      1.6860e+04      7.5901e+03      3.3818e+04     
6.2559e-02      1.3728e+04      6.5530e+03      4.0130e+04     
6.7563e-02      1.1894e+04      6.3219e+03      4.6838e+04     
7.2561e-02      1.4479e+04      2.5428e+03      5.3826e+04     
7.7552e-02      1.2090e+04      -4.9619e+02     6.1584e+04     
8.2550e-02      1.0916e+04      2.1009e+03      6.9864e+04     
8.7545e-02      1.1148e+04      1.0986e+03      7.8404e+04     
9.2544e-02      1.1599e+04      2.7493e+03      8.7902e+04     
9.7542e-02      9.5295e+03      3.8920e+02      9.7310e+04     
1.0253e-01      7.1720e+03      -1.1463e+03     1.0772e+05     
1.0754e-01      7.3945e+03      2.7637e+03      1.1865e+05     
1.1254e-01      5.9223e+03      4.0558e+03      1.2991e+05     
1.1754e-01      6.6086e+03      -4.2675e+02     1.4138e+05     
1.2253e-01      5.4542e+03      2.2028e+03      1.5396e+05     
1.2753e-01      6.0749e+03      9.6879e+02      1.6672e+05     
1.3253e-01      5.7880e+03      -9.8563e+02     1.7981e+05     
1.3753e-01      5.5410e+03      5.1613e+02      1.9428e+05     
1.4253e-01      4.6590e+03      3.5528e+02      2.0777e+05     
1.4753e-01      3.1211e+03      2.5226e+02      2.2328e+05     
1.5253e-01      2.6280e+03      -1.1881e+03     2.3850e+05     
1.5753e-01      3.3471e+03      -9.1080e+01     2.5444e+05     
1.6253e-01      3.3578e+03      -2.0304e+01     2.7068e+05     
1.6753e-01      2.7090e+03      -5.5133e+02     2.8771e+05     
1.7253e-01      2.7981e+03      -1.5188e+03     3.0520e+05     
1.7753e-01      1.9943e+03      -1.0954e+03     3.2301e+05     
1.8253e-01      2.3139e+03      -4.3295e+02     3.4181e+05     
1.8753e-01      2.3810e+03      1.2800e+03      3.6002e+05     
1.9252e-01      2.0582e+03      -3.4531e+02     3.7973e+05     
1.9752e-01      2.0363e+03      7.8361e+02      3.9966e+05     
2.0251e-01      2.2555e+03      -8.6236e+02     4.2032e+05     
2.0752e-01      1.4491e+03      -1.6397e+02     4.4207e+05     
2.1252e-01      2.0484e+03      -3.3905e+02     4.6264e+05     
2.1752e-01      1.9095e+03      4.8187e+02      4.8582e+05     
2.2252e-01      1.4755e+03      -9.2615e+02     5.0730e+05     
2.2752e-01      2.1713e+03      -1.4900e+03     5.3078e+05     
2.3252e-01      1.6336e+03      -6.3912e+02     5.5452e+05     
2.3752e-01      1.2591e+03      -1.6762e+02     5.7801e+05     
2.4252e-01      1.6504e+03      -8.2537e+02     6.0327e+05     
2.4752e-01      9.9473e+02      -4.5935e+02     6.2775e+05     
2.5252e-01      9.8977e+02      -1.0554e+02     6.5330e+05     
2.5751e-01      1.1836e+03      -1.1340e+03     6.7990e+05     
2.6251e-01      1.2350e+03      2.4058e+02      7.0609e+05     
2.6751e-01      1.1827e+03      -5.3288e+02     7.3426e+05     
2.7251e-01      8.1447e+02      -8.6857e+02     7.6119e+05     
2.7751e-01      4.7084e+02      -9.2364e+01     7.8997e+05     
2.8252e-01      9.9108e+02      -1.7451e+02     8.1825e+05     
2.8751e-01      6.2589e+02      7.0882e+02      8.4702e+05     
2.9251e-01      8.8504e+02      1.4020e+03      8.7700e+05     
2.9751e-01      8.1292e+02      -7.1778e+01     9.0860e+05     
3.0252e-01      4.8555e+02      2.1316e+02      9.3780e+05     
3.0752e-01      3.6741e+02      -5.4513e+02     9.6971e+05     
3.1251e-01      1.3405e+02      -6.8348e+02     9.9996e+05     
3.1751e-01      3.0704e+02      2.7979e+02      1.0341e+06     
3.2251e-01      3.7826e+02      8.7584e+01      1.0664e+06     
3.2751e-01      6.1066e+02      -2.0406e+02     1.1003e+06     
3.3251e-01      7.1798e+02      5.7091e+02      1.1331e+06     
3.3751e-01      4.7337e+02      2.6289e+02      1.1681e+06     
3.4251e-01      -2.1351e+02     4.3315e+01      1.2033e+06     
3.4751e-01      2.3073e+02      -5.3293e+02     1.2379e+06     
3.5251e-01      1.6296e+02      -5.7490e+02     1.2741e+06     
3.5751e-01      5.7719e+01      -8.6082e+02     1.3102e+06     
3.6251e-01      -1.6634e+02     -1.0315e+02     1.3469e+06     
3.6751e-01      -2.4836e+02     4.7501e+02      1.3853e+06     
3.7251e-01      3.8188e+01      -3.0922e+02     1.4223e+06     
3.7751e-01      2.1127e+02      -6.2232e+02     1.4612e+06     
3.8251e-01      1.5730e+02      5.7009e+01      1.4995e+06     
3.8751e-01      -3.8086e+01     6.4478e+00      1.5397e+06     
3.9251e-01      -2.6923e+02     -1.7202e+02     1.5799e+06     
3.9751e-01      -1.6209e+02     -6.9537e+01     1.6194e+06     
4.0251e-01      -5.3828e+01     -8.3381e+01     1.6615e+06     
4.0751e-01      -9.7172e+01     5.8357e+02      1.7017e+06     
4.1251e-01      7.6266e+01      2.8144e+02      1.7450e+06     
4.1751e-01      -2.0641e+02     -2.1635e+02     1.7875e+06     
4.2251e-01      1.0575e+02      -1.4687e+02     1.8304e+06     
4.2751e-01      -8.4266e+01     -4.3292e+02     1.8737e+06     
4.3251e-01      -3.1203e+01     -2.3410e+02     1.9186e+06     
4.3751e-01      2.7078e+01      -1.7046e+02     1.9624e+06     
4.4251e-01      -8.1234e+01     -1.5710e+02     2.0069e+06     
4.4751e-01      4.7930e+01      -1.6204e+02     2.0536e+06     
4.5251e-01      -2.0488e+02     -2.9405e+02     2.0998e+06     
4.5751e-01      8.7883e+01      -2.7230e+02     2.1451e+06     
4.6251e-01      2.1106e+02      1.1587e+02      2.1922e+06     
4.6751e-01      1.0388e+02      -2.6721e+02     2.2404e+06     
4.7251e-01      -3.0234e+01     -1.1341e+02     2.2901e+06     
4.7751e-01      3.0203e+01      5.2270e+02      2.3384e+06     
4.8251e-01      6.9805e+01      -3.8928e+02     2.3869e+06     
4.8751e-01      -8.1633e+01     -6.7577e+02     2.4358e+06     
4.9251e-01      -1.7184e+02     -7.3553e+02     2.4872e+06     
4.9751e-01      7.5234e+00      -1.9058e+02     2.5389e+06     
5.0251e-01      -8.9688e+01     -7.4709e+02     2.5888e+06     
5.0751e-01      2.7492e+01      -5.7269e+01     2.6410e+06     
5.1251e-01      -2.5495e+02     -6.3042e+02     2.6914e+06     
5.1751e-01      -2.9241e+02     -1.9722e+02     2.7449e+06     
5.2251e-01      1.0023e+02      -5.9278e+01     2.8001e+06     
5.2751e-01      5.4820e+01      -5.9627e+01     2.8530e+06     
5.3251e-01      -9.9633e+01     1.0859e+02      2.9080e+06     
5.3751e-01      -2.1896e+02     -5.9458e+01     2.9615e+06     
5.4251e-01      -2.0066e+02     -1.2458e+02     3.0181e+06     
5.4751e-01      -3.3961e+01     4.4807e+02      3.0734e+06     
5.5251e-01      1.6454e+02      2.6948e+01      3.1297e+06     
5.5751e-01      4.7648e+01      -2.3526e+02     3.1876e+06     
5.6251e-01      4.2188e+00      -5.9334e+02     3.2433e+06     
5.6751e-01      3.7625e+01      -7.6666e+02     3.3011e+06     
5.7251e-01      -2.0875e+02     -5.6484e+02     3.3601e+06     
