# k P0 P2 modes
3.7054e-03      8.8598e+04      5.0636e+03      8.3000e+01     
8.0027e-03      3.7368e+04      7.4496e+03      5.9600e+02     
1.2850e-02      3.6421e+04      -4.1033e+03     1.6480e+03     
1.7764e-02      3.7814e+04      6.7634e+02      3.1560e+03     
2.2684e-02      3.8912e+04      4.9881e+04      5.1760e+03     
2.7646e-02      2.9839e+04      7.0303e+03      7.8040e+03     
3.2636e-02      2.6463e+04      1.9244e+04      1.0874e+04     
3.7623e-02      2.7048e+04      1.6923e+04      1.4442e+04     
4.2607e-02      2.3335e+04      1.0718e+04      1.8544e+04     
4.7584e-02      2.1108e+04      1.3347e+04      2.3040e+04     
5.2572e-02      1.9282e+04      1.2822e+04      2.8366e+04     
5.7566e-02      1.4335e+04      1.6834e+03      3.3818e+04     
6.2559e-02      1.5272e+04      -5.2504e+01     4.0130e+04     
6.7563e-02      1.5370e+04      3.6981e+03      4.6838e+04     
7.2561e-02      1.6424e+04      7.2639e+03      5.3826e+04     
7.7552e-02      1.3080e+04      6.1497e+03      6.1584e+04     
8.2550e-02      1.1170e+04      1.9335e+03      6.9864e+04     
8.7545e-02      1.1329e+04      7.7284e+02      7.8404e+04     
9.2544e-02      9.7304e+03      1.5303e+03      8.7902e+04     
9.7542e-02      8.9090e+03      1.0289e+03      9.7310e+04     
1.0253e-01      8.7251e+03      1.5069e+03      1.0772e+05     
1.0754e-01      8.0989e+03      8.2749e+02      1.1865e+05     
1.1254e-01      5.6401e+03      1.5983e+03      1.2991e+05     
1.1754e-01      5.6946e+03      1.1064e+02      1.4138e+05     
1.2253e-01      6.1356e+03      -1.1783e+03     1.5396e+05     
1.2753e-01      5.9572e+03      3.4581e+03      1.6672e+05     
1.3253e-01      6.2349e+03      3.3333e+03      1.7981e+05     
1.3753e-01      3.4108e+03      -3.1059e+02     1.9428e+05     
1.4253e-01      2.8889e+03      1.2306e+03      2.0777e+05     
1.4753e-01      3.7520e+03      3.7694e+02      2.2328e+05     
1.5253e-01      3.3007e+03      1.5706e+03      2.3850e+05     
1.5753e-01      4.4066e+03      5.9190e+02      2.5444e+05     
1.6253e-01      3.0901e+03      5.6174e+02      2.7068e+05     
1.6753e-01      3.2262e+03      -4.5075e+02     2.8771e+05     
1.7253e-01      2.7814e+03      8.1848e+02      3.0520e+05     
1.7753e-01      2.2866e+03      6.7913e+02      3.2301e+05     
1.8253e-01      2.4391e+03      5.6299e+02      3.4181e+05     
1.8753e-01      2.0853e+03      -5.5599e+02     3.6002e+05     
1.9252e-01      1.8426e+03      1.0185e+03      3.7973e+05     
1.9752e-01      2.5728e+03      -8.9963e+02     3.9966e+05     
2.0251e-01      2.0440e+03      1.7900e+03      4.2032e+05     
2.0752e-01      1.5781e+03      2.5324e+02      4.4207e+05     
2.1252e-01      1.4810e+03      -5.9929e+02     4.6264e+05     
2.1752e-01      1.3587e+03      2.5792e+02      4.8582e+05     
2.2252e-01      1.5199e+03      -2.8317e+02     5.0730e+05     
2.2752e-01      1.6257e+03      -5.5831e+01     5.3078e+05     
2.3252e-01      1.7554e+03      -5.9802e+02     5.5452e+05     
2.3752e-01      1.3814e+03      -5.8574e+02     5.7801e+05     
2.4252e-01      1.8351e+03      1.6385e+01      6.0327e+05     
2.4752e-01      1.2219e+03      1.9792e+02      6.2775e+05     
2.5252e-01      5.2671e+02      5.0394e+01      6.5330e+05     
2.5751e-01      8.6401e+02      -4.4450e+02     6.7990e+05     
2.6251e-01      5.2243e+02      -1.3697e+03     7.0609e+05     
2.6751e-01      8.2438e+02      -2.1786e+02     7.3426e+05     
2.7251e-01      6.2939e+02      -4.9463e+02     7.6119e+05     
2.7751e-01      9.0845e+02      -1.9970e+02     7.8997e+05     
2.8252e-01      4.8392e+02      -8.7654e+02     8.1825e+05     
2.8751e-01      5.7651e+02      -2.2221e+02     8.4702e+05     
2.9251e-01      4.6605e+02      5.4655e+01      8.7700e+05     
2.9751e-01      5.8420e+02      -1.0448e+02     9.0860e+05     
3.0252e-01      2.4605e+02      3.1781e+02      9.3780e+05     
3.0752e-01      5.2115e+02      -5.7642e+02     9.6971e+05     
3.1251e-01      4.2188e+02      -9.2119e+02     9.9996e+05     
3.1751e-01      4.0925e+02      -6.3775e+02     1.0341e+06     
3.2251e-01      5.7080e+02      -1.3399e+02     1.0664e+06     
3.2751e-01      6.7625e+02      4.4170e+02      1.1003e+06     
3.3251e-01      3.2098e+02      2.7951e+02      1.1331e+06     
3.3751e-01      5.8932e+02      4.2754e+02      1.1681e+06     
3.4251e-01      5.8482e+02      1.3986e+02      1.2033e+06     
3.4751e-01      3.6539e+01      -9.2846e+01     1.2379e+06     
3.5251e-01      1.1070e+02      -6.3976e+02     1.2741e+06     
3.5751e-01      4.2073e+02      2.9796e+02      1.3102e+06     
3.6251e-01      1.9091e+02      -3.9147e+01     1.3469e+06     
3.6751e-01      3.5159e+02      7.3307e+02      1.3853e+06     
3.7251e-01      3.5156e-01      5.8152e+02      1.4223e+06     
3.7751e-01      9.0211e+01      -6.7306e+02     1.4612e+06     
3.8251e-01      7.0711e+01      -1.3544e+02     1.4995e+06     
3.8751e-01      2.6906e+01      2.6254e+02      1.5397e+06     
3.9251e-01      1.1826e+02      -1.6313e+02     1.5799e+06     
3.9751e-01      4.5461e+01      -2.7059e+02     1.6194e+06     
4.0251e-01      -5.2455e+02     -3.5217e+01     1.6615e+06     
4.0751e-01      -1.0973e+02     8.0738e+01      1.7017e+06     
4.1251e-01      -8.0406e+01     2.0961e+01      1.7450e+06     
4.1751e-01      1.5463e+02      -6.1550e+02     1.7875e+06     
4.2251e-01      3.9531e+02      -1.5028e+02     1.8304e+06     
4.2751e-01      2.2573e+02      1.6345e+02      1.8737e+06     
4.3251e-01      2.1930e+02      6.3378e+02      1.9186e+06     
4.3751e-01      7.5836e+01      1.8934e+02      1.9624e+06     
4.4251e-01      -5.2750e+01     2.0393e+02      2.0069e+06     
4.4751e-01      -1.9445e+02     9.8508e+01      2.0536e+06     
4.5251e-01      -5.1703e+01     9.1132e+01      2.0998e+06     
4.5751e-01      -1.2575e+02     -4.1412e+01     2.1451e+06     
4.6251e-01      -3.2750e+01     -9.7080e+01     2.1922e+06     
4.6751e-01      -1.3365e+02     -2.6563e+02     2.2404e+06     
4.7251e-01      -2.0532e+02     1.0414e+02      2.2901e+06     
4.7751e-01      -1.1502e+02     -1.8418e+02     2.3384e+06     
4.8251e-01      -1.4034e+02     -6.8182e+01     2.3869e+06     
4.8751e-01      4.5391e+00      -2.5511e+02     2.4358e+06     
4.9251e-01      8.4898e+01      -2.0639e+02     2.4872e+06     
4.9751e-01      1.4858e+02      5.7055e+02      2.5389e+06     
5.0251e-01      -6.6641e+00     5.5054e+02      2.5888e+06     
5.0751e-01      -1.3502e+02     -1.0148e+02     2.6410e+06     
5.1251e-01      -9.8055e+01     -3.8306e+02     2.6914e+06     
5.1751e-01      -5.3133e+01     2.5183e+02      2.7449e+06     
5.2251e-01      -4.0773e+01     -1.2912e+02     2.8001e+06     
5.2751e-01      1.7050e+02      1.2175e+02      2.8530e+06     
5.3251e-01      1.9306e+02      -2.1250e+01     2.9080e+06     
5.3751e-01      -1.0226e+02     3.2732e+02      2.9615e+06     
5.4251e-01      -1.8980e+02     -6.6990e+01     3.0181e+06     
5.4751e-01      2.2312e+01      3.7215e+02      3.0734e+06     
5.5251e-01      -2.8797e+02     1.6765e+02      3.1297e+06     
5.5751e-01      -1.5495e+02     2.6090e+02      3.1876e+06     
5.6251e-01      -1.4530e+02     2.6290e+02      3.2433e+06     
5.6751e-01      2.9531e+00      -1.9112e+02     3.3011e+06     
5.7251e-01      -1.8133e+02     2.9146e+02      3.3601e+06     
