# k P0 P2 modes
3.7081e-03      3.9993e+04      -5.5156e+04     1.9100e+02     
8.0186e-03      4.9839e+04      4.0212e+04      1.3800e+03     
1.2844e-02      3.3092e+04      1.7441e+04      3.7700e+03     
1.7751e-02      3.4755e+04      8.4515e+03      7.2560e+03     
2.2691e-02      3.1484e+04      8.0973e+03      1.2010e+04     
2.7661e-02      3.3797e+04      1.5723e+04      1.7924e+04     
3.2632e-02      2.4640e+04      1.1188e+04      2.4910e+04     
3.7609e-02      2.3994e+04      4.8996e+03      3.3240e+04     
4.2590e-02      2.1079e+04      5.6922e+03      4.2566e+04     
4.7584e-02      2.1112e+04      1.4820e+04      5.3478e+04     
5.2589e-02      1.8431e+04      1.1221e+04      6.5258e+04     
5.7577e-02      1.8537e+04      1.3138e+04      7.7788e+04     
6.2568e-02      1.4555e+04      1.2673e+04      9.2438e+04     
6.7564e-02      1.4605e+04      6.3082e+03      1.0741e+05     
7.2559e-02      1.5105e+04      9.8060e+03      1.2424e+05     
7.7553e-02      1.3075e+04      3.3833e+03      1.4157e+05     
8.2549e-02      1.1108e+04      3.9217e+03      1.6089e+05     
8.7547e-02      1.0134e+04      3.4564e+03      1.8054e+05     
9.2542e-02      9.8451e+03      -1.8840e+02     2.0200e+05     
9.7542e-02      7.6158e+03      3.2589e+03      2.2454e+05     
1.0254e-01      7.6630e+03      3.6741e+03      2.4804e+05     
1.0754e-01      6.6270e+03      3.9605e+03      2.7288e+05     
1.1254e-01      7.2397e+03      3.2991e+03      2.9859e+05     
1.1754e-01      5.6890e+03      1.6138e+03      3.2592e+05     
1.2254e-01      4.9370e+03      8.9426e+02      3.5433e+05     
1.2753e-01      4.2738e+03      2.3137e+03      3.8342e+05     
1.3253e-01      4.8906e+03      -1.6288e+03     4.1423e+05     
1.3753e-01      4.6095e+03      2.3451e+03      4.4637e+05     
1.4253e-01      4.1368e+03      5.0079e+02      4.7956e+05     
1.4753e-01      3.8280e+03      -1.3536e+03     5.1353e+05     
1.5253e-01      3.4201e+03      8.9612e+02      5.4893e+05     
1.5753e-01      1.9915e+03      2.1747e+03      5.8555e+05     
1.6253e-01      2.6207e+03      2.4843e+03      6.2309e+05     
1.6753e-01      3.1123e+03      1.3465e+02      6.6262e+05     
1.7253e-01      2.3460e+03      1.9288e+03      7.0167e+05     
1.7752e-01      2.7640e+03      1.8124e+03      7.4376e+05     
1.8252e-01      2.2415e+03      1.0812e+02      7.8562e+05     
1.8752e-01      2.3812e+03      5.4518e+02      8.3010e+05     
1.9252e-01      2.7355e+03      5.6289e+02      8.7442e+05     
1.9752e-01      2.5659e+03      -1.0089e+03     9.2068e+05     
2.0252e-01      2.2367e+03      -1.4003e+03     9.6772e+05     
2.0752e-01      2.1725e+03      -1.2493e+03     1.0166e+06     
2.1252e-01      1.7708e+03      -2.7568e+02     1.0655e+06     
2.1752e-01      1.6651e+03      -1.4962e+02     1.1167e+06     
2.2252e-01      1.5803e+03      -1.6358e+03     1.1679e+06     
2.2752e-01      1.4490e+03      3.7082e+02      1.2220e+06     
2.3252e-01      1.3861e+03      4.3081e+02      1.2756e+06     
2.3752e-01      9.4657e+02      -9.5880e+01     1.3322e+06     
2.4252e-01      1.2507e+03      -7.2775e+02     1.3876e+06     
2.4752e-01      1.1942e+03      1.9734e+00      1.4460e+06     
2.5252e-01      8.8224e+02      5.3556e+02      1.5040e+06     
2.5752e-01      8.1316e+02      2.1940e+02      1.5648e+06     
2.6252e-01      8.8718e+02      -3.1942e+02     1.6261e+06     
2.6751e-01      9.7392e+02      -6.6795e+02     1.6885e+06     
2.7251e-01      1.2680e+03      -6.7533e+01     1.7529e+06     
2.7751e-01      2.9634e+02      1.2190e+02      1.8179e+06     
2.8252e-01      1.6161e+02      -3.5799e+02     1.8833e+06     
2.8752e-01      5.3755e+02      -4.3444e+02     1.9511e+06     
2.9251e-01      5.7606e+02      -5.3808e+02     2.0185e+06     
2.9751e-01      1.3087e+02      -5.1416e+02     2.0886e+06     
3.0251e-01      2.1680e+01      -6.2529e+02     2.1598e+06     
3.0751e-01      4.3711e+02      -4.8557e+02     2.2320e+06     
3.1251e-01      5.2767e+02      -4.4553e+02     2.3040e+06     
3.1751e-01      4.0749e+02      4.4030e+01      2.3796e+06     
3.2251e-01      4.2703e+01      5.0511e+02      2.4550e+06     
3.2751e-01      -7.3711e+01     -1.1830e+02     2.5320e+06     
3.3251e-01      1.2622e+02      -1.1992e+02     2.6095e+06     
3.3751e-01      4.2380e+02      3.2340e+02      2.6876e+06     
3.4251e-01      1.9567e+02      -7.1167e+02     2.7682e+06     
3.4751e-01      2.3997e+02      2.5596e+01      2.8494e+06     
3.5251e-01      1.5239e+02      2.1380e+02      2.9332e+06     
3.5751e-01      -9.8266e+01     5.6125e+02      3.0162e+06     
3.6251e-01      3.0234e+01      8.1510e+00      3.1017e+06     
3.6751e-01      6.3163e+02      -1.4429e+02     3.1877e+06     
3.7251e-01      -1.5012e+02     1.7488e+02      3.2753e+06     
3.7751e-01      1.4867e+02      2.3097e+02      3.3626e+06     
3.8251e-01      2.9339e+02      2.0041e+02      3.4523e+06     
3.8751e-01      3.4380e+02      -2.8238e+02     3.5442e+06     
3.9251e-01      3.7384e+02      -7.8616e+01     3.6361e+06     
3.9751e-01      7.4227e+01      4.4106e+01      3.7286e+06     
4.0251e-01      -6.2828e+01     4.2176e+01      3.8232e+06     
4.0751e-01      3.8273e+01      1.5211e+02      3.9189e+06     
4.1251e-01      6.5898e+02      4.6893e+02      4.0169e+06     
4.1751e-01      3.1398e+02      1.2261e+02      4.1126e+06     
4.2251e-01      5.9352e+01      -3.7663e+01     4.2134e+06     
4.2751e-01      1.9121e+02      -6.1606e+02     4.3129e+06     
4.3251e-01      3.2890e+02      -2.5318e+02     4.4155e+06     
4.3751e-01      6.9039e+01      1.0358e+03      4.5171e+06     
4.4251e-01      1.9377e+02      -1.3412e+02     4.6208e+06     
4.4751e-01      2.4832e+02      3.4387e+00      4.7267e+06     
4.5251e-01      4.2555e+01      4.8647e+01      4.8327e+06     
4.5751e-01      1.4277e+02      -3.5465e+01     4.9386e+06     
4.6251e-01      1.8827e+02      7.4760e+02      5.0482e+06     
