# k P0 P2 modes
3.7054e-03      -3.4742e+03     -5.4519e+04     8.3000e+01     
8.0027e-03      1.2458e+04      2.2248e+03      5.9600e+02     
1.2850e-02      3.0359e+04      3.6116e+04      1.6480e+03     
1.7764e-02      3.7588e+04      3.0397e+04      3.1560e+03     
2.2684e-02      3.4711e+04      3.5741e+04      5.1760e+03     
2.7646e-02      3.3200e+04      2.2915e+04      7.8040e+03     
3.2636e-02      3.0352e+04      6.9383e+03      1.0874e+04     
3.7623e-02      2.6122e+04      6.5036e+03      1.4442e+04     
4.2607e-02      2.5340e+04      1.3056e+04      1.8544e+04     
4.7584e-02      2.1194e+04      1.7609e+03      2.3040e+04     
5.2572e-02      1.8266e+04      8.5412e+03      2.8366e+04     
5.7566e-02      1.6006e+04      4.5675e+03      3.3818e+04     
6.2559e-02      1.7536e+04      5.6436e+03      4.0130e+04     
6.7563e-02      1.5248e+04      9.9646e+03      4.6838e+04     
7.2561e-02      1.3759e+04      5.3711e+03      5.3826e+04     
7.7552e-02      1.4399e+04      6.9504e+03      6.1584e+04     
8.2550e-02      1.0789e+04      8.9392e+03      6.9864e+04     
8.7545e-02      7.8689e+03      6.5510e+03      7.8404e+04     
9.2544e-02      7.9226e+03      2.4604e+03      8.7902e+04     
9.7542e-02      6.8759e+03      1.5533e+03      9.7310e+04     
1.0253e-01      7.5245e+03      -3.5172e+02     1.0772e+05     
1.0754e-01      6.7340e+03      -5.7467e+02     1.1865e+05     
1.1254e-01      5.6072e+03      2.7650e+03      1.2991e+05     
1.1754e-01      5.9384e+03      9.6228e+02      1.4138e+05     
1.2253e-01      5.9165e+03      1.3735e+03      1.5396e+05     
1.2753e-01      5.9938e+03      3.8218e+02      1.6672e+05     
1.3253e-01      4.9190e+03      3.1683e+03      1.7981e+05     
1.3753e-01      5.4019e+03      3.5788e+02      1.9428e+05     
1.4253e-01      4.2002e+03      9.1122e+02      2.0777e+05     
1.4753e-01      3.7399e+03      -7.0269e+02     2.2328e+05     
1.5253e-01      2.5001e+03      5.4619e+01      2.3850e+05     
1.5753e-01      3.2182e+03      1.1974e+03      2.5444e+05     
1.6253e-01      3.6287e+03      3.2740e+02      2.7068e+05     
1.6753e-01      2.6926e+03      6.6243e+02      2.8771e+05     
1.7253e-01      2.8129e+03      9.6602e+02      3.0520e+05     
1.7753e-01      2.6231e+03      1.7670e+03      3.2301e+05     
1.8253e-01      2.7553e+03      -4.3655e+02     3.4181e+05     
1.8753e-01      2.7835e+03      1.2700e+03      3.6002e+05     
1.9252e-01      2.6550e+03      1.3583e+03      3.7973e+05     
1.9752e-01      2.1132e+03      1.6662e+03      3.9966e+05     
2.0251e-01      1.7448e+03      6.1817e+02      4.2032e+05     
2.0752e-01      2.3516e+03      4.9210e+02      4.4207e+05     
2.1252e-01      1.4849e+03      4.4141e+02      4.6264e+05     
2.1752e-01      6.1735e+02      -3.4156e+02     4.8582e+05     
2.2252e-01      7.3050e+02      9.2720e+01      5.0730e+05     
2.2752e-01      7.4241e+02      2.8411e+02      5.3078e+05     
2.3252e-01      1.1018e+03      1.0423e+03      5.5452e+05     
2.3752e-01      8.8632e+02      1.2293e+03      5.7801e+05     
2.4252e-01      7.1882e+02      5.8005e+02      6.0327e+05     
2.4752e-01      2.8438e+02      6.2795e+02      6.2775e+05     
2.5252e-01      6.1504e+02      -3.2212e+02     6.5330e+05     
2.5751e-01      7.9079e+02      -2.9729e+02     6.7990e+05     
2.6251e-01      5.9962e+02      -1.8845e+02     7.0609e+05     
2.6751e-01      4.2719e+02      7.3142e+01      7.3426e+05     
2.7251e-01      5.1448e+02      -7.6046e+02     7.6119e+05     
2.7751e-01      7.0466e+02      -5.1327e+02     7.8997e+05     
2.8252e-01      5.2626e+02      -1.3953e+02     8.1825e+05     
2.8751e-01      2.5850e+02      -2.5273e+02     8.4702e+05     
2.9251e-01      5.0488e+02      2.8257e+02      8.7700e+05     
2.9751e-01      7.3989e+02      5.7490e+01      9.0860e+05     
3.0252e-01      7.1558e+02      -8.9023e+02     9.3780e+05     
3.0752e-01      7.4079e+02      -7.3686e+02     9.6971e+05     
3.1251e-01      6.0303e+02      -1.0480e+03     9.9996e+05     
3.1751e-01      3.2555e+02      5.4243e+02      1.0341e+06     
3.2251e-01      7.1897e+02      -1.9226e+02     1.0664e+06     
3.2751e-01      3.7048e+02      -7.9167e+02     1.1003e+06     
3.3251e-01      2.3230e+02      -8.8292e+02     1.1331e+06     
3.3751e-01      1.0198e+02      6.2626e+01      1.1681e+06     
3.4251e-01      2.7881e+02      -1.4137e+02     1.2033e+06     
3.4751e-01      2.4738e+02      -5.9160e+02     1.2379e+06     
3.5251e-01      -1.9225e+02     -8.5193e+02     1.2741e+06     
3.5751e-01      9.6875e+01      -8.0495e+01     1.3102e+06     
3.6251e-01      3.2159e+02      -1.8927e+02     1.3469e+06     
3.6751e-01      1.3741e+02      -4.5441e+01     1.3853e+06     
3.7251e-01      1.5124e+02      1.2816e+02      1.4223e+06     
3.7751e-01      3.8470e+02      -4.9205e+02     1.4612e+06     
3.8251e-01      3.6898e+02      -4.2549e+02     1.4995e+06     
3.8751e-01      3.3531e+01      -3.0032e+02     1.5397e+06     
3.9251e-01      -2.5820e+01     -6.7152e+02     1.5799e+06     
3.9751e-01      3.2023e+01      1.0381e+02      1.6194e+06     
4.0251e-01      2.2422e+02      1.3341e+02      1.6615e+06     
4.0751e-01      -9.0273e+01     3.0251e+02      1.7017e+06     
4.1251e-01      1.1531e+02      7.4715e+02      1.7450e+06     
4.1751e-01      8.4344e+01      5.3456e+02      1.7875e+06     
4.2251e-01      7.0195e+01      3.6735e+02      1.8304e+06     
4.2751e-01      5.5359e+01      -4.4566e+02     1.8737e+06     
4.3251e-01      3.7619e+02      3.8712e+01      1.9186e+06     
4.3751e-01      6.8688e+01      1.9734e+02      1.9624e+06     
4.4251e-01      3.3961e+01      -2.7906e+02     2.0069e+06     
4.4751e-01      7.9164e+01      -2.5517e+02     2.0536e+06     
4.5251e-01      -8.7016e+01     -5.6294e+02     2.0998e+06     
4.5751e-01      1.3098e+02      -4.9067e+02     2.1451e+06     
4.6251e-01      -3.1297e+01     1.1599e+02      2.1922e+06     
4.6751e-01      1.8943e+02      2.4773e+02      2.2404e+06     
4.7251e-01      1.9100e+02      8.9699e+01      2.2901e+06     
4.7751e-01      8.7125e+01      2.8806e+02      2.3384e+06     
4.8251e-01      1.0012e+02      -3.5044e+01     2.3869e+06     
4.8751e-01      -2.9273e+01     -8.9286e+01     2.4358e+06     
4.9251e-01      -1.2945e+01     1.7989e+02      2.4872e+06     
4.9751e-01      2.0577e+02      7.9813e+01      2.5389e+06     
5.0251e-01      2.4213e+02      5.3990e+01      2.5888e+06     
5.0751e-01      -1.5068e+02     -6.2889e+02     2.6410e+06     
5.1251e-01      -1.0751e+02     2.2747e+02      2.6914e+06     
5.1751e-01      -5.9062e+00     4.0138e+01      2.7449e+06     
5.2251e-01      1.3381e+02      2.0622e+02      2.8001e+06     
5.2751e-01      -2.5000e+00     2.8213e+01      2.8530e+06     
5.3251e-01      -1.2797e+01     -7.4846e+01     2.9080e+06     
5.3751e-01      2.3022e+02      -3.6692e+01     2.9615e+06     
5.4251e-01      -1.2539e+01     3.3560e+02      3.0181e+06     
5.4751e-01      -7.0375e+01     -6.9773e+02     3.0734e+06     
5.5251e-01      -1.6598e+02     6.1848e+01      3.1297e+06     
5.5751e-01      -1.6011e+02     -3.0964e+02     3.1876e+06     
5.6251e-01      -1.4819e+02     -1.9412e+02     3.2433e+06     
5.6751e-01      -1.4614e+02     1.6263e+02      3.3011e+06     
5.7251e-01      1.3630e+02      -6.3190e+01     3.3601e+06     
