# k P0 P2 modes
3.7054e-03      2.8113e+04      -3.0940e+04     8.3000e+01     
8.0027e-03      2.7628e+04      1.4055e+04      5.9600e+02     
1.2850e-02      4.2164e+04      -5.8062e+03     1.6480e+03     
1.7764e-02      3.1724e+04      -1.6094e+04     3.1560e+03     
2.2684e-02      3.4765e+04      7.7288e+02      5.1760e+03     
2.7646e-02      2.7467e+04      1.1875e+04      7.8040e+03     
3.2636e-02      2.4637e+04      1.9411e+04      1.0874e+04     
3.7623e-02      2.4655e+04      1.2990e+04      1.4442e+04     
4.2607e-02      2.2673e+04      9.8315e+03      1.8544e+04     
4.7584e-02      2.1869e+04      7.8561e+03      2.3040e+04     
5.2572e-02      1.7376e+04      8.4057e+03      2.8366e+04     
5.7566e-02      1.6089e+04      7.3130e+03      3.3818e+04     
6.2559e-02      1.8279e+04      7.9181e+03      4.0130e+04     
6.7563e-02      1.7875e+04      5.9711e+03      4.6838e+04     
7.2561e-02      1.4366e+04      4.0903e+03      5.3826e+04     
7.7552e-02      1.3294e+04      3.2523e+03      6.1584e+04     
8.2550e-02      1.0715e+04      3.3827e+03      6.9864e+04     
8.7545e-02      1.0229e+04      3.2390e+03      7.8404e+04     
9.2544e-02      8.6398e+03      4.3755e+03      8.7902e+04     
9.7542e-02      8.2345e+03      3.2971e+03      9.7310e+04     
1.0253e-01      9.3451e+03      2.7054e+03      1.0772e+05     
1.0754e-01      6.8178e+03      2.1144e+03      1.1865e+05     
1.1254e-01      5.5555e+03      1.2259e+03      1.2991e+05     
1.1754e-01      5.7419e+03      2.5776e+03      1.4138e+05     
1.2253e-01      5.0200e+03      -1.9155e+03     1.5396e+05     
1.2753e-01      4.8894e+03      -2.7165e+02     1.6672e+05     
1.3253e-01      5.4123e+03      2.3118e+03      1.7981e+05     
1.3753e-01      5.5042e+03      9.3292e+02      1.9428e+05     
1.4253e-01      5.7305e+03      1.1343e+03      2.0777e+05     
1.4753e-01      4.9389e+03      4.8723e+02      2.2328e+05     
1.5253e-01      3.4822e+03      -2.2882e+02     2.3850e+05     
1.5753e-01      2.4671e+03      -2.6565e+02     2.5444e+05     
1.6253e-01      2.4881e+03      7.7952e+02      2.7068e+05     
1.6753e-01      2.3797e+03      8.8781e+02      2.8771e+05     
1.7253e-01      2.1278e+03      -5.7555e+02     3.0520e+05     
1.7753e-01      2.0162e+03      -6.5046e+02     3.2301e+05     
1.8253e-01      1.2412e+03      -1.6935e+03     3.4181e+05     
1.8753e-01      1.8489e+03      2.5728e+02      3.6002e+05     
1.9252e-01      1.7256e+03      -1.4104e+03     3.7973e+05     
1.9752e-01      2.0269e+03      -1.3173e+02     3.9966e+05     
2.0251e-01      2.2866e+03      -7.8720e+01     4.2032e+05     
2.0752e-01      1.6881e+03      -4.3714e+02     4.4207e+05     
2.1252e-01      1.6160e+03      -1.1658e+03     4.6264e+05     
2.1752e-01      1.6459e+03      -3.9078e+01     4.8582e+05     
2.2252e-01      1.2866e+03      4.1279e+01      5.0730e+05     
2.2752e-01      1.1990e+03      -4.1908e+02     5.3078e+05     
2.3252e-01      1.3974e+03      -9.3992e+02     5.5452e+05     
2.3752e-01      9.5572e+02      -1.2091e+03     5.7801e+05     
2.4252e-01      1.4965e+03      -1.5499e+03     6.0327e+05     
2.4752e-01      8.7685e+02      -3.6570e+02     6.2775e+05     
2.5252e-01      1.2975e+03      2.9084e+01      6.5330e+05     
2.5751e-01      9.3810e+02      1.0408e+03      6.7990e+05     
2.6251e-01      8.2949e+02      -4.3673e+02     7.0609e+05     
2.6751e-01      7.3736e+02      -8.3801e+02     7.3426e+05     
2.7251e-01      1.1793e+03      -1.0865e+03     7.6119e+05     
2.7751e-01      1.1284e+03      8.3367e+01      7.8997e+05     
2.8252e-01      7.8139e+02      3.8693e+02      8.1825e+05     
2.8751e-01      6.3505e+02      2.5106e+02      8.4702e+05     
2.9251e-01      3.8243e+02      -1.0848e+03     8.7700e+05     
2.9751e-01      6.1074e+02      1.1745e+02      9.0860e+05     
3.0252e-01      1.7788e+02      3.6813e+02      9.3780e+05     
3.0752e-01      5.1176e+02      -1.6228e+02     9.6971e+05     
3.1251e-01      6.5041e+02      1.2876e+02      9.9996e+05     
3.1751e-01      5.0453e+01      4.6162e+02      1.0341e+06     
3.2251e-01      5.0369e+02      -6.6204e+02     1.0664e+06     
3.2751e-01      5.0521e+02      1.6112e+02      1.1003e+06     
3.3251e-01      4.9023e+01      -7.1216e+02     1.1331e+06     
3.3751e-01      4.7328e+02      -3.6876e+02     1.1681e+06     
3.4251e-01      3.3922e+02      -9.3534e+01     1.2033e+06     
3.4751e-01      6.3360e+02      3.9223e+01      1.2379e+06     
3.5251e-01      2.5341e+02      5.5353e+01      1.2741e+06     
3.5751e-01      -1.3909e+02     1.2494e+02      1.3102e+06     
3.6251e-01      -2.1218e+02     -3.7433e+02     1.3469e+06     
3.6751e-01      3.0681e+02      -1.2694e+02     1.3853e+06     
3.7251e-01      1.8787e+02      -9.3629e+01     1.4223e+06     
3.7751e-01      2.0938e+02      -6.0797e+02     1.4612e+06     
3.8251e-01      3.5717e+02      -2.3249e+02     1.4995e+06     
3.8751e-01      1.9927e+02      6.9381e+02      1.5397e+06     
3.9251e-01      2.6035e+02      6.0020e+02      1.5799e+06     
3.9751e-01      3.3382e+02      5.4867e+02      1.6194e+06     
4.0251e-01      1.5399e+02      -6.5961e+01     1.6615e+06     
4.0751e-01      3.3867e+01      -2.5963e+02     1.7017e+06     
4.1251e-01      1.5390e+02      8.4616e+02      1.7450e+06     
4.1751e-01      -6.6289e+01     4.7653e+02      1.7875e+06     
4.2251e-01      2.5964e+02      1.5776e+02      1.8304e+06     
4.2751e-01      4.9880e+02      2.1652e+02      1.8737e+06     
4.3251e-01      -9.5289e+01     -3.1892e+01     1.9186e+06     
4.3751e-01      2.5211e+01      -2.1884e+01     1.9624e+06     
4.4251e-01      -1.7968e+02     5.0363e+02      2.0069e+06     
4.4751e-01      -1.8266e+01     1.0229e+02      2.0536e+06     
4.5251e-01      -7.6188e+01     -3.6049e+02     2.0998e+06     
4.5751e-01      -3.3292e+02     -1.2029e+02     2.1451e+06     
4.6251e-01      -5.5016e+01     -1.3045e+02     2.1922e+06     
4.6751e-01      2.5994e+02      6.7618e+01      2.2404e+06     
4.7251e-01      2.2244e+02      7.6473e+01      2.2901e+06     
4.7751e-01      8.5109e+01      -3.1077e+01     2.3384e+06     
4.8251e-01      3.3691e+02      -4.0351e+02     2.3869e+06     
4.8751e-01      1.4169e+02      -1.4044e+02     2.4358e+06     
4.9251e-01      1.5568e+02      1.8487e+02      2.4872e+06     
4.9751e-01      1.0397e+02      3.6784e+02      2.5389e+06     
5.0251e-01      1.9179e+02      1.5469e+02      2.5888e+06     
5.0751e-01      1.7673e+02      -3.8288e+01     2.6410e+06     
5.1251e-01      -1.8438e+00     3.7351e+02      2.6914e+06     
5.1751e-01      -2.9820e+01     8.5379e+01      2.7449e+06     
5.2251e-01      -4.5891e+01     -3.9474e+01     2.8001e+06     
5.2751e-01      -1.5012e+02     -3.7344e+02     2.8530e+06     
5.3251e-01      1.5607e+02      -2.7435e+02     2.9080e+06     
5.3751e-01      -7.2016e+01     -3.3960e+02     2.9615e+06     
5.4251e-01      -1.4720e+02     3.4140e+02      3.0181e+06     
5.4751e-01      1.3656e+02      3.1036e+02      3.0734e+06     
5.5251e-01      9.2609e+01      -6.1521e+02     3.1297e+06     
5.5751e-01      8.7742e+01      -2.9344e+02     3.1876e+06     
5.6251e-01      3.0328e+01      -2.6173e+02     3.2433e+06     
5.6751e-01      -3.2591e+02     3.4001e+02      3.3011e+06     
5.7251e-01      -1.3663e+02     -2.4030e+02     3.3601e+06     
