# k P0 P2 modes
3.7054e-03      6.4077e+04      7.4634e+04      8.3000e+01     
8.0027e-03      4.4123e+04      1.1000e+03      5.9600e+02     
1.2850e-02      4.6605e+04      1.9854e+04      1.6480e+03     
1.7764e-02      4.8321e+04      5.0214e+04      3.1560e+03     
2.2684e-02      3.6024e+04      -1.6944e+03     5.1760e+03     
2.7646e-02      3.6284e+04      7.5618e+03      7.8040e+03     
3.2636e-02      2.0625e+04      6.3434e+03      1.0874e+04     
3.7623e-02      2.4628e+04      3.4590e+03      1.4442e+04     
4.2607e-02      2.4590e+04      1.4128e+04      1.8544e+04     
4.7584e-02      2.0816e+04      6.4144e+03      2.3040e+04     
5.2572e-02      2.1138e+04      1.3100e+04      2.8366e+04     
5.7566e-02      1.9515e+04      5.9870e+03      3.3818e+04     
6.2559e-02      1.6740e+04      1.2465e+04      4.0130e+04     
6.7563e-02      1.5069e+04      3.6803e+03      4.6838e+04     
7.2561e-02      1.2753e+04      9.4083e+03      5.3826e+04     
7.7552e-02      1.2450e+04      2.8419e+03      6.1584e+04     
8.2550e-02      1.1301e+04      3.9968e+03      6.9864e+04     
8.7545e-02      8.8267e+03      3.2449e+03      7.8404e+04     
9.2544e-02      8.4031e+03      3.9289e+03      8.7902e+04     
9.7542e-02      8.4388e+03      1.3109e+03      9.7310e+04     
1.0253e-01      7.2938e+03      1.0956e+03      1.0772e+05     
1.0754e-01      7.1810e+03      1.3890e+03      1.1865e+05     
1.1254e-01      5.9594e+03      1.5323e+00      1.2991e+05     
1.1754e-01      5.1791e+03      -1.9626e+03     1.4138e+05     
1.2253e-01      4.2647e+03      -5.2151e+01     1.5396e+05     
1.2753e-01      4.4146e+03      2.1883e+03      1.6672e+05     
1.3253e-01      4.1618e+03      1.0765e+03      1.7981e+05     
1.3753e-01      3.8892e+03      1.1409e+03      1.9428e+05     
1.4253e-01      4.2153e+03      2.5723e+02      2.0777e+05     
1.4753e-01      4.1798e+03      3.4620e+02      2.2328e+05     
1.5253e-01      3.7476e+03      8.7928e+02      2.3850e+05     
1.5753e-01      3.0047e+03      -1.4015e+03     2.5444e+05     
1.6253e-01      2.5961e+03      9.0786e+01      2.7068e+05     
1.6753e-01      3.1300e+03      1.4125e+03      2.8771e+05     
1.7253e-01      2.1193e+03      -1.0034e+02     3.0520e+05     
1.7753e-01      2.7538e+03      -1.0173e+03     3.2301e+05     
1.8253e-01      2.4761e+03      4.9787e+02      3.4181e+05     
1.8753e-01      2.0698e+03      2.0014e+02      3.6002e+05     
1.9252e-01      2.0992e+03      6.0239e+02      3.7973e+05     
1.9752e-01      3.2621e+03      -8.5008e+01     3.9966e+05     
2.0251e-01      2.4304e+03      1.3084e+03      4.2032e+05     
2.0752e-01      1.7997e+03      -2.0323e+02     4.4207e+05     
2.1252e-01      2.1990e+03      -6.9009e+02     4.6264e+05     
2.1752e-01      6.0804e+02      -3.8340e+02     4.8582e+05     
2.2252e-01      9.6242e+02      5.9254e+02      5.0730e+05     
2.2752e-01      1.5630e+03      8.4874e+02      5.3078e+05     
2.3252e-01      1.2691e+03      -8.0924e+01     5.5452e+05     
2.3752e-01      8.8754e+02      2.9812e+02      5.7801e+05     
2.4252e-01      6.2866e+02      1.1447e+02      6.0327e+05     
2.4752e-01      8.9943e+02      -3.5006e+01     6.2775e+05     
2.5252e-01      1.2618e+03      -1.4862e+03     6.5330e+05     
2.5751e-01      7.8770e+02      -1.3523e+03     6.7990e+05     
2.6251e-01      7.8493e+02      -1.7608e+01     7.0609e+05     
2.6751e-01      8.7115e+02      -1.5858e+02     7.3426e+05     
2.7251e-01      1.0228e+03      -1.0251e+03     7.6119e+05     
2.7751e-01      -4.9289e+01     3.6430e+02      7.8997e+05     
2.8252e-01      5.1195e+02      6.7856e+02      8.1825e+05     
2.8751e-01      9.8490e+02      -5.7910e+02     8.4702e+05     
2.9251e-01      7.4266e+02      4.0935e+02      8.7700e+05     
2.9751e-01      7.5721e+02      -1.5182e+02     9.0860e+05     
3.0252e-01      2.8016e+02      6.6007e+01      9.3780e+05     
3.0752e-01      2.0165e+02      4.7199e+02      9.6971e+05     
3.1251e-01      1.8551e+02      -4.4227e+02     9.9996e+05     
3.1751e-01      6.8609e+01      -4.1897e+02     1.0341e+06     
3.2251e-01      9.1031e+01      -8.1628e+02     1.0664e+06     
3.2751e-01      2.2528e+02      -4.4281e+02     1.1003e+06     
3.3251e-01      4.5275e+02      -1.7177e+02     1.1331e+06     
3.3751e-01      4.8193e+02      1.8559e+02      1.1681e+06     
3.4251e-01      3.0940e+02      -3.9304e+02     1.2033e+06     
3.4751e-01      1.4726e+02      7.5528e+02      1.2379e+06     
3.5251e-01      -4.1286e+02     -1.2109e+03     1.2741e+06     
3.5751e-01      -7.7195e+01     -1.3354e+02     1.3102e+06     
3.6251e-01      -1.4073e+02     -7.5906e+02     1.3469e+06     
3.6751e-01      2.1902e+02      -2.2850e+02     1.3853e+06     
3.7251e-01      2.6636e+02      1.5435e+02      1.4223e+06     
3.7751e-01      3.2469e+02      -7.6800e+02     1.4612e+06     
3.8251e-01      3.5719e+01      -4.7722e+02     1.4995e+06     
3.8751e-01      -1.9054e+02     -3.7201e+02     1.5397e+06     
3.9251e-01      8.7695e+01      -3.3333e+02     1.5799e+06     
3.9751e-01      8.2164e+01      -7.5259e+02     1.6194e+06     
4.0251e-01      3.7253e+02      -4.0749e+02     1.6615e+06     
4.0751e-01      3.8574e+02      -9.3565e+02     1.7017e+06     
4.1251e-01      2.7702e+02      -4.4743e+02     1.7450e+06     
4.1751e-01      -3.2516e+01     -4.2586e+02     1.7875e+06     
4.2251e-01      2.2466e+02      -2.2069e+02     1.8304e+06     
4.2751e-01      -1.9867e+01     1.4741e+02      1.8737e+06     
4.3251e-01      -4.9602e+01     -3.4820e+01     1.9186e+06     
4.3751e-01      -1.4094e+01     -8.0209e+02     1.9624e+06     
4.4251e-01      1.8337e+02      -3.4277e+02     2.0069e+06     
4.4751e-01      1.6717e+02      3.2617e+02      2.0536e+06     
4.5251e-01      7.6180e+01      1.6661e+02      2.0998e+06     
4.5751e-01      -5.0734e+01     6.2087e+02      2.1451e+06     
4.6251e-01      1.2831e+02      -3.9943e+02     2.1922e+06     
4.6751e-01      2.6984e+02      -1.5742e+02     2.2404e+06     
4.7251e-01      1.9114e+02      2.8373e+01      2.2901e+06     
4.7751e-01      -4.7406e+01     -1.8882e+02     2.3384e+06     
4.8251e-01      -1.5320e+02     1.4346e+02      2.3869e+06     
4.8751e-01      -2.3905e+02     8.9661e+02      2.4358e+06     
4.9251e-01      -7.5789e+01     3.2828e+01      2.4872e+06     
4.9751e-01      -1.4717e+02     3.7205e+02      2.5389e+06     
5.0251e-01      -7.6945e+01     5.5054e+02      2.5888e+06     
5.0751e-01      -1.5010e+02     1.8364e+01      2.6410e+06     
5.1251e-01      -1.1290e+02     -3.8100e+02     2.6914e+06     
5.1751e-01      2.4996e+02      -2.4928e+02     2.7449e+06     
5.2251e-01      1.3554e+02      2.4591e+02      2.8001e+06     
5.2751e-01      -6.7695e+01     -1.4236e+02     2.8530e+06     
5.3251e-01      -1.9849e+02     2.3858e+02      2.9080e+06     
5.3751e-01      -1.5227e+02     1.4260e+01      2.9615e+06     
5.4251e-01      2.0609e+01      1.9516e+02      3.0181e+06     
5.4751e-01      -1.0146e+02     1.5273e+02      3.0734e+06     
5.5251e-01      7.4289e+01      3.4994e+02      3.1297e+06     
5.5751e-01      -1.3870e+02     1.1582e+02      3.1876e+06     
5.6251e-01      -1.0743e+02     -2.7249e+02     3.2433e+06     
5.6751e-01      5.1875e+01      8.9811e+01      3.3011e+06     
5.7251e-01      -1.4879e+02     1.8309e+02      3.3601e+06     
