# k P0 P2 modes
3.7538e-03      1.7938e+04      -6.5997e+03     7.7000e+01     
8.0504e-03      6.3197e+04      -6.9104e+03     5.4800e+02     
1.2849e-02      4.5330e+04      -8.1076e+03     1.4800e+03     
1.7752e-02      4.2346e+04      1.3897e+04      2.8720e+03     
2.2692e-02      3.3232e+04      2.2209e+04      4.7360e+03     
2.7648e-02      3.6743e+04      6.6695e+03      7.0360e+03     
3.2613e-02      3.4788e+04      6.2753e+03      9.8380e+03     
3.7611e-02      2.9974e+04      1.6301e+04      1.3208e+04     
4.2613e-02      2.4860e+04      1.2286e+04      1.6858e+04     
4.7605e-02      2.0308e+04      1.2161e+04      2.1080e+04     
5.2591e-02      1.8540e+04      7.6755e+03      2.5624e+04     
5.7568e-02      1.9266e+04      -4.1406e+02     3.0728e+04     
6.2562e-02      1.7825e+04      6.8096e+03      3.6498e+04     
6.7567e-02      1.6917e+04      1.2152e+04      4.2528e+04     
7.2573e-02      1.4737e+04      2.3960e+03      4.9152e+04     
7.7565e-02      1.5003e+04      2.2252e+03      5.5744e+04     
8.2548e-02      1.3104e+04      4.3800e+03      6.3346e+04     
8.7544e-02      1.1512e+04      4.5667e+03      7.1388e+04     
9.2544e-02      9.2718e+03      2.2301e+03      7.9762e+04     
9.7542e-02      8.0706e+03      3.4726e+03      8.8564e+04     
1.0254e-01      7.7291e+03      1.8065e+03      9.7988e+04     
1.0754e-01      7.2458e+03      2.6928e+03      1.0771e+05     
1.1254e-01      7.0638e+03      4.4654e+02      1.1795e+05     
1.1753e-01      6.0836e+03      7.5947e+02      1.2829e+05     
1.2252e-01      5.3568e+03      6.6003e+03      1.3977e+05     
1.2753e-01      6.1316e+03      4.9461e+03      1.5195e+05     
1.3254e-01      5.0563e+03      1.6029e+03      1.6358e+05     
1.3753e-01      4.7061e+03      -1.1396e+02     1.7594e+05     
1.4253e-01      4.1926e+03      1.3265e+03      1.8906e+05     
1.4753e-01      4.0886e+03      2.2065e+03      2.0282e+05     
1.5253e-01      3.9056e+03      1.5091e+03      2.1681e+05     
1.5752e-01      3.0860e+03      1.3661e+03      2.3088e+05     
1.6252e-01      3.1501e+03      6.7573e+02      2.4623e+05     
1.6752e-01      2.6126e+03      1.4385e+03      2.6133e+05     
1.7252e-01      2.6989e+03      3.0215e+00      2.7728e+05     
1.7752e-01      2.6170e+03      1.2571e+03      2.9332e+05     
1.8252e-01      2.6934e+03      1.9551e+03      3.1057e+05     
1.8752e-01      2.0224e+03      -2.8071e+02     3.2756e+05     
1.9252e-01      2.3473e+03      1.7750e+03      3.4527e+05     
1.9752e-01      1.5291e+03      1.3534e+03      3.6354e+05     
2.0252e-01      1.9542e+03      6.6097e+02      3.8166e+05     
2.0752e-01      1.8022e+03      -6.8650e+02     4.0085e+05     
2.1252e-01      1.9645e+03      -1.3209e+03     4.2101e+05     
2.1752e-01      2.0843e+03      -6.4022e+01     4.4116e+05     
2.2252e-01      2.2195e+03      1.4828e+03      4.6130e+05     
2.2752e-01      1.3818e+03      3.6056e+02      4.8219e+05     
2.3252e-01      1.3984e+03      5.3413e+02      5.0386e+05     
2.3752e-01      1.4297e+03      -3.4634e+02     5.2502e+05     
2.4252e-01      1.0796e+03      -2.3326e+02     5.4795e+05     
2.4752e-01      1.0216e+03      -5.6033e+02     5.7054e+05     
2.5252e-01      8.8598e+02      -1.4044e+03     5.9437e+05     
2.5752e-01      1.1228e+03      -7.2108e+02     6.1790e+05     
2.6252e-01      1.4131e+03      7.2095e+01      6.4211e+05     
2.6752e-01      9.9716e+02      -4.0730e+02     6.6611e+05     
2.7251e-01      8.7169e+02      -3.8369e+02     6.9179e+05     
2.7752e-01      5.9061e+02      -1.5999e+01     7.1800e+05     
2.8252e-01      6.4390e+02      -2.8297e+02     7.4315e+05     
2.8752e-01      1.0319e+03      1.3267e+02      7.7019e+05     
2.9251e-01      7.4756e+02      2.9284e+02      7.9643e+05     
2.9751e-01      4.4313e+02      -8.6453e+02     8.2482e+05     
3.0251e-01      6.4508e+01      -5.6220e+02     8.5256e+05     
3.0751e-01      -1.1672e+02     -1.0231e+03     8.8037e+05     
3.1251e-01      4.5441e+02      -1.3256e+02     9.1065e+05     
3.1751e-01      1.9581e+02      -3.5881e+02     9.3900e+05     
3.2251e-01      3.1734e+02      3.8879e+02      9.6935e+05     
3.2751e-01      7.4945e+01      3.2868e+02      9.9834e+05     
3.3251e-01      1.4062e+02      4.4873e+02      1.0299e+06     
3.3751e-01      1.4022e+02      1.1709e+02      1.0619e+06     
3.4251e-01      2.0858e+02      3.8602e+02      1.0933e+06     
3.4751e-01      1.8123e+02      4.5486e+02      1.1255e+06     
3.5251e-01      -6.9602e+01     1.9806e+02      1.1574e+06     
3.5751e-01      -6.4242e+01     -3.8669e+02     1.1902e+06     
3.6251e-01      -3.7734e+01     -6.1900e+01     1.2246e+06     
3.6751e-01      3.6650e+02      2.6157e+02      1.2579e+06     
3.7251e-01      3.7442e+02      9.8532e+02      1.2923e+06     
3.7751e-01      1.9994e+02      -3.4711e+01     1.3285e+06     
3.8251e-01      4.2913e+02      -2.7771e+02     1.3628e+06     
3.8751e-01      6.4605e+02      -3.7735e+02     1.3992e+06     
3.9251e-01      4.2455e+02      1.2836e+02      1.4344e+06     
3.9751e-01      1.0926e+02      -7.1014e+02     1.4730e+06     
4.0251e-01      1.2880e+02      1.0047e+02      1.5097e+06     
4.0751e-01      1.3484e+01      3.2367e+02      1.5466e+06     
4.1251e-01      3.2078e+02      -1.1596e+01     1.5850e+06     
4.1751e-01      1.9425e+02      -7.0739e+02     1.6236e+06     
4.2251e-01      3.4073e+02      6.3764e+02      1.6633e+06     
4.2751e-01      -9.5844e+01     -2.1379e+02     1.7025e+06     
4.3251e-01      1.8609e+02      -9.7420e+02     1.7437e+06     
4.3751e-01      -7.5039e+01     -7.4590e+02     1.7830e+06     
4.4251e-01      2.2927e+02      -6.8099e+02     1.8248e+06     
4.4751e-01      3.1512e+02      -3.8976e+02     1.8648e+06     
4.5251e-01      1.5880e+02      -3.6627e+02     1.9067e+06     
4.5751e-01      -3.4141e+00     -5.3014e+02     1.9513e+06     
4.6251e-01      -8.9297e+00     -5.0064e+02     1.9925e+06     
4.6751e-01      -9.0289e+01     2.5078e+02      2.0369e+06     
4.7251e-01      -4.4898e+01     -2.3479e+02     2.0795e+06     
4.7751e-01      2.4812e+01      1.9709e+02      2.1227e+06     
4.8251e-01      -7.6797e+00     5.1379e+02      2.1704e+06     
4.8751e-01      -1.8129e+02     2.2093e+02      2.2138e+06     
4.9251e-01      2.7216e+02      6.2883e+02      2.2594e+06     
4.9751e-01      1.7238e+02      8.4866e+01      2.3053e+06     
5.0251e-01      2.4411e+02      -4.0842e+02     2.3530e+06     
5.0751e-01      2.5270e+02      -6.6824e+01     2.3992e+06     
5.1251e-01      2.9833e+02      5.6688e+02      2.4464e+06     
5.1751e-01      -5.4609e+00     5.3151e+02      2.4969e+06     
5.2251e-01      -1.0884e+02     6.7120e+02      2.5441e+06     
5.2751e-01      -8.4078e+01     -2.8567e+02     2.5919e+06     
5.3251e-01      2.4328e+01      2.0299e+02      2.6408e+06     
5.3751e-01      1.6425e+02      2.7156e+01      2.6923e+06     
5.4251e-01      9.0555e+01      -2.1370e+02     2.7415e+06     
5.4751e-01      -1.6816e+02     -3.3696e+02     2.7933e+06     
5.5251e-01      1.2741e+02      -1.6988e+02     2.8443e+06     
5.5751e-01      -3.6523e+01     -2.5734e+02     2.8958e+06     
5.6251e-01      2.2262e+02      -2.0622e+02     2.9476e+06     
5.6751e-01      1.2547e+02      3.9376e+01      3.0000e+06     
5.7251e-01      1.4880e+02      5.5293e+02      3.0533e+06     
5.7751e-01      3.2829e+02      3.2961e+02      3.1073e+06     
5.8251e-01      1.1048e+02      -2.6066e+02     3.1610e+06     
5.8751e-01      3.2298e+02      -2.2499e+02     3.2158e+06     
5.9251e-01      3.8062e+02      -1.4824e+02     3.2711e+06     
5.9751e-01      -7.5000e+00     -7.9493e+01     3.3249e+06     
6.0251e-01      -6.8766e+01     -1.6704e+02     3.3828e+06     
6.0751e-01      -1.5425e+02     8.0181e+01      3.4392e+06     
6.1251e-01      -8.0086e+01     -7.4527e+02     3.4944e+06     
6.1751e-01      2.8812e+01      -3.4525e+02     3.5519e+06     
6.2251e-01      3.3539e+01      1.0582e+02      3.6102e+06     
6.2751e-01      -4.1227e+01     1.6784e+01      3.6677e+06     
6.3251e-01      6.6328e+01      1.7802e+02      3.7272e+06     
