# k P0 P2 modes
3.7860e-03      -2.0396e+04     4.4167e+03      2.2300e+02     
8.0557e-03      2.0431e+04      7.4813e+04      1.5160e+03     
1.2839e-02      3.3483e+04      4.1484e+04      4.1300e+03     
1.7758e-02      3.1144e+04      -3.3142e+03     8.0580e+03     
2.2686e-02      3.4265e+04      -1.3142e+04     1.3118e+04     
2.7645e-02      3.4537e+04      1.9192e+04      1.9784e+04     
3.2626e-02      3.0625e+04      9.4431e+03      2.7482e+04     
3.7615e-02      2.8040e+04      2.1212e+04      3.6794e+04     
4.2612e-02      2.0325e+04      1.3737e+04      4.7060e+04     
4.7588e-02      1.9747e+04      1.8110e+03      5.8466e+04     
5.2576e-02      1.7911e+04      5.8567e+03      7.1934e+04     
5.7577e-02      1.7578e+04      9.7123e+03      8.6096e+04     
6.2571e-02      1.4230e+04      6.7793e+03      1.0167e+05     
6.7564e-02      1.3041e+04      1.4268e+03      1.1849e+05     
7.2555e-02      1.4481e+04      4.9369e+03      1.3659e+05     
7.7552e-02      1.3188e+04      6.7640e+03      1.5654e+05     
8.2550e-02      1.0016e+04      -4.9171e+02     1.7690e+05     
8.7547e-02      1.0185e+04      2.8427e+03      1.9940e+05     
9.2546e-02      7.7471e+03      3.7628e+03      2.2258e+05     
9.7541e-02      8.7096e+03      1.2437e+03      2.4711e+05     
1.0254e-01      7.7900e+03      -1.2971e+03     2.7352e+05     
1.0754e-01      7.9084e+03      1.9536e+03      3.0053e+05     
1.1254e-01      7.9385e+03      1.3156e+03      3.2983e+05     
1.1754e-01      6.0008e+03      5.4157e+02      3.5888e+05     
1.2253e-01      5.1855e+03      1.7725e+03      3.9021e+05     
1.2753e-01      4.2024e+03      8.4113e+02      4.2301e+05     
1.3253e-01      4.9769e+03      9.7895e+02      4.5655e+05     
1.3753e-01      4.5962e+03      1.7078e+03      4.9198e+05     
1.4253e-01      4.7582e+03      1.3251e+03      5.2826e+05     
1.4753e-01      4.3972e+03      1.2289e+03      5.6575e+05     
1.5253e-01      2.8957e+03      1.6319e+03      6.0512e+05     
1.5753e-01      3.1275e+03      1.2327e+03      6.4543e+05     
1.6253e-01      3.1439e+03      3.6161e+02      6.8727e+05     
1.6753e-01      2.8060e+03      1.0621e+03      7.2993e+05     
1.7252e-01      2.6695e+03      1.9306e+02      7.7319e+05     
1.7752e-01      2.5499e+03      1.0234e+03      8.2002e+05     
1.8252e-01      2.2660e+03      -8.4658e+02     8.6670e+05     
1.8752e-01      1.9231e+03      3.6799e+02      9.1408e+05     
1.9252e-01      2.5384e+03      -3.3493e+02     9.6442e+05     
1.9752e-01      2.4361e+03      -6.3946e+02     1.0148e+06     
2.0252e-01      2.2756e+03      -8.7786e+02     1.0664e+06     
2.0752e-01      1.0770e+03      -7.9738e+02     1.1195e+06     
2.1252e-01      1.6768e+03      -9.3748e+02     1.1755e+06     
2.1752e-01      1.7835e+03      -1.0713e+03     1.2297e+06     
2.2252e-01      1.9211e+03      -1.0384e+03     1.2877e+06     
2.2752e-01      2.0085e+03      -7.3742e+02     1.3469e+06     
2.3252e-01      1.4353e+03      1.9750e+02      1.4056e+06     
2.3752e-01      1.8510e+03      -1.6869e+02     1.4678e+06     
2.4252e-01      1.2708e+03      -3.8108e+02     1.5297e+06     
2.4752e-01      1.0958e+03      8.6165e+02      1.5934e+06     
2.5252e-01      6.0962e+02      1.3451e+02      1.6588e+06     
2.5752e-01      9.4194e+02      4.7852e+02      1.7236e+06     
2.6251e-01      1.4216e+03      3.8017e+02      1.7932e+06     
2.6752e-01      9.8386e+02      -7.3749e+02     1.8613e+06     
2.7251e-01      8.6420e+02      1.1203e+02      1.9309e+06     
2.7751e-01      6.8429e+02      -1.1791e+03     2.0046e+06     
2.8252e-01      5.9105e+02      -5.0711e+02     2.0749e+06     
2.8751e-01      7.8944e+02      3.9013e+02      2.1505e+06     
2.9251e-01      3.3128e+02      4.5176e+02      2.2248e+06     
2.9751e-01      1.5340e+02      4.1135e+02      2.3029e+06     
3.0251e-01      5.0244e+02      -6.1058e+02     2.3814e+06     
3.0751e-01      3.4612e+02      -4.0975e+02     2.4590e+06     
3.1251e-01      5.0309e+02      -3.2577e+02     2.5397e+06     
3.1751e-01      3.1580e+02      6.5763e+01      2.6231e+06     
3.2251e-01      5.0836e+02      -7.2555e+02     2.7040e+06     
3.2751e-01      7.3654e+02      -4.5723e+02     2.7905e+06     
3.3251e-01      3.2224e+02      -2.8512e+02     2.8762e+06     
3.3751e-01      5.0364e+02      1.0625e+03      2.9630e+06     
3.4251e-01      1.0495e+02      3.0651e+02      3.0520e+06     
3.4751e-01      1.5687e+02      3.6204e+02      3.1406e+06     
3.5251e-01      4.5588e+02      -1.0376e+02     3.2325e+06     
3.5751e-01      2.4307e+02      -1.9171e+02     3.3242e+06     
3.6251e-01      4.1084e+02      -1.9177e+02     3.4175e+06     
3.6751e-01      4.5839e+02      -4.2430e+01     3.5140e+06     
3.7251e-01      6.1870e+02      -9.9027e+02     3.6094e+06     
3.7751e-01      1.4045e+02      4.6014e+02      3.7072e+06     
3.8251e-01      4.4148e+02      -3.8535e+01     3.8061e+06     
3.8751e-01      1.2108e+02      -3.8074e+02     3.9054e+06     
3.9251e-01      -1.4773e+01     3.7602e+02      4.0072e+06     
3.9751e-01      4.9625e+01      6.6965e+02      4.1094e+06     
4.0251e-01      -2.6250e+00     2.4066e+02      4.2157e+06     
4.0751e-01      3.4698e+02      2.9950e+02      4.3198e+06     
4.1251e-01      2.6359e+02      5.0332e+02      4.4253e+06     
4.1751e-01      -6.5695e+01     8.7327e+01      4.5333e+06     
4.2251e-01      -3.0703e+00     4.1025e+02      4.6377e+06     
