# k P0 P2 modes
3.7860e-03      -5.9016e+03     8.8989e+04      2.2300e+02     
8.0557e-03      4.7513e+04      3.5968e+04      1.5160e+03     
1.2839e-02      5.3008e+04      2.6521e+04      4.1300e+03     
1.7758e-02      4.4000e+04      6.9693e+03      8.0580e+03     
2.2686e-02      3.8520e+04      1.9139e+04      1.3118e+04     
2.7645e-02      3.3691e+04      1.5299e+04      1.9784e+04     
3.2626e-02      3.8303e+04      1.0516e+03      2.7482e+04     
3.7615e-02      2.3361e+04      -2.6670e+02     3.6794e+04     
4.2612e-02      2.4699e+04      2.0711e+04      4.7060e+04     
4.7588e-02      1.9805e+04      5.1302e+03      5.8466e+04     
5.2576e-02      1.9078e+04      3.4300e+03      7.1934e+04     
5.7577e-02      1.7237e+04      8.7329e+03      8.6096e+04     
6.2571e-02      1.7284e+04      4.9950e+03      1.0167e+05     
6.7564e-02      1.4991e+04      8.8763e+03      1.1849e+05     
7.2555e-02      1.2480e+04      9.3550e+03      1.3659e+05     
7.7552e-02      1.2569e+04      4.7565e+03      1.5654e+05     
8.2550e-02      1.0742e+04      5.9760e+03      1.7690e+05     
8.7547e-02      1.1208e+04      1.0477e+03      1.9940e+05     
9.2546e-02      9.8407e+03      1.1571e+03      2.2258e+05     
9.7541e-02      8.7664e+03      9.2504e+02      2.4711e+05     
1.0254e-01      6.2493e+03      1.0905e+03      2.7352e+05     
1.0754e-01      6.2370e+03      8.8873e+02      3.0053e+05     
1.1254e-01      5.5300e+03      1.0754e+03      3.2983e+05     
1.1754e-01      6.0229e+03      3.5186e+03      3.5888e+05     
1.2253e-01      5.3545e+03      2.8442e+03      3.9021e+05     
1.2753e-01      6.2641e+03      8.4524e+02      4.2301e+05     
1.3253e-01      4.0751e+03      7.1507e+02      4.5655e+05     
1.3753e-01      4.3484e+03      9.4018e+02      4.9198e+05     
1.4253e-01      4.3973e+03      2.3057e+02      5.2826e+05     
1.4753e-01      4.2618e+03      6.9647e+02      5.6575e+05     
1.5253e-01      3.1486e+03      1.4846e+03      6.0512e+05     
1.5753e-01      3.0988e+03      1.3384e+03      6.4543e+05     
1.6253e-01      2.7252e+03      1.1354e+03      6.8727e+05     
1.6753e-01      3.1844e+03      2.0815e+02      7.2993e+05     
1.7252e-01      2.5335e+03      9.0120e+02      7.7319e+05     
1.7752e-01      2.3484e+03      -4.0604e+00     8.2002e+05     
1.8252e-01      1.8405e+03      1.3676e+03      8.6670e+05     
1.8752e-01      2.0422e+03      1.1475e+02      9.1408e+05     
1.9252e-01      1.2202e+03      -4.4172e+01     9.6442e+05     
1.9752e-01      8.6701e+02      -6.2956e+02     1.0148e+06     
2.0252e-01      2.1398e+03      -2.7845e+02     1.0664e+06     
2.0752e-01      1.5514e+03      -1.1531e+03     1.1195e+06     
2.1252e-01      1.4581e+03      7.6606e+01      1.1755e+06     
2.1752e-01      2.1757e+03      5.6104e+02      1.2297e+06     
2.2252e-01      1.2009e+03      -4.5989e+02     1.2877e+06     
2.2752e-01      5.6836e+02      -2.5646e+02     1.3469e+06     
2.3252e-01      5.9911e+02      3.7460e+02      1.4056e+06     
2.3752e-01      1.3694e+03      3.0897e-01      1.4678e+06     
2.4252e-01      1.8328e+03      5.7585e+02      1.5297e+06     
2.4752e-01      1.1483e+03      -2.2842e+02     1.5934e+06     
2.5252e-01      7.5275e+02      7.2176e+02      1.6588e+06     
2.5752e-01      8.0738e+02      -2.8208e+02     1.7236e+06     
2.6251e-01      3.1531e+02      -4.8663e+01     1.7932e+06     
2.6752e-01      5.1443e+02      -4.7610e+02     1.8613e+06     
2.7251e-01      6.5615e+02      -2.6477e+02     1.9309e+06     
2.7751e-01      2.9554e+02      6.3351e+01      2.0046e+06     
2.8252e-01      3.8981e+02      -4.8107e+02     2.0749e+06     
2.8751e-01      5.7350e+02      2.9523e+02      2.1505e+06     
2.9251e-01      7.0062e+02      4.8742e+02      2.2248e+06     
2.9751e-01      5.3808e+02      1.1945e+03      2.3029e+06     
3.0251e-01      7.2782e+02      5.6956e+02      2.3814e+06     
3.0751e-01      5.5869e+02      3.2734e+02      2.4590e+06     
3.1251e-01      2.7738e+02      4.6138e+02      2.5397e+06     
3.1751e-01      1.7876e+02      3.1768e+02      2.6231e+06     
3.2251e-01      -1.6929e+02     -4.1977e+02     2.7040e+06     
3.2751e-01      4.8311e+02      -1.5588e+02     2.7905e+06     
3.3251e-01      2.9396e+02      -7.0450e+02     2.8762e+06     
3.3751e-01      3.3129e+02      3.0527e+02      2.9630e+06     
3.4251e-01      1.4110e+02      -9.2135e+01     3.0520e+06     
3.4751e-01      1.4480e+02      3.3287e+02      3.1406e+06     
3.5251e-01      1.6634e+02      -1.5492e+02     3.2325e+06     
3.5751e-01      1.2921e+02      8.8716e+01      3.3242e+06     
3.6251e-01      2.0089e+02      -1.1138e+02     3.4175e+06     
3.6751e-01      2.4890e+02      -6.3393e+02     3.5140e+06     
3.7251e-01      1.5219e+02      -4.2373e+02     3.6094e+06     
3.7751e-01      1.0928e+02      4.8518e+01      3.7072e+06     
3.8251e-01      4.2592e+02      2.2724e+02      3.8061e+06     
3.8751e-01      1.6891e+02      -2.0853e+02     3.9054e+06     
3.9251e-01      3.1995e+02      -6.8289e+02     4.0072e+06     
3.9751e-01      -4.1344e+01     1.4266e+01      4.1094e+06     
4.0251e-01      -6.0156e+00     5.8318e+02      4.2157e+06     
4.0751e-01      -9.3492e+01     4.6287e+01      4.3198e+06     
4.1251e-01      -5.6500e+01     -4.7935e+02     4.4253e+06     
4.1751e-01      1.4575e+02      3.0485e+02      4.5333e+06     
4.2251e-01      4.9172e+01      2.8260e+02      4.6377e+06     
