# k P0 P2 modes
3.7081e-03      1.1840e+04      1.9185e+04      1.9100e+02     
8.0186e-03      2.5016e+04      2.3829e+04      1.3800e+03     
1.2844e-02      3.8889e+04      -8.9461e+03     3.7700e+03     
1.7751e-02      2.9736e+04      6.5787e+03      7.2560e+03     
2.2691e-02      3.6610e+04      1.1167e+04      1.2010e+04     
2.7661e-02      3.0912e+04      7.3491e+00      1.7924e+04     
3.2632e-02      2.6843e+04      2.1949e+04      2.4910e+04     
3.7609e-02      2.2593e+04      1.3415e+04      3.3240e+04     
4.2590e-02      2.2016e+04      7.6320e+03      4.2566e+04     
4.7584e-02      2.2080e+04      6.5875e+03      5.3478e+04     
5.2589e-02      1.8137e+04      8.8381e+03      6.5258e+04     
5.7577e-02      1.6692e+04      5.1835e+03      7.7788e+04     
6.2568e-02      1.6971e+04      2.7568e+03      9.2438e+04     
6.7564e-02      1.7327e+04      4.9602e+03      1.0741e+05     
7.2559e-02      1.6379e+04      2.9778e+03      1.2424e+05     
7.7553e-02      1.2380e+04      6.6080e+03      1.4157e+05     
8.2549e-02      1.2497e+04      4.7300e+03      1.6089e+05     
8.7547e-02      9.6543e+03      3.2149e+03      1.8054e+05     
9.2542e-02      8.6457e+03      3.3678e+03      2.0200e+05     
9.7542e-02      6.7650e+03      1.4242e+03      2.2454e+05     
1.0254e-01      8.1910e+03      3.0652e+03      2.4804e+05     
1.0754e-01      7.0091e+03      1.9675e+03      2.7288e+05     
1.1254e-01      5.6571e+03      2.5619e+03      2.9859e+05     
1.1754e-01      5.7040e+03      -3.7587e+02     3.2592e+05     
1.2254e-01      6.1489e+03      -4.7564e+02     3.5433e+05     
1.2753e-01      7.5434e+03      1.4291e+03      3.8342e+05     
1.3253e-01      6.1409e+03      2.3318e+03      4.1423e+05     
1.3753e-01      5.1180e+03      1.3675e+01      4.4637e+05     
1.4253e-01      4.6021e+03      1.3984e+03      4.7956e+05     
1.4753e-01      4.2879e+03      2.7667e+02      5.1353e+05     
1.5253e-01      4.3542e+03      2.4367e+03      5.4893e+05     
1.5753e-01      4.7614e+03      2.8186e+03      5.8555e+05     
1.6253e-01      4.1881e+03      1.3786e+03      6.2309e+05     
1.6753e-01      3.0951e+03      1.1773e+03      6.6262e+05     
1.7253e-01      3.5097e+03      -1.2925e+03     7.0167e+05     
1.7752e-01      2.9084e+03      4.2328e+02      7.4376e+05     
1.8252e-01      2.4025e+03      8.0440e+02      7.8562e+05     
1.8752e-01      2.3756e+03      2.7782e+02      8.3010e+05     
1.9252e-01      2.3409e+03      8.6234e+02      8.7442e+05     
1.9752e-01      1.6055e+03      6.5965e+01      9.2068e+05     
2.0252e-01      1.4356e+03      1.4234e+03      9.6772e+05     
2.0752e-01      1.6135e+03      -2.5098e+02     1.0166e+06     
2.1252e-01      1.5527e+03      7.8240e+02      1.0655e+06     
2.1752e-01      1.9542e+03      4.1698e+02      1.1167e+06     
2.2252e-01      2.1452e+03      1.1645e+03      1.1679e+06     
2.2752e-01      1.4141e+03      -9.3240e+00     1.2220e+06     
2.3252e-01      7.2031e+02      5.2018e+02      1.2756e+06     
2.3752e-01      7.9243e+02      3.7491e+02      1.3322e+06     
2.4252e-01      1.0547e+03      1.2051e+03      1.3876e+06     
2.4752e-01      1.0827e+03      4.2871e+02      1.4460e+06     
2.5252e-01      1.3827e+03      -2.2986e+02     1.5040e+06     
2.5752e-01      1.1992e+03      2.3635e+02      1.5648e+06     
2.6252e-01      1.1887e+03      9.9755e+02      1.6261e+06     
2.6751e-01      8.1086e+02      1.5800e+01      1.6885e+06     
2.7251e-01      1.2580e+03      1.8980e+02      1.7529e+06     
2.7751e-01      1.2041e+03      5.8359e+02      1.8179e+06     
2.8252e-01      1.4846e+03      8.6799e+02      1.8833e+06     
2.8752e-01      1.0864e+03      6.4357e+02      1.9511e+06     
2.9251e-01      7.3842e+02      1.1074e+03      2.0185e+06     
2.9751e-01      1.0647e+03      -4.1363e+02     2.0886e+06     
3.0251e-01      9.7181e+02      1.9377e+02      2.1598e+06     
3.0751e-01      6.3011e+02      -6.9883e+02     2.2320e+06     
3.1251e-01      5.3362e+02      -5.6920e+02     2.3040e+06     
3.1751e-01      3.2363e+02      -1.4532e+03     2.3796e+06     
3.2251e-01      -1.8090e+02     -5.8832e+02     2.4550e+06     
3.2751e-01      2.0751e+02      -5.3299e+02     2.5320e+06     
3.3251e-01      4.1532e+02      -3.2288e+02     2.6095e+06     
3.3751e-01      4.9820e+02      -1.1985e+03     2.6876e+06     
3.4251e-01      2.9652e+02      2.5249e+02      2.7682e+06     
3.4751e-01      4.0395e+02      2.1594e+02      2.8494e+06     
3.5251e-01      3.5301e+02      1.0663e+03      2.9332e+06     
3.5751e-01      6.8720e+02      8.2120e+02      3.0162e+06     
3.6251e-01      6.6902e+02      -3.8861e+02     3.1017e+06     
3.6751e-01      3.9909e+02      -3.5284e+02     3.1877e+06     
3.7251e-01      -2.5870e+02     7.3085e+02      3.2753e+06     
3.7751e-01      4.6504e+02      4.7547e+02      3.3626e+06     
3.8251e-01      3.7611e+02      -5.8756e+02     3.4523e+06     
3.8751e-01      3.1941e+02      -3.6543e+02     3.5442e+06     
3.9251e-01      2.4060e+02      -1.1489e+02     3.6361e+06     
3.9751e-01      1.0846e+02      8.2686e+02      3.7286e+06     
4.0251e-01      -1.0092e+02     2.3106e+02      3.8232e+06     
4.0751e-01      2.9192e+02      -2.9457e+01     3.9189e+06     
4.1251e-01      3.6584e+02      -6.7654e+02     4.0169e+06     
4.1751e-01      2.5266e+02      -5.4300e+02     4.1126e+06     
4.2251e-01      -4.4414e+01     -2.2488e+02     4.2134e+06     
4.2751e-01      1.1415e+02      6.4884e+02      4.3129e+06     
4.3251e-01      -6.0594e+01     1.0176e+01      4.4155e+06     
4.3751e-01      7.6492e+01      8.9888e+02      4.5171e+06     
4.4251e-01      7.6211e+01      6.8291e+02      4.6208e+06     
4.4751e-01      -1.2800e+02     1.1389e+01      4.7267e+06     
4.5251e-01      -6.6406e-01     1.7027e+02      4.8327e+06     
4.5751e-01      5.9859e+01      -3.4225e+01     4.9386e+06     
4.6251e-01      -6.0062e+01     -1.0999e+02     5.0482e+06     
