# k P0 P2 modes
3.7538e-03      2.4232e+04      -8.6230e+04     7.7000e+01     
8.0504e-03      3.9671e+04      5.1215e+04      5.4800e+02     
1.2849e-02      2.3326e+04      2.1282e+04      1.4800e+03     
1.7752e-02      3.1846e+04      4.7488e+04      2.8720e+03     
2.2692e-02      3.0356e+04      3.7351e+04      4.7360e+03     
2.7648e-02      2.5700e+04      3.2276e+04      7.0360e+03     
3.2613e-02      3.0002e+04      3.4848e+03      9.8380e+03     
3.7611e-02      2.2796e+04      7.7493e+03      1.3208e+04     
4.2613e-02      1.6134e+04      6.1017e+03      1.6858e+04     
4.7605e-02      2.1136e+04      5.6600e+03      2.1080e+04     
5.2591e-02      1.9664e+04      3.0606e+03      2.5624e+04     
5.7568e-02      1.5402e+04      8.5076e+03      3.0728e+04     
6.2562e-02      1.5449e+04      3.9614e+03      3.6498e+04     
6.7567e-02      1.4002e+04      1.8637e+03      4.2528e+04     
7.2573e-02      1.1575e+04      3.9786e+02      4.9152e+04     
7.7565e-02      1.0217e+04      -1.9445e+02     5.5744e+04     
8.2548e-02      1.2335e+04      -1.3252e+03     6.3346e+04     
8.7544e-02      1.0062e+04      2.1811e+03      7.1388e+04     
9.2544e-02      9.6863e+03      -9.4400e+02     7.9762e+04     
9.7542e-02      7.4779e+03      1.7718e+03      8.8564e+04     
1.0254e-01      6.7827e+03      -1.4943e+03     9.7988e+04     
1.0754e-01      8.6591e+03      3.0976e+02      1.0771e+05     
1.1254e-01      6.9763e+03      1.9637e+03      1.1795e+05     
1.1753e-01      6.5045e+03      1.1453e+03      1.2829e+05     
1.2252e-01      5.0457e+03      -1.2688e+03     1.3977e+05     
1.2753e-01      4.5158e+03      1.1608e+03      1.5195e+05     
1.3254e-01      4.3755e+03      -1.3299e+03     1.6358e+05     
1.3753e-01      4.7777e+03      3.6986e+02      1.7594e+05     
1.4253e-01      4.2463e+03      1.6481e+03      1.8906e+05     
1.4753e-01      3.0157e+03      9.4749e+02      2.0282e+05     
1.5253e-01      3.5072e+03      2.7460e+03      2.1681e+05     
1.5752e-01      3.4295e+03      6.0487e+02      2.3088e+05     
1.6252e-01      3.4411e+03      7.0393e+02      2.4623e+05     
1.6752e-01      2.6103e+03      2.4715e+03      2.6133e+05     
1.7252e-01      2.3896e+03      1.4370e+03      2.7728e+05     
1.7752e-01      1.9161e+03      -2.1280e+02     2.9332e+05     
1.8252e-01      1.5472e+03      4.0472e+02      3.1057e+05     
1.8752e-01      2.1829e+03      7.0754e+02      3.2756e+05     
1.9252e-01      1.9414e+03      -1.1885e+02     3.4527e+05     
1.9752e-01      2.0472e+03      6.4991e+02      3.6354e+05     
2.0252e-01      2.3025e+03      1.5249e+02      3.8166e+05     
2.0752e-01      2.0646e+03      -6.0327e+01     4.0085e+05     
2.1252e-01      2.3787e+03      2.9086e+02      4.2101e+05     
2.1752e-01      2.7252e+03      1.1870e+03      4.4116e+05     
2.2252e-01      2.2240e+03      1.3798e+03      4.6130e+05     
2.2752e-01      1.5190e+03      -4.1176e+02     4.8219e+05     
2.3252e-01      1.5300e+03      -3.7195e+02     5.0386e+05     
2.3752e-01      1.3431e+03      -3.7042e+02     5.2502e+05     
2.4252e-01      1.6348e+03      1.0105e+02      5.4795e+05     
2.4752e-01      1.7338e+03      5.1432e+01      5.7054e+05     
2.5252e-01      1.1119e+03      5.7893e+02      5.9437e+05     
2.5752e-01      9.3179e+02      1.6917e+03      6.1790e+05     
2.6252e-01      9.0350e+02      1.1739e+03      6.4211e+05     
2.6752e-01      9.7901e+02      4.6238e+02      6.6611e+05     
2.7251e-01      1.0966e+03      -4.7683e+02     6.9179e+05     
2.7752e-01      9.3264e+02      -3.0393e+02     7.1800e+05     
2.8252e-01      1.1792e+03      -6.1672e+01     7.4315e+05     
2.8752e-01      6.9371e+02      2.0153e+01      7.7019e+05     
2.9251e-01      7.0250e+02      -1.0748e+03     7.9643e+05     
2.9751e-01      4.2163e+02      -9.0785e+02     8.2482e+05     
3.0251e-01      1.1748e+02      -1.6286e+02     8.5256e+05     
3.0751e-01      -1.4216e+02     -2.0971e+02     8.8037e+05     
3.1251e-01      7.8326e+02      2.9715e+02      9.1065e+05     
3.1751e-01      -8.8594e+01     -2.3998e+02     9.3900e+05     
3.2251e-01      7.6453e+01      -6.2453e+02     9.6935e+05     
3.2751e-01      3.8135e+02      -2.8839e+02     9.9834e+05     
3.3251e-01      4.2291e+02      -9.3043e+02     1.0299e+06     
3.3751e-01      6.5916e+02      -2.7752e+02     1.0619e+06     
3.4251e-01      5.1365e+02      2.1194e+02      1.0933e+06     
3.4751e-01      7.8147e+02      4.3068e+01      1.1255e+06     
3.5251e-01      5.6637e+02      4.2114e+02      1.1574e+06     
3.5751e-01      5.5298e+02      6.4467e+02      1.1902e+06     
3.6251e-01      4.7328e+01      5.5089e+01      1.2246e+06     
3.6751e-01      4.3170e+02      5.1653e+02      1.2579e+06     
3.7251e-01      1.2828e+01      4.0419e+02      1.2923e+06     
3.7751e-01      6.1648e+01      -6.4581e+02     1.3285e+06     
3.8251e-01      -1.2783e+02     1.0806e+03      1.3628e+06     
3.8751e-01      2.0637e+02      -2.1507e+01     1.3992e+06     
3.9251e-01      1.9633e+01      3.3324e+02      1.4344e+06     
3.9751e-01      3.3234e+01      -7.7080e+02     1.4730e+06     
4.0251e-01      1.0488e+02      4.2095e+01      1.5097e+06     
4.0751e-01      1.7740e+02      -1.1943e+02     1.5466e+06     
4.1251e-01      2.8716e+02      2.6208e+02      1.5850e+06     
4.1751e-01      2.6719e+02      1.2155e+02      1.6236e+06     
4.2251e-01      -5.8180e+01     7.7592e+01      1.6633e+06     
4.2751e-01      -6.8609e+01     7.4420e+02      1.7025e+06     
4.3251e-01      -9.7656e+01     7.2329e+02      1.7437e+06     
4.3751e-01      -1.3334e+02     6.7530e+02      1.7830e+06     
4.4251e-01      -1.2649e+02     1.5401e+01      1.8248e+06     
4.4751e-01      3.0817e+02      1.2072e+02      1.8648e+06     
4.5251e-01      -4.3492e+01     7.7257e+01      1.9067e+06     
4.5751e-01      -6.9359e+01     5.7296e+00      1.9513e+06     
4.6251e-01      -1.5612e+02     8.0670e+01      1.9925e+06     
4.6751e-01      4.7164e+01      3.7015e+02      2.0369e+06     
4.7251e-01      2.5839e+02      2.5904e+02      2.0795e+06     
4.7751e-01      1.1445e+02      1.1892e+02      2.1227e+06     
4.8251e-01      -1.1288e+02     5.4840e+02      2.1704e+06     
4.8751e-01      2.1174e+02      5.1828e+02      2.2138e+06     
4.9251e-01      1.6198e+02      3.9224e+02      2.2594e+06     
4.9751e-01      3.8293e+02      -3.4408e+02     2.3053e+06     
5.0251e-01      1.0446e+02      -3.2193e+00     2.3530e+06     
5.0751e-01      3.0477e+02      -3.4263e+02     2.3992e+06     
5.1251e-01      9.0664e+01      -5.1369e+02     2.4464e+06     
5.1751e-01      3.1046e+02      3.6801e+02      2.4969e+06     
5.2251e-01      2.1881e+02      4.2316e+02      2.5441e+06     
5.2751e-01      4.6703e+01      4.7896e+02      2.5919e+06     
5.3251e-01      7.7711e+01      2.3859e+02      2.6408e+06     
5.3751e-01      2.0031e+01      -3.5639e+02     2.6923e+06     
5.4251e-01      5.3305e+01      -5.1270e+02     2.7415e+06     
5.4751e-01      2.0720e+02      -4.2245e+02     2.7933e+06     
5.5251e-01      4.5555e+01      -2.0308e+01     2.8443e+06     
5.5751e-01      1.5998e+02      3.2518e+02      2.8958e+06     
5.6251e-01      3.2639e+02      2.3357e+02      2.9476e+06     
5.6751e-01      1.2232e+02      -5.4645e+01     3.0000e+06     
5.7251e-01      2.7813e+02      -3.8026e+00     3.0533e+06     
5.7751e-01      2.5818e+02      1.7682e+02      3.1073e+06     
5.8251e-01      1.0539e+01      4.2145e+02      3.1610e+06     
5.8751e-01      -5.4531e+00     3.2832e+02      3.2158e+06     
5.9251e-01      3.0031e+01      -3.5878e+02     3.2711e+06     
5.9751e-01      -1.8647e+02     -4.2004e+02     3.3249e+06     
6.0251e-01      1.8086e+01      4.5356e+02      3.3828e+06     
6.0751e-01      5.3422e+01      8.0756e+01      3.4392e+06     
6.1251e-01      -1.2954e+02     2.7794e+02      3.4944e+06     
6.1751e-01      7.8320e+01      4.0971e+02      3.5519e+06     
6.2251e-01      8.3828e+00      5.5629e+02      3.6102e+06     
6.2751e-01      -6.1469e+01     6.4838e+01      3.6677e+06     
6.3251e-01      -6.6953e+00     2.3926e+02      3.7272e+06     
