# k P0 P2 modes
3.7054e-03      3.0449e+04      -3.2727e+04     8.3000e+01     
8.0027e-03      4.3591e+04      5.6129e+04      5.9600e+02     
1.2850e-02      1.8681e+04      2.4385e+04      1.6480e+03     
1.7764e-02      3.6641e+04      4.0007e+04      3.1560e+03     
2.2684e-02      3.7387e+04      3.5479e+04      5.1760e+03     
2.7646e-02      3.0117e+04      1.2894e+04      7.8040e+03     
3.2636e-02      2.4890e+04      1.0874e+04      1.0874e+04     
3.7623e-02      2.4306e+04      1.3503e+04      1.4442e+04     
4.2607e-02      2.1715e+04      9.1759e+03      1.8544e+04     
4.7584e-02      1.6971e+04      6.7582e+03      2.3040e+04     
5.2572e-02      2.0012e+04      1.5483e+03      2.8366e+04     
5.7566e-02      1.6852e+04      3.4726e+03      3.3818e+04     
6.2559e-02      1.6763e+04      4.3362e+03      4.0130e+04     
6.7563e-02      1.6896e+04      2.2175e+03      4.6838e+04     
7.2561e-02      1.3931e+04      3.2055e+03      5.3826e+04     
7.7552e-02      1.3189e+04      6.0445e+03      6.1584e+04     
8.2550e-02      1.1779e+04      3.3404e+03      6.9864e+04     
8.7545e-02      1.0064e+04      6.6605e+02      7.8404e+04     
9.2544e-02      8.5121e+03      2.6686e+03      8.7902e+04     
9.7542e-02      8.3912e+03      4.2239e+03      9.7310e+04     
1.0253e-01      6.6228e+03      2.7643e+03      1.0772e+05     
1.0754e-01      6.8724e+03      1.0490e+03      1.1865e+05     
1.1254e-01      7.1571e+03      2.0013e+03      1.2991e+05     
1.1754e-01      5.5849e+03      8.0008e+02      1.4138e+05     
1.2253e-01      6.1499e+03      1.4114e+03      1.5396e+05     
1.2753e-01      5.3819e+03      3.3864e+03      1.6672e+05     
1.3253e-01      4.7771e+03      2.1310e+03      1.7981e+05     
1.3753e-01      5.1565e+03      1.4163e+03      1.9428e+05     
1.4253e-01      4.4391e+03      5.6848e+02      2.0777e+05     
1.4753e-01      3.7382e+03      1.0053e+03      2.2328e+05     
1.5253e-01      4.3791e+03      1.1288e+03      2.3850e+05     
1.5753e-01      2.3208e+03      -5.9338e+02     2.5444e+05     
1.6253e-01      2.2646e+03      1.0821e+03      2.7068e+05     
1.6753e-01      2.5180e+03      7.9820e+02      2.8771e+05     
1.7253e-01      2.0638e+03      1.7430e+03      3.0520e+05     
1.7753e-01      2.4276e+03      1.1598e+03      3.2301e+05     
1.8253e-01      2.0283e+03      -1.5119e+03     3.4181e+05     
1.8753e-01      2.0040e+03      -1.1203e+03     3.6002e+05     
1.9252e-01      2.0644e+03      -1.2288e+02     3.7973e+05     
1.9752e-01      1.7286e+03      4.8156e+02      3.9966e+05     
2.0251e-01      1.8011e+03      -7.8881e+02     4.2032e+05     
2.0752e-01      1.9770e+03      2.6560e+02      4.4207e+05     
2.1252e-01      1.8389e+03      -6.5922e+02     4.6264e+05     
2.1752e-01      1.5503e+03      -1.2806e+03     4.8582e+05     
2.2252e-01      9.4527e+02      -2.3760e+02     5.0730e+05     
2.2752e-01      1.7322e+03      -1.1999e+03     5.3078e+05     
2.3252e-01      1.5049e+03      -4.4344e+02     5.5452e+05     
2.3752e-01      1.0746e+03      -6.7058e+02     5.7801e+05     
2.4252e-01      1.4827e+03      -2.0348e+02     6.0327e+05     
2.4752e-01      1.0085e+03      -8.0526e+02     6.2775e+05     
2.5252e-01      8.6539e+02      -8.4673e+02     6.5330e+05     
2.5751e-01      1.1863e+03      -1.8150e+02     6.7990e+05     
2.6251e-01      7.2325e+02      -1.4323e+02     7.0609e+05     
2.6751e-01      5.5063e+02      -5.3725e+02     7.3426e+05     
2.7251e-01      6.9639e+02      -9.9907e+02     7.6119e+05     
2.7751e-01      6.6527e+02      4.5854e+02      7.8997e+05     
2.8252e-01      7.6644e+02      1.3293e+02      8.1825e+05     
2.8751e-01      6.4423e+02      -1.3175e+03     8.4702e+05     
2.9251e-01      6.7873e+02      -1.2928e+03     8.7700e+05     
2.9751e-01      6.5377e+02      -2.5352e+02     9.0860e+05     
3.0252e-01      9.3924e+02      5.2041e+02      9.3780e+05     
3.0752e-01      6.5692e+02      -3.7125e+02     9.6971e+05     
3.1251e-01      2.4900e+02      -3.1699e+02     9.9996e+05     
3.1751e-01      3.8835e+02      3.9181e+02      1.0341e+06     
3.2251e-01      3.5350e+02      -1.8383e+02     1.0664e+06     
3.2751e-01      4.4775e+02      -4.1586e+02     1.1003e+06     
3.3251e-01      6.6727e+01      -8.1434e+02     1.1331e+06     
3.3751e-01      5.2316e+02      -1.6038e+02     1.1681e+06     
3.4251e-01      2.9229e+02      1.5999e+02      1.2033e+06     
3.4751e-01      6.8627e+02      2.8740e+02      1.2379e+06     
3.5251e-01      5.9017e+02      -1.9539e+02     1.2741e+06     
3.5751e-01      3.9448e+02      -4.0604e+01     1.3102e+06     
3.6251e-01      4.2984e+02      2.2573e+02      1.3469e+06     
3.6751e-01      6.7456e+02      4.8588e+01      1.3853e+06     
3.7251e-01      -1.1550e+02     1.5523e+02      1.4223e+06     
3.7751e-01      2.6863e+02      3.6654e+02      1.4612e+06     
3.8251e-01      1.9247e+02      -5.9017e+02     1.4995e+06     
3.8751e-01      3.6667e+02      -9.2037e+01     1.5397e+06     
3.9251e-01      5.2325e+02      5.6149e+02      1.5799e+06     
3.9751e-01      -1.9453e+01     -7.1719e+02     1.6194e+06     
4.0251e-01      2.7935e+02      -4.7816e+02     1.6615e+06     
4.0751e-01      -4.0773e+01     4.0239e+02      1.7017e+06     
4.1251e-01      9.8297e+01      -7.4771e+02     1.7450e+06     
4.1751e-01      2.3326e+02      -2.0326e+02     1.7875e+06     
4.2251e-01      1.4066e+02      3.6522e+01      1.8304e+06     
4.2751e-01      1.9904e+02      1.5574e+02      1.8737e+06     
4.3251e-01      -1.1078e+01     -1.6512e+02     1.9186e+06     
4.3751e-01      3.2773e+01      -1.5824e+02     1.9624e+06     
4.4251e-01      9.4562e+01      -1.4794e+00     2.0069e+06     
4.4751e-01      4.7984e+01      -4.6488e+02     2.0536e+06     
4.5251e-01      -1.0964e+02     -2.1236e+02     2.0998e+06     
4.5751e-01      1.0022e+02      -1.8814e+02     2.1451e+06     
4.6251e-01      -3.9320e+01     5.6676e+02      2.1922e+06     
4.6751e-01      -6.7664e+01     -3.7443e+01     2.2404e+06     
4.7251e-01      7.6039e+01      2.3673e+02      2.2901e+06     
4.7751e-01      -1.4909e+02     -1.3002e+02     2.3384e+06     
4.8251e-01      -2.4869e+02     -2.6986e+02     2.3869e+06     
4.8751e-01      8.6523e+01      1.2701e+02      2.4358e+06     
4.9251e-01      -1.0530e+02     1.6166e+02      2.4872e+06     
4.9751e-01      -5.7812e-01     -4.5579e+01     2.5389e+06     
5.0251e-01      -3.2852e+01     6.0662e+02      2.5888e+06     
5.0751e-01      1.2981e+02      2.4682e+01      2.6410e+06     
5.1251e-01      -1.5281e+02     7.1530e+01      2.6914e+06     
5.1751e-01      4.3625e+01      6.0400e+01      2.7449e+06     
5.2251e-01      4.9703e+01      1.7646e+02      2.8001e+06     
5.2751e-01      1.2926e+02      1.7123e+02      2.8530e+06     
5.3251e-01      6.4141e+00      4.7269e+02      2.9080e+06     
5.3751e-01      1.8247e+02      2.2951e+02      2.9615e+06     
5.4251e-01      -1.2076e+02     1.6802e+02      3.0181e+06     
5.4751e-01      -1.4179e+02     -1.7002e+02     3.0734e+06     
5.5251e-01      7.7352e+01      1.7115e+02      3.1297e+06     
5.5751e-01      8.6227e+01      -2.3882e+02     3.1876e+06     
5.6251e-01      -1.4784e+02     4.3530e+02      3.2433e+06     
5.6751e-01      -6.9367e+01     -1.2859e+02     3.3011e+06     
5.7251e-01      -2.1003e+02     -3.0483e+01     3.3601e+06     
