# k P0 P2 modes
3.7054e-03      4.0296e+04      -9.7212e+04     8.3000e+01     
8.0027e-03      1.3943e+04      8.4332e+03      5.9600e+02     
1.2850e-02      5.2966e+04      8.3024e+03      1.6480e+03     
1.7764e-02      4.2188e+04      2.3822e+04      3.1560e+03     
2.2684e-02      3.9658e+04      4.3848e+04      5.1760e+03     
2.7646e-02      3.5752e+04      7.9295e+03      7.8040e+03     
3.2636e-02      2.9375e+04      1.9127e+04      1.0874e+04     
3.7623e-02      2.4915e+04      1.3354e+04      1.4442e+04     
4.2607e-02      2.1242e+04      1.4671e+04      1.8544e+04     
4.7584e-02      2.0041e+04      1.1537e+04      2.3040e+04     
5.2572e-02      1.6468e+04      6.9874e+03      2.8366e+04     
5.7566e-02      1.7071e+04      6.7087e+03      3.3818e+04     
6.2559e-02      1.3249e+04      4.6401e+03      4.0130e+04     
6.7563e-02      1.5231e+04      5.9096e+03      4.6838e+04     
7.2561e-02      1.3726e+04      5.3664e+03      5.3826e+04     
7.7552e-02      1.3082e+04      2.1436e+03      6.1584e+04     
8.2550e-02      1.2103e+04      4.2577e+03      6.9864e+04     
8.7545e-02      1.1569e+04      2.2285e+03      7.8404e+04     
9.2544e-02      1.0341e+04      7.6814e+02      8.7902e+04     
9.7542e-02      8.7846e+03      1.3412e+03      9.7310e+04     
1.0253e-01      6.6212e+03      1.2613e+03      1.0772e+05     
1.0754e-01      7.4005e+03      7.3884e+02      1.1865e+05     
1.1254e-01      6.3807e+03      6.8853e+02      1.2991e+05     
1.1754e-01      6.7035e+03      1.7496e+03      1.4138e+05     
1.2253e-01      6.1874e+03      3.2359e+03      1.5396e+05     
1.2753e-01      5.6836e+03      1.7403e+03      1.6672e+05     
1.3253e-01      6.5887e+03      7.4829e+02      1.7981e+05     
1.3753e-01      5.7652e+03      1.1602e+03      1.9428e+05     
1.4253e-01      4.6053e+03      7.7692e+01      2.0777e+05     
1.4753e-01      3.9755e+03      -5.2827e+02     2.2328e+05     
1.5253e-01      3.7857e+03      -5.5056e+02     2.3850e+05     
1.5753e-01      2.0105e+03      3.4818e+02      2.5444e+05     
1.6253e-01      1.7917e+03      -1.0003e+02     2.7068e+05     
1.6753e-01      3.2390e+03      5.4051e+02      2.8771e+05     
1.7253e-01      3.5597e+03      1.2165e+03      3.0520e+05     
1.7753e-01      2.7211e+03      -1.0729e+03     3.2301e+05     
1.8253e-01      2.7760e+03      -1.7766e+02     3.4181e+05     
1.8753e-01      2.5204e+03      -1.3876e+03     3.6002e+05     
1.9252e-01      2.2958e+03      2.7498e+02      3.7973e+05     
1.9752e-01      2.3006e+03      -1.9504e+01     3.9966e+05     
2.0251e-01      1.9310e+03      1.6012e+01      4.2032e+05     
2.0752e-01      1.9962e+03      -7.2128e+02     4.4207e+05     
2.1252e-01      1.3520e+03      -3.2126e+02     4.6264e+05     
2.1752e-01      1.5417e+03      2.9747e+02      4.8582e+05     
2.2252e-01      1.9038e+03      9.3152e+02      5.0730e+05     
2.2752e-01      2.0576e+03      1.1987e+02      5.3078e+05     
2.3252e-01      1.7164e+03      -5.2329e+02     5.5452e+05     
2.3752e-01      1.1624e+03      -1.7236e+03     5.7801e+05     
2.4252e-01      8.9521e+02      6.0795e+02      6.0327e+05     
2.4752e-01      1.1603e+03      -6.4280e+02     6.2775e+05     
2.5252e-01      1.2380e+03      -8.3654e+02     6.5330e+05     
2.5751e-01      1.2335e+03      -5.7976e+02     6.7990e+05     
2.6251e-01      1.1166e+03      3.7727e+02      7.0609e+05     
2.6751e-01      1.3961e+03      -2.9016e+02     7.3426e+05     
2.7251e-01      1.0744e+03      -9.4057e+02     7.6119e+05     
2.7751e-01      9.2109e+02      -1.4668e+02     7.8997e+05     
2.8252e-01      7.1133e+02      -4.4255e+02     8.1825e+05     
2.8751e-01      7.9855e+02      -1.5669e+03     8.4702e+05     
2.9251e-01      1.0426e+03      -8.6621e+02     8.7700e+05     
2.9751e-01      2.7338e+02      -7.5532e+02     9.0860e+05     
3.0252e-01      8.9680e+01      -4.5102e+02     9.3780e+05     
3.0752e-01      7.5530e+02      -1.4611e+02     9.6971e+05     
3.1251e-01      6.4351e+02      -1.1847e+03     9.9996e+05     
3.1751e-01      6.3534e+02      -9.1757e+02     1.0341e+06     
3.2251e-01      4.8705e+02      -6.8675e+02     1.0664e+06     
3.2751e-01      6.9859e+02      -7.2380e+02     1.1003e+06     
3.3251e-01      5.0137e+02      -6.5688e+02     1.1331e+06     
3.3751e-01      -3.6430e+01     1.3583e+02      1.1681e+06     
3.4251e-01      2.4430e+02      -4.3982e+02     1.2033e+06     
3.4751e-01      -6.1391e+01     -7.0337e+01     1.2379e+06     
3.5251e-01      -8.3555e+01     2.5292e+01      1.2741e+06     
3.5751e-01      -3.2969e+00     5.8759e+02      1.3102e+06     
3.6251e-01      2.1627e+02      8.6432e+02      1.3469e+06     
3.6751e-01      3.7413e+02      3.3566e+02      1.3853e+06     
3.7251e-01      4.5343e+02      -9.0816e+01     1.4223e+06     
3.7751e-01      1.5006e+02      6.0403e+02      1.4612e+06     
3.8251e-01      -1.9086e+01     -5.9485e+02     1.4995e+06     
3.8751e-01      7.2273e+01      -8.3098e+01     1.5397e+06     
3.9251e-01      2.0061e+02      4.2462e+02      1.5799e+06     
3.9751e-01      1.1069e+02      1.4719e+02      1.6194e+06     
4.0251e-01      9.6305e+01      -2.1456e+02     1.6615e+06     
4.0751e-01      2.6227e+02      -2.5234e+02     1.7017e+06     
4.1251e-01      9.8430e+01      5.8890e+00      1.7450e+06     
4.1751e-01      2.5837e+02      2.8465e+02      1.7875e+06     
4.2251e-01      1.1905e+02      9.6714e+01      1.8304e+06     
4.2751e-01      2.5129e+02      3.4861e+02      1.8737e+06     
4.3251e-01      2.7324e+02      4.2905e+02      1.9186e+06     
4.3751e-01      1.5195e+01      5.1860e+02      1.9624e+06     
4.4251e-01      -1.1116e+02     -1.5936e+01     2.0069e+06     
4.4751e-01      2.4072e+02      -9.9730e+01     2.0536e+06     
4.5251e-01      1.9268e+02      4.8151e+02      2.0998e+06     
4.5751e-01      -1.4527e+02     2.9667e+02      2.1451e+06     
4.6251e-01      -3.1682e+02     -1.2042e+02     2.1922e+06     
4.6751e-01      -1.6319e+02     5.1071e+02      2.2404e+06     
4.7251e-01      -1.5514e+02     1.4448e+02      2.2901e+06     
4.7751e-01      2.9159e+02      -2.4358e+02     2.3384e+06     
4.8251e-01      1.6743e+02      -1.3582e+02     2.3869e+06     
4.8751e-01      5.5461e+01      -5.8544e+01     2.4358e+06     
4.9251e-01      2.8008e+01      4.8858e+02      2.4872e+06     
4.9751e-01      2.5636e+02      6.6000e+02      2.5389e+06     
5.0251e-01      1.7949e+02      2.7986e+02      2.5888e+06     
5.0751e-01      -9.6016e+01     1.5236e+02      2.6410e+06     
5.1251e-01      1.2242e+01      2.8186e+02      2.6914e+06     
5.1751e-01      -1.0028e+02     2.0361e+02      2.7449e+06     
5.2251e-01      -2.9735e+02     3.1461e+02      2.8001e+06     
5.2751e-01      4.1172e+00      -4.2149e+02     2.8530e+06     
5.3251e-01      -7.6422e+01     3.3718e+02      2.9080e+06     
5.3751e-01      -2.8023e+02     1.3549e+02      2.9615e+06     
5.4251e-01      -7.6094e+01     6.8304e+02      3.0181e+06     
5.4751e-01      -1.6622e+02     3.2590e+02      3.0734e+06     
5.5251e-01      -8.4141e+01     1.0418e+02      3.1297e+06     
5.5751e-01      1.7178e+02      -1.7637e+02     3.1876e+06     
5.6251e-01      -4.0086e+01     -2.4675e+02     3.2433e+06     
5.6751e-01      1.6212e+02      -1.6440e+02     3.3011e+06     
5.7251e-01      7.4852e+01      2.9801e+02      3.3601e+06     
