# k P0 P2 modes
3.7054e-03      2.4095e+04      2.1550e+03      8.3000e+01     
8.0027e-03      3.6686e+03      1.6796e+04      5.9600e+02     
1.2850e-02      4.0160e+04      3.7252e+03      1.6480e+03     
1.7764e-02      3.7427e+04      8.4477e+03      3.1560e+03     
2.2684e-02      3.6794e+04      1.2200e+04      5.1760e+03     
2.7646e-02      3.7877e+04      7.3324e+03      7.8040e+03     
3.2636e-02      3.1738e+04      6.1874e+03      1.0874e+04     
3.7623e-02      2.5804e+04      1.0384e+04      1.4442e+04     
4.2607e-02      2.3300e+04      1.0770e+04      1.8544e+04     
4.7584e-02      1.8052e+04      2.6144e+03      2.3040e+04     
5.2572e-02      1.6493e+04      3.5525e+03      2.8366e+04     
5.7566e-02      1.9033e+04      9.0052e+03      3.3818e+04     
6.2559e-02      1.5761e+04      7.9386e+03      4.0130e+04     
6.7563e-02      1.7649e+04      6.8185e+03      4.6838e+04     
7.2561e-02      1.4695e+04      6.5553e+03      5.3826e+04     
7.7552e-02      1.3901e+04      4.0914e+02      6.1584e+04     
8.2550e-02      1.1451e+04      -3.2082e+02     6.9864e+04     
8.7545e-02      1.0215e+04      -9.8349e+02     7.8404e+04     
9.2544e-02      1.0408e+04      1.3514e+02      8.7902e+04     
9.7542e-02      8.6377e+03      6.8581e+02      9.7310e+04     
1.0253e-01      6.7932e+03      1.4973e+03      1.0772e+05     
1.0754e-01      5.8203e+03      3.8887e+03      1.1865e+05     
1.1254e-01      5.4277e+03      2.4557e+03      1.2991e+05     
1.1754e-01      4.4801e+03      7.4839e+02      1.4138e+05     
1.2253e-01      6.5987e+03      1.0763e+03      1.5396e+05     
1.2753e-01      6.5994e+03      1.3301e+03      1.6672e+05     
1.3253e-01      5.7854e+03      -9.0114e+01     1.7981e+05     
1.3753e-01      5.0161e+03      -1.7505e+03     1.9428e+05     
1.4253e-01      3.9845e+03      5.2575e+02      2.0777e+05     
1.4753e-01      3.4138e+03      1.9288e+03      2.2328e+05     
1.5253e-01      3.8151e+03      -1.8955e+03     2.3850e+05     
1.5753e-01      3.5436e+03      -1.2057e+03     2.5444e+05     
1.6253e-01      3.4042e+03      2.9142e+02      2.7068e+05     
1.6753e-01      2.9052e+03      9.2069e+02      2.8771e+05     
1.7253e-01      2.5014e+03      1.0398e+03      3.0520e+05     
1.7753e-01      2.3170e+03      -4.9118e+02     3.2301e+05     
1.8253e-01      1.8976e+03      -1.0124e+03     3.4181e+05     
1.8753e-01      2.1550e+03      1.7971e+02      3.6002e+05     
1.9252e-01      2.4072e+03      -3.2104e+02     3.7973e+05     
1.9752e-01      2.3479e+03      -1.5330e+03     3.9966e+05     
2.0251e-01      2.3023e+03      -3.5692e+02     4.2032e+05     
2.0752e-01      2.3886e+03      -1.8892e+02     4.4207e+05     
2.1252e-01      1.9953e+03      -1.9181e+02     4.6264e+05     
2.1752e-01      1.5576e+03      -2.3448e+02     4.8582e+05     
2.2252e-01      9.3606e+02      1.5150e+02      5.0730e+05     
2.2752e-01      1.3088e+03      1.4406e+03      5.3078e+05     
2.3252e-01      1.2720e+03      -5.4031e+02     5.5452e+05     
2.3752e-01      1.5569e+03      3.3323e+02      5.7801e+05     
2.4252e-01      1.3009e+03      -3.7363e+02     6.0327e+05     
2.4752e-01      1.2558e+03      -9.4310e+02     6.2775e+05     
2.5252e-01      1.2575e+03      -8.0919e+02     6.5330e+05     
2.5751e-01      6.3565e+02      2.1134e+02      6.7990e+05     
2.6251e-01      5.6991e+02      5.5988e+02      7.0609e+05     
2.6751e-01      5.0794e+02      3.8036e+02      7.3426e+05     
2.7251e-01      7.0298e+02      -7.9046e+02     7.6119e+05     
2.7751e-01      8.2974e+02      1.2447e+02      7.8997e+05     
2.8252e-01      6.3533e+02      -1.2695e+03     8.1825e+05     
2.8751e-01      5.7245e+02      -5.6573e+02     8.4702e+05     
2.9251e-01      9.2106e+02      4.5957e+02      8.7700e+05     
2.9751e-01      5.9388e+02      5.6838e+02      9.0860e+05     
3.0252e-01      6.0560e+02      -1.3515e+02     9.3780e+05     
3.0752e-01      1.5018e+02      2.7785e+02      9.6971e+05     
3.1251e-01      4.3027e+02      1.3405e+02      9.9996e+05     
3.1751e-01      4.8530e+02      1.3747e+03      1.0341e+06     
3.2251e-01      5.8400e+02      4.1686e+02      1.0664e+06     
3.2751e-01      7.2273e+02      5.0985e+02      1.1003e+06     
3.3251e-01      6.5121e+02      -2.4597e+02     1.1331e+06     
3.3751e-01      6.1168e+02      4.0398e+02      1.1681e+06     
3.4251e-01      6.2270e+02      -8.0841e+01     1.2033e+06     
3.4751e-01      7.7189e+02      -5.4597e+01     1.2379e+06     
3.5251e-01      2.0311e+02      4.8991e+01      1.2741e+06     
3.5751e-01      5.3819e+02      -1.4612e+02     1.3102e+06     
3.6251e-01      9.8266e+01      -6.9219e+02     1.3469e+06     
3.6751e-01      4.2688e+01      -4.4361e+02     1.3853e+06     
3.7251e-01      2.4020e+02      2.3499e+01      1.4223e+06     
3.7751e-01      2.0838e+02      1.0281e+02      1.4612e+06     
3.8251e-01      3.4706e+02      -1.2853e+02     1.4995e+06     
3.8751e-01      -4.1297e+01     2.6998e+02      1.5397e+06     
3.9251e-01      8.5539e+01      -4.4500e+02     1.5799e+06     
3.9751e-01      2.9047e+02      -1.8617e+02     1.6194e+06     
4.0251e-01      3.7152e+02      -5.4975e+02     1.6615e+06     
4.0751e-01      3.8113e+02      -4.0753e+01     1.7017e+06     
4.1251e-01      -1.0819e+02     -2.7262e+02     1.7450e+06     
4.1751e-01      4.3655e+02      -3.3367e+02     1.7875e+06     
4.2251e-01      1.4651e+02      4.0548e+02      1.8304e+06     
4.2751e-01      2.5820e+02      -4.0429e+02     1.8737e+06     
4.3251e-01      -3.2359e+02     -6.8205e+02     1.9186e+06     
4.3751e-01      -1.4412e+02     3.4029e+02      1.9624e+06     
4.4251e-01      7.8625e+01      -5.8774e+02     2.0069e+06     
4.4751e-01      -3.0785e+02     -5.6846e+02     2.0536e+06     
4.5251e-01      1.0391e+01      1.0709e+02      2.0998e+06     
4.5751e-01      1.1504e+02      -3.3706e+02     2.1451e+06     
4.6251e-01      3.0083e+02      -6.2616e+02     2.1922e+06     
4.6751e-01      7.4688e+01      -8.0736e+02     2.2404e+06     
4.7251e-01      -5.0172e+01     -8.9164e+02     2.2901e+06     
4.7751e-01      1.5010e+02      2.3264e+02      2.3384e+06     
4.8251e-01      6.0398e+01      -3.5747e+02     2.3869e+06     
4.8751e-01      1.7062e+01      -2.9532e+02     2.4358e+06     
4.9251e-01      7.5648e+01      -3.1438e+02     2.4872e+06     
4.9751e-01      -1.0998e+02     -3.9214e+02     2.5389e+06     
5.0251e-01      5.1875e+01      -7.7915e+02     2.5888e+06     
5.0751e-01      1.5497e+02      -3.6904e+02     2.6410e+06     
5.1251e-01      -4.5664e+01     -8.5169e+01     2.6914e+06     
5.1751e-01      1.6218e+02      -5.4067e+02     2.7449e+06     
5.2251e-01      -5.5578e+01     7.7842e+01      2.8001e+06     
5.2751e-01      1.9025e+02      -1.4632e+02     2.8530e+06     
5.3251e-01      4.9141e+00      -1.4613e+01     2.9080e+06     
5.3751e-01      8.8562e+01      3.7367e+02      2.9615e+06     
5.4251e-01      -7.5430e+01     1.9902e+02      3.0181e+06     
5.4751e-01      -9.7344e+01     -1.3020e+02     3.0734e+06     
5.5251e-01      1.9164e+01      2.2545e+02      3.1297e+06     
5.5751e-01      1.3546e+02      3.0166e+02      3.1876e+06     
5.6251e-01      1.0370e+02      1.5187e+02      3.2433e+06     
5.6751e-01      -1.5125e+01     1.1877e+02      3.3011e+06     
5.7251e-01      1.2897e+02      2.8833e+02      3.3601e+06     
