# k P0 P2 modes
3.7054e-03      3.0479e+04      4.9083e+04      8.3000e+01     
8.0027e-03      1.9856e+04      -1.1388e+04     5.9600e+02     
1.2850e-02      3.0352e+04      3.3976e+04      1.6480e+03     
1.7764e-02      3.6694e+04      -1.1861e+04     3.1560e+03     
2.2684e-02      3.4069e+04      2.1760e+01      5.1760e+03     
2.7646e-02      3.0291e+04      -3.2850e+03     7.8040e+03     
3.2636e-02      3.2662e+04      7.5690e+03      1.0874e+04     
3.7623e-02      2.1618e+04      1.1875e+04      1.4442e+04     
4.2607e-02      1.9429e+04      8.1509e+03      1.8544e+04     
4.7584e-02      1.9347e+04      7.3615e+03      2.3040e+04     
5.2572e-02      1.9781e+04      6.2700e+03      2.8366e+04     
5.7566e-02      1.5704e+04      3.0699e+03      3.3818e+04     
6.2559e-02      1.7244e+04      1.3863e+03      4.0130e+04     
6.7563e-02      1.3743e+04      4.6165e+02      4.6838e+04     
7.2561e-02      1.3093e+04      4.0445e+03      5.3826e+04     
7.7552e-02      1.0988e+04      4.4764e+03      6.1584e+04     
8.2550e-02      1.0690e+04      4.9283e+03      6.9864e+04     
8.7545e-02      1.0879e+04      6.7294e+03      7.8404e+04     
9.2544e-02      1.0130e+04      1.8745e+03      8.7902e+04     
9.7542e-02      6.4370e+03      -6.1736e+02     9.7310e+04     
1.0253e-01      7.7195e+03      -2.3157e+03     1.0772e+05     
1.0754e-01      7.2441e+03      -6.1831e+02     1.1865e+05     
1.1254e-01      6.2776e+03      -8.8075e+02     1.2991e+05     
1.1754e-01      5.2800e+03      -1.4087e+02     1.4138e+05     
1.2253e-01      6.4569e+03      1.9133e+03      1.5396e+05     
1.2753e-01      6.2824e+03      2.0842e+03      1.6672e+05     
1.3253e-01      5.7414e+03      -1.0070e+03     1.7981e+05     
1.3753e-01      4.6062e+03      1.6752e+03      1.9428e+05     
1.4253e-01      4.4658e+03      2.5821e+02      2.0777e+05     
1.4753e-01      4.5059e+03      1.4753e+03      2.2328e+05     
1.5253e-01      3.5174e+03      1.1007e+02      2.3850e+05     
1.5753e-01      2.8404e+03      1.0881e+02      2.5444e+05     
1.6253e-01      3.0109e+03      1.4429e+03      2.7068e+05     
1.6753e-01      3.4644e+03      5.7008e+02      2.8771e+05     
1.7253e-01      3.0233e+03      4.5096e+02      3.0520e+05     
1.7753e-01      3.1002e+03      2.1637e+02      3.2301e+05     
1.8253e-01      2.6557e+03      8.6323e+02      3.4181e+05     
1.8753e-01      1.9408e+03      1.3440e+02      3.6002e+05     
1.9252e-01      2.3190e+03      1.0927e+03      3.7973e+05     
1.9752e-01      2.8568e+03      7.8305e+02      3.9966e+05     
2.0251e-01      1.7348e+03      -4.5442e+02     4.2032e+05     
2.0752e-01      1.7328e+03      1.1881e+03      4.4207e+05     
2.1252e-01      1.7077e+03      -4.5751e+02     4.6264e+05     
2.1752e-01      1.6725e+03      -3.1618e+02     4.8582e+05     
2.2252e-01      1.3135e+03      -2.9279e+02     5.0730e+05     
2.2752e-01      1.3936e+03      -1.6256e+03     5.3078e+05     
2.3252e-01      1.5699e+03      -1.7235e+03     5.5452e+05     
2.3752e-01      1.1698e+03      -1.7344e+03     5.7801e+05     
2.4252e-01      1.6698e+03      -5.6060e+02     6.0327e+05     
2.4752e-01      9.0375e+02      -2.2139e+02     6.2775e+05     
2.5252e-01      1.0742e+03      -1.2596e+03     6.5330e+05     
2.5751e-01      8.2350e+02      -1.2214e+03     6.7990e+05     
2.6251e-01      1.1749e+03      -7.1662e+02     7.0609e+05     
2.6751e-01      7.4769e+02      -1.1328e+03     7.3426e+05     
2.7251e-01      7.5218e+02      -7.8319e+02     7.6119e+05     
2.7751e-01      8.1372e+02      7.0277e+01      7.8997e+05     
2.8252e-01      7.4151e+02      2.7892e+01      8.1825e+05     
2.8751e-01      7.3878e+02      -5.3738e+02     8.4702e+05     
2.9251e-01      2.6782e+02      -1.4390e+02     8.7700e+05     
2.9751e-01      7.0970e+02      -8.7682e+02     9.0860e+05     
3.0252e-01      5.9654e+02      -6.0414e+02     9.3780e+05     
3.0752e-01      5.0557e+02      2.8265e+01      9.6971e+05     
3.1251e-01      5.8470e+02      -3.2803e+02     9.9996e+05     
3.1751e-01      9.9042e+02      -9.4050e+02     1.0341e+06     
3.2251e-01      7.9367e+02      -9.6055e+02     1.0664e+06     
3.2751e-01      4.9790e+02      -7.2968e+02     1.1003e+06     
3.3251e-01      3.1847e+02      -3.5609e+02     1.1331e+06     
3.3751e-01      1.7224e+02      2.1322e+02      1.1681e+06     
3.4251e-01      6.9475e+02      5.1584e+02      1.2033e+06     
3.4751e-01      5.6543e+02      -3.7483e+02     1.2379e+06     
3.5251e-01      4.3423e+02      3.0548e+02      1.2741e+06     
3.5751e-01      -7.4141e+00     5.7826e+02      1.3102e+06     
3.6251e-01      2.1552e+02      4.5943e+02      1.3469e+06     
3.6751e-01      3.8458e+02      9.3672e+01      1.3853e+06     
3.7251e-01      2.1459e+02      -1.7272e+02     1.4223e+06     
3.7751e-01      3.7221e+02      3.8866e+02      1.4612e+06     
3.8251e-01      4.4000e+02      2.0685e+02      1.4995e+06     
3.8751e-01      3.4088e+02      6.4900e+02      1.5397e+06     
3.9251e-01      4.0051e+02      -5.3123e+02     1.5799e+06     
3.9751e-01      3.1552e+02      -5.7355e+02     1.6194e+06     
4.0251e-01      4.1958e+02      -4.5617e+02     1.6615e+06     
4.0751e-01      3.1567e+02      2.2024e+02      1.7017e+06     
4.1251e-01      1.3326e+02      -1.8882e+02     1.7450e+06     
4.1751e-01      1.3352e+02      -8.7789e+01     1.7875e+06     
4.2251e-01      2.4957e+02      3.8374e+01      1.8304e+06     
4.2751e-01      1.3611e+02      -2.0659e+02     1.8737e+06     
4.3251e-01      -2.7422e+00     -4.9643e+02     1.9186e+06     
4.3751e-01      2.0496e+02      -1.4215e+02     1.9624e+06     
4.4251e-01      1.3551e+02      -3.9062e+02     2.0069e+06     
4.4751e-01      -1.2018e+02     1.2410e+02      2.0536e+06     
4.5251e-01      1.5736e+02      3.2187e+02      2.0998e+06     
4.5751e-01      5.0391e+00      -3.0557e+02     2.1451e+06     
4.6251e-01      1.1998e+02      1.7421e+02      2.1922e+06     
4.6751e-01      2.4423e+02      -2.8374e+01     2.2404e+06     
4.7251e-01      2.9180e+01      7.7867e+01      2.2901e+06     
4.7751e-01      2.5698e+02      1.3970e+02      2.3384e+06     
4.8251e-01      1.6091e+02      -2.0601e+02     2.3869e+06     
4.8751e-01      1.0895e+02      -4.6420e+02     2.4358e+06     
4.9251e-01      -2.3247e+02     -5.8037e+02     2.4872e+06     
4.9751e-01      -2.3451e+02     4.8227e+01      2.5389e+06     
5.0251e-01      -4.6062e+01     4.5682e+01      2.5888e+06     
5.0751e-01      -6.1469e+01     -3.5461e+02     2.6410e+06     
5.1251e-01      -6.8586e+01     -1.9372e+02     2.6914e+06     
5.1751e-01      8.0242e+01      -2.0973e+02     2.7449e+06     
5.2251e-01      6.6133e+01      1.6068e+02      2.8001e+06     
5.2751e-01      5.4562e+01      -2.6067e+02     2.8530e+06     
5.3251e-01      6.0344e+01      -2.5625e+01     2.9080e+06     
5.3751e-01      1.0102e+01      6.9250e+01      2.9615e+06     
5.4251e-01      -2.2219e+01     4.2445e+02      3.0181e+06     
5.4751e-01      -1.1568e+02     8.2032e+01      3.0734e+06     
5.5251e-01      -3.6430e+01     -2.0481e+02     3.1297e+06     
5.5751e-01      -4.4641e+01     1.0657e+02      3.1876e+06     
5.6251e-01      -7.9641e+01     -2.1661e+02     3.2433e+06     
5.6751e-01      -4.3781e+01     -4.6351e+02     3.3011e+06     
5.7251e-01      -7.2695e+01     -2.2511e+02     3.3601e+06     
