# k P0 P2 modes
3.7538e-03      -5.5198e+03     -4.0315e+04     7.7000e+01     
8.0504e-03      3.3981e+04      7.2053e+04      5.4800e+02     
1.2849e-02      5.0030e+04      2.5402e+04      1.4800e+03     
1.7752e-02      3.8743e+04      2.0786e+04      2.8720e+03     
2.2692e-02      4.2499e+04      1.6649e+04      4.7360e+03     
2.7648e-02      3.2775e+04      1.3441e+04      7.0360e+03     
3.2613e-02      2.7001e+04      5.4456e+03      9.8380e+03     
3.7611e-02      2.3662e+04      1.7178e+04      1.3208e+04     
4.2613e-02      2.0953e+04      8.5608e+02      1.6858e+04     
4.7605e-02      1.6599e+04      7.6484e+03      2.1080e+04     
5.2591e-02      1.6889e+04      5.6238e+03      2.5624e+04     
5.7568e-02      1.7262e+04      1.0638e+04      3.0728e+04     
6.2562e-02      1.6469e+04      5.9626e+03      3.6498e+04     
6.7567e-02      1.1907e+04      1.2626e+04      4.2528e+04     
7.2573e-02      1.2939e+04      4.8242e+03      4.9152e+04     
7.7565e-02      1.2663e+04      8.4486e+03      5.5744e+04     
8.2548e-02      1.1489e+04      2.9472e+03      6.3346e+04     
8.7544e-02      8.3459e+03      1.7875e+03      7.1388e+04     
9.2544e-02      8.3564e+03      1.2408e+03      7.9762e+04     
9.7542e-02      1.0694e+04      3.1758e+02      8.8564e+04     
1.0254e-01      7.2833e+03      4.2787e+03      9.7988e+04     
1.0754e-01      5.2242e+03      5.1609e+03      1.0771e+05     
1.1254e-01      6.5256e+03      1.8587e+03      1.1795e+05     
1.1753e-01      5.0639e+03      -1.3501e+03     1.2829e+05     
1.2252e-01      3.5078e+03      7.3668e+02      1.3977e+05     
1.2753e-01      5.1061e+03      3.0014e+03      1.5195e+05     
1.3254e-01      5.2303e+03      8.9092e+02      1.6358e+05     
1.3753e-01      4.9694e+03      -1.0597e+03     1.7594e+05     
1.4253e-01      4.4388e+03      6.8748e+01      1.8906e+05     
1.4753e-01      3.9578e+03      -1.6705e+02     2.0282e+05     
1.5253e-01      3.8287e+03      6.9771e+02      2.1681e+05     
1.5752e-01      3.4671e+03      1.8172e+03      2.3088e+05     
1.6252e-01      3.1300e+03      -3.1232e+02     2.4623e+05     
1.6752e-01      2.8281e+03      6.9019e+01      2.6133e+05     
1.7252e-01      3.2287e+03      8.9979e+01      2.7728e+05     
1.7752e-01      2.8369e+03      -1.4078e+03     2.9332e+05     
1.8252e-01      2.4767e+03      -1.5258e+02     3.1057e+05     
1.8752e-01      2.4621e+03      -3.9739e+02     3.2756e+05     
1.9252e-01      2.9514e+03      3.4424e+02      3.4527e+05     
1.9752e-01      2.3602e+03      -6.6393e+02     3.6354e+05     
2.0252e-01      1.5258e+03      -6.3134e+02     3.8166e+05     
2.0752e-01      1.6718e+03      -6.7134e+01     4.0085e+05     
2.1252e-01      2.1149e+03      1.6675e+03      4.2101e+05     
2.1752e-01      2.0323e+03      1.6494e+03      4.4116e+05     
2.2252e-01      1.7075e+03      1.7924e+03      4.6130e+05     
2.2752e-01      1.6321e+03      8.8988e+02      4.8219e+05     
2.3252e-01      1.5542e+03      3.9683e+02      5.0386e+05     
2.3752e-01      1.0453e+03      -4.3168e+02     5.2502e+05     
2.4252e-01      1.5450e+03      1.0066e+03      5.4795e+05     
2.4752e-01      1.3853e+03      -3.2926e+01     5.7054e+05     
2.5252e-01      1.2836e+03      -2.4763e+02     5.9437e+05     
2.5752e-01      9.3123e+02      5.5347e+02      6.1790e+05     
2.6252e-01      9.8890e+02      -1.9595e+02     6.4211e+05     
2.6752e-01      6.0533e+02      -1.0705e+03     6.6611e+05     
2.7251e-01      7.3671e+02      -2.0637e+02     6.9179e+05     
2.7752e-01      6.4568e+02      -7.5991e+02     7.1800e+05     
2.8252e-01      6.5370e+02      -1.2176e+03     7.4315e+05     
2.8752e-01      1.2768e+03      -9.2711e+02     7.7019e+05     
2.9251e-01      8.7403e+02      -6.3404e+02     7.9643e+05     
2.9751e-01      7.6691e+02      2.4363e+02      8.2482e+05     
3.0251e-01      1.1811e+02      4.2895e+02      8.5256e+05     
3.0751e-01      -1.5030e+02     3.2340e+02      8.8037e+05     
3.1251e-01      4.7332e+02      -8.4576e+02     9.1065e+05     
3.1751e-01      4.2261e+02      2.7997e+01      9.3900e+05     
3.2251e-01      6.0992e+02      1.4194e+02      9.6935e+05     
3.2751e-01      -2.8570e+01     -1.9446e+02     9.9834e+05     
3.3251e-01      5.2031e+01      -6.1306e-01     1.0299e+06     
3.3751e-01      -1.5048e+02     4.5247e+02      1.0619e+06     
3.4251e-01      3.7309e+02      -2.2365e+01     1.0933e+06     
3.4751e-01      5.7377e+02      1.7391e+02      1.1255e+06     
3.5251e-01      2.3087e+02      7.0163e+02      1.1574e+06     
3.5751e-01      -1.9630e+02     1.5366e+02      1.1902e+06     
3.6251e-01      7.7734e+00      4.1852e+02      1.2246e+06     
3.6751e-01      5.6404e+02      5.2121e+01      1.2579e+06     
3.7251e-01      2.2645e+02      5.7442e+02      1.2923e+06     
3.7751e-01      1.2831e+02      -2.7987e+02     1.3285e+06     
3.8251e-01      2.4077e+02      -1.2607e+03     1.3628e+06     
3.8751e-01      2.8629e+02      -9.1648e+01     1.3992e+06     
3.9251e-01      6.9938e+01      4.1395e+02      1.4344e+06     
3.9751e-01      -1.9242e+01     -7.4823e+02     1.4730e+06     
4.0251e-01      2.2261e+02      -3.5448e+02     1.5097e+06     
4.0751e-01      3.2362e+02      -9.4740e+02     1.5466e+06     
4.1251e-01      1.8399e+02      1.7198e+02      1.5850e+06     
4.1751e-01      1.6215e+02      -3.0081e+02     1.6236e+06     
4.2251e-01      4.2414e+02      5.8920e+01      1.6633e+06     
4.2751e-01      -1.1488e+02     -3.7826e+02     1.7025e+06     
4.3251e-01      -2.3492e+02     6.6599e+01      1.7437e+06     
4.3751e-01      -5.8594e+01     -5.7270e+02     1.7830e+06     
4.4251e-01      -1.8092e+02     1.4627e+02      1.8248e+06     
4.4751e-01      -9.1875e+00     -3.9685e+02     1.8648e+06     
4.5251e-01      2.2603e+02      -4.4811e+02     1.9067e+06     
4.5751e-01      1.5105e+02      -5.3488e+02     1.9513e+06     
4.6251e-01      8.6484e+01      -5.0847e+02     1.9925e+06     
4.6751e-01      -2.3503e+02     4.7030e+02      2.0369e+06     
4.7251e-01      1.0117e+01      -2.4935e+02     2.0795e+06     
4.7751e-01      -8.0484e+01     1.5086e+01      2.1227e+06     
4.8251e-01      9.8156e+01      -3.7929e+02     2.1704e+06     
4.8751e-01      -1.5939e+02     -3.8750e+02     2.2138e+06     
4.9251e-01      1.4109e+01      3.4958e+01      2.2594e+06     
4.9751e-01      -3.8766e+01     -1.1255e+03     2.3053e+06     
5.0251e-01      -2.2988e+02     -3.9265e+02     2.3530e+06     
5.0751e-01      4.1469e+01      -3.2325e+02     2.3992e+06     
5.1251e-01      -5.3883e+01     -4.4308e+02     2.4464e+06     
5.1751e-01      4.8047e+00      -1.1064e+03     2.4969e+06     
5.2251e-01      2.1566e+02      -7.8811e+02     2.5441e+06     
5.2751e-01      2.7244e+02      -6.5980e+02     2.5919e+06     
5.3251e-01      4.9367e+01      3.6682e+02      2.6408e+06     
5.3751e-01      -1.5244e+02     5.0789e+02      2.6923e+06     
5.4251e-01      -2.0289e+02     3.8596e+02      2.7415e+06     
5.4751e-01      -7.0219e+01     1.1499e+03      2.7933e+06     
5.5251e-01      1.5595e+02      5.8167e+02      2.8443e+06     
5.5751e-01      1.5302e+02      1.1504e+02      2.8958e+06     
5.6251e-01      1.0993e+02      -3.5673e+02     2.9476e+06     
5.6751e-01      -2.0821e+02     -1.4185e+02     3.0000e+06     
5.7251e-01      -9.5977e+01     8.2807e+01      3.0533e+06     
5.7751e-01      8.2469e+01      2.7872e+02      3.1073e+06     
5.8251e-01      1.0477e+02      7.1192e+02      3.1610e+06     
5.8751e-01      2.2216e+02      8.0806e+02      3.2158e+06     
5.9251e-01      6.1938e+01      -2.1533e+02     3.2711e+06     
5.9751e-01      1.6120e+02      1.6538e+02      3.3249e+06     
6.0251e-01      2.1429e+02      -8.1865e+01     3.3828e+06     
6.0751e-01      5.5078e+01      6.1436e+02      3.4392e+06     
6.1251e-01      -8.3906e+01     8.1382e+01      3.4944e+06     
6.1751e-01      3.7719e+01      1.8292e+02      3.5519e+06     
6.2251e-01      1.6345e+02      2.0749e+02      3.6102e+06     
6.2751e-01      2.7930e+02      3.2645e+01      3.6677e+06     
6.3251e-01      5.0211e+01      1.0301e+02      3.7272e+06     
