# k P0 P2 modes
3.7054e-03      8.2232e+04      -9.4128e+04     8.3000e+01     
8.0027e-03      3.8429e+04      8.0138e+03      5.9600e+02     
1.2850e-02      3.9406e+04      3.7914e+03      1.6480e+03     
1.7764e-02      4.8680e+04      1.3340e+04      3.1560e+03     
2.2684e-02      3.5677e+04      2.2235e+04      5.1760e+03     
2.7646e-02      3.6210e+04      1.2323e+04      7.8040e+03     
3.2636e-02      2.8056e+04      7.6959e+03      1.0874e+04     
3.7623e-02      2.3882e+04      1.2837e+04      1.4442e+04     
4.2607e-02      2.1004e+04      1.8238e+04      1.8544e+04     
4.7584e-02      1.9014e+04      1.7361e+04      2.3040e+04     
5.2572e-02      1.8066e+04      1.2889e+04      2.8366e+04     
5.7566e-02      1.6490e+04      7.3827e+03      3.3818e+04     
6.2559e-02      1.5295e+04      2.0719e+03      4.0130e+04     
6.7563e-02      1.3952e+04      -1.2784e+02     4.6838e+04     
7.2561e-02      1.5404e+04      2.2886e+03      5.3826e+04     
7.7552e-02      1.3713e+04      -1.0486e+03     6.1584e+04     
8.2550e-02      1.1033e+04      1.0821e+03      6.9864e+04     
8.7545e-02      1.0892e+04      1.0882e+03      7.8404e+04     
9.2544e-02      8.4442e+03      -4.6000e+02     8.7902e+04     
9.7542e-02      8.8099e+03      1.1259e+03      9.7310e+04     
1.0253e-01      6.9381e+03      2.3479e+03      1.0772e+05     
1.0754e-01      6.9490e+03      2.6869e+03      1.1865e+05     
1.1254e-01      6.1926e+03      3.0348e+03      1.2991e+05     
1.1754e-01      5.4274e+03      4.5133e+02      1.4138e+05     
1.2253e-01      5.9362e+03      7.0472e+02      1.5396e+05     
1.2753e-01      5.7163e+03      -1.2754e+03     1.6672e+05     
1.3253e-01      4.3773e+03      1.1618e+03      1.7981e+05     
1.3753e-01      4.4503e+03      -4.0827e+01     1.9428e+05     
1.4253e-01      3.8891e+03      5.6454e+02      2.0777e+05     
1.4753e-01      4.1577e+03      1.4842e+03      2.2328e+05     
1.5253e-01      3.4761e+03      4.4351e+02      2.3850e+05     
1.5753e-01      3.3982e+03      -5.3809e+02     2.5444e+05     
1.6253e-01      2.8474e+03      -3.4093e+02     2.7068e+05     
1.6753e-01      1.9828e+03      -1.4594e+03     2.8771e+05     
1.7253e-01      3.0173e+03      1.4897e-01      3.0520e+05     
1.7753e-01      2.1868e+03      1.8083e+03      3.2301e+05     
1.8253e-01      2.0887e+03      2.5272e+03      3.4181e+05     
1.8753e-01      2.5202e+03      -5.1967e+02     3.6002e+05     
1.9252e-01      1.7574e+03      -1.8995e+03     3.7973e+05     
1.9752e-01      2.0436e+03      -5.4338e+02     3.9966e+05     
2.0251e-01      1.5713e+03      9.8067e+01      4.2032e+05     
2.0752e-01      1.1561e+03      -6.4093e+02     4.4207e+05     
2.1252e-01      1.9133e+03      -8.8910e+02     4.6264e+05     
2.1752e-01      7.0197e+02      -1.4478e+02     4.8582e+05     
2.2252e-01      1.1884e+03      -7.2607e+02     5.0730e+05     
2.2752e-01      1.1451e+03      -2.0289e+02     5.3078e+05     
2.3252e-01      1.1038e+03      4.3726e+02      5.5452e+05     
2.3752e-01      1.0179e+03      -1.0860e+02     5.7801e+05     
2.4252e-01      8.8727e+02      -1.8203e+02     6.0327e+05     
2.4752e-01      8.6855e+02      -2.4792e+01     6.2775e+05     
2.5252e-01      9.4977e+02      5.0696e+02      6.5330e+05     
2.5751e-01      1.0193e+03      8.6457e+02      6.7990e+05     
2.6251e-01      1.3627e+03      9.8361e+01      7.0609e+05     
2.6751e-01      5.3565e+02      -3.1819e+02     7.3426e+05     
2.7251e-01      6.9378e+02      1.4679e+02      7.6119e+05     
2.7751e-01      2.7055e+02      -1.1082e+02     7.8997e+05     
2.8252e-01      2.3996e+02      -3.1224e+02     8.1825e+05     
2.8751e-01      2.0779e+02      -7.0950e+01     8.4702e+05     
2.9251e-01      3.9166e+02      4.7312e+01      8.7700e+05     
2.9751e-01      6.8802e+02      -9.7088e+02     9.0860e+05     
3.0252e-01      6.5452e+02      -5.5185e+02     9.3780e+05     
3.0752e-01      4.8600e+02      1.5354e+01      9.6971e+05     
3.1251e-01      5.0121e+02      2.7702e+02      9.9996e+05     
3.1751e-01      6.0983e+02      -2.4637e+01     1.0341e+06     
3.2251e-01      4.6562e+02      8.5644e+01      1.0664e+06     
3.2751e-01      2.5309e+02      3.0035e+02      1.1003e+06     
3.3251e-01      2.0934e+02      -4.7547e+02     1.1331e+06     
3.3751e-01      4.1826e+02      2.8691e+02      1.1681e+06     
3.4251e-01      3.5150e+02      3.8342e+01      1.2033e+06     
3.4751e-01      1.2906e+02      4.0561e+02      1.2379e+06     
3.5251e-01      4.7221e+02      -4.1911e+02     1.2741e+06     
3.5751e-01      5.1667e+02      -7.8970e+02     1.3102e+06     
3.6251e-01      3.2884e+02      -5.1217e+02     1.3469e+06     
3.6751e-01      1.1313e+02      6.1264e+02      1.3853e+06     
3.7251e-01      5.8912e+02      -5.9009e+02     1.4223e+06     
3.7751e-01      8.6180e+01      -5.6290e+02     1.4612e+06     
3.8251e-01      3.9093e+02      -1.4847e+02     1.4995e+06     
3.8751e-01      4.6357e+02      2.7788e+01      1.5397e+06     
3.9251e-01      1.9095e+02      1.1132e+02      1.5799e+06     
3.9751e-01      2.0155e+02      -7.7369e+01     1.6194e+06     
4.0251e-01      5.3509e+02      -6.0118e+02     1.6615e+06     
4.0751e-01      2.6304e+02      -1.9568e+02     1.7017e+06     
4.1251e-01      3.3075e+02      1.0272e+02      1.7450e+06     
4.1751e-01      1.9249e+02      -5.0660e+01     1.7875e+06     
4.2251e-01      2.3480e+02      1.2566e+02      1.8304e+06     
4.2751e-01      2.2059e+02      -2.3636e+02     1.8737e+06     
4.3251e-01      8.5844e+01      9.3177e+01      1.9186e+06     
4.3751e-01      1.7229e+02      -5.8229e+02     1.9624e+06     
4.4251e-01      2.4480e+02      -4.1365e+02     2.0069e+06     
4.4751e-01      4.0970e+02      4.5967e+02      2.0536e+06     
4.5251e-01      -2.2633e+01     -4.7553e+02     2.0998e+06     
4.5751e-01      9.4938e+01      1.1823e+02      2.1451e+06     
4.6251e-01      1.8397e+02      5.6686e+02      2.1922e+06     
4.6751e-01      1.3126e+02      -1.0819e+02     2.2404e+06     
4.7251e-01      8.4250e+01      5.7647e+02      2.2901e+06     
4.7751e-01      -1.4081e+02     5.0565e+02      2.3384e+06     
4.8251e-01      -1.1841e+02     5.3016e+02      2.3869e+06     
4.8751e-01      -1.4599e+02     2.9203e+02      2.4358e+06     
4.9251e-01      -8.9609e+01     -2.2197e+02     2.4872e+06     
4.9751e-01      -3.2742e+02     6.6073e+01      2.5389e+06     
5.0251e-01      -1.0288e+02     -1.6643e+02     2.5888e+06     
5.0751e-01      -1.6911e+02     -2.8392e+02     2.6410e+06     
5.1251e-01      -1.3828e+00     4.7435e+01      2.6914e+06     
5.1751e-01      -1.7256e+02     1.5856e+02      2.7449e+06     
5.2251e-01      -1.4695e+02     -4.9352e+02     2.8001e+06     
5.2751e-01      -1.3284e+02     -2.5747e+02     2.8530e+06     
5.3251e-01      5.5273e+01      2.2488e+02      2.9080e+06     
5.3751e-01      7.4211e+01      1.9830e+02      2.9615e+06     
5.4251e-01      8.0633e+01      -9.0364e+01     3.0181e+06     
5.4751e-01      2.6490e+02      1.0758e+02      3.0734e+06     
5.5251e-01      -2.6548e+02     1.9436e+02      3.1297e+06     
5.5751e-01      -6.4789e+01     6.0340e+01      3.1876e+06     
5.6251e-01      3.4195e+01      -5.1287e+00     3.2433e+06     
5.6751e-01      8.5742e+01      5.9643e+02      3.3011e+06     
5.7251e-01      -1.7816e+02     7.4278e+02      3.3601e+06     
