# k P0 P2 modes
3.7054e-03      -1.6275e+04     -1.0113e+05     8.3000e+01     
8.0027e-03      2.8971e+04      1.2151e+04      5.9600e+02     
1.2850e-02      4.7646e+04      5.0235e+04      1.6480e+03     
1.7764e-02      4.1359e+04      3.7254e+04      3.1560e+03     
2.2684e-02      4.3443e+04      3.0166e+04      5.1760e+03     
2.7646e-02      2.9987e+04      1.2961e+04      7.8040e+03     
3.2636e-02      2.4753e+04      1.2243e+04      1.0874e+04     
3.7623e-02      2.4937e+04      8.3028e+03      1.4442e+04     
4.2607e-02      2.2731e+04      9.6077e+03      1.8544e+04     
4.7584e-02      1.8690e+04      1.0988e+04      2.3040e+04     
5.2572e-02      1.9496e+04      3.8718e+03      2.8366e+04     
5.7566e-02      1.5178e+04      7.6185e+03      3.3818e+04     
6.2559e-02      1.7102e+04      1.1687e+04      4.0130e+04     
6.7563e-02      1.3713e+04      9.5006e+03      4.6838e+04     
7.2561e-02      1.3766e+04      7.4223e+02      5.3826e+04     
7.7552e-02      1.3456e+04      1.9018e+03      6.1584e+04     
8.2550e-02      1.0922e+04      1.6974e+03      6.9864e+04     
8.7545e-02      9.2791e+03      2.2019e+03      7.8404e+04     
9.2544e-02      7.3094e+03      1.3071e+03      8.7902e+04     
9.7542e-02      7.0849e+03      5.6725e+02      9.7310e+04     
1.0253e-01      7.7896e+03      2.3671e+03      1.0772e+05     
1.0754e-01      5.8342e+03      -1.0488e+03     1.1865e+05     
1.1254e-01      6.1341e+03      7.5681e+02      1.2991e+05     
1.1754e-01      5.7505e+03      -3.4422e+02     1.4138e+05     
1.2253e-01      6.1663e+03      1.9814e+03      1.5396e+05     
1.2753e-01      5.3280e+03      1.5571e+02      1.6672e+05     
1.3253e-01      4.2806e+03      1.5023e+03      1.7981e+05     
1.3753e-01      5.4180e+03      1.2668e+03      1.9428e+05     
1.4253e-01      3.4729e+03      4.2022e+02      2.0777e+05     
1.4753e-01      4.0305e+03      4.5193e+02      2.2328e+05     
1.5253e-01      3.7194e+03      -1.2120e+03     2.3850e+05     
1.5753e-01      2.6459e+03      -8.1712e+02     2.5444e+05     
1.6253e-01      3.2728e+03      1.1981e+03      2.7068e+05     
1.6753e-01      3.1186e+03      2.1350e+02      2.8771e+05     
1.7253e-01      2.6116e+03      1.0341e+03      3.0520e+05     
1.7753e-01      2.1596e+03      -4.9567e+02     3.2301e+05     
1.8253e-01      2.4158e+03      1.9935e+01      3.4181e+05     
1.8753e-01      1.9343e+03      4.8400e+02      3.6002e+05     
1.9252e-01      1.8549e+03      1.2550e+02      3.7973e+05     
1.9752e-01      2.2207e+03      -1.0352e+03     3.9966e+05     
2.0251e-01      1.8866e+03      1.7765e+02      4.2032e+05     
2.0752e-01      2.0771e+03      -2.1042e+03     4.4207e+05     
2.1252e-01      1.7467e+03      -1.1244e+03     4.6264e+05     
2.1752e-01      1.4070e+03      -7.8000e+02     4.8582e+05     
2.2252e-01      1.6149e+03      -1.0075e+03     5.0730e+05     
2.2752e-01      1.5029e+03      1.0102e+02      5.3078e+05     
2.3252e-01      1.8873e+03      -4.3330e+02     5.5452e+05     
2.3752e-01      1.2126e+03      -1.3056e+02     5.7801e+05     
2.4252e-01      1.0944e+03      -5.3962e+02     6.0327e+05     
2.4752e-01      1.4963e+03      -2.8845e+02     6.2775e+05     
2.5252e-01      9.2621e+02      -2.8667e+02     6.5330e+05     
2.5751e-01      3.6203e+02      -1.3748e+03     6.7990e+05     
2.6251e-01      5.0404e+02      4.7480e+02      7.0609e+05     
2.6751e-01      3.0264e+02      1.0519e+03      7.3426e+05     
2.7251e-01      4.8883e+02      2.8645e+02      7.6119e+05     
2.7751e-01      3.9759e+02      3.8179e+02      7.8997e+05     
2.8252e-01      3.2977e+02      4.7960e+02      8.1825e+05     
2.8751e-01      3.6447e+02      2.0660e+02      8.4702e+05     
2.9251e-01      7.4931e+02      7.9750e+01      8.7700e+05     
2.9751e-01      8.7133e+02      -5.9785e+02     9.0860e+05     
3.0252e-01      6.1745e+02      7.2296e+02      9.3780e+05     
3.0752e-01      4.1699e+02      -3.6077e+02     9.6971e+05     
3.1251e-01      -9.4234e+01     -8.7831e+02     9.9996e+05     
3.1751e-01      3.9471e+02      -6.1035e+02     1.0341e+06     
3.2251e-01      6.5115e+02      -4.7128e+02     1.0664e+06     
3.2751e-01      7.8888e+02      8.1872e+02      1.1003e+06     
3.3251e-01      4.1367e+02      -8.7781e+01     1.1331e+06     
3.3751e-01      6.0177e+02      -1.1641e+02     1.1681e+06     
3.4251e-01      3.6143e+02      5.3828e+02      1.2033e+06     
3.4751e-01      4.1340e+02      6.7482e+01      1.2379e+06     
3.5251e-01      5.5353e+02      2.0208e+02      1.2741e+06     
3.5751e-01      4.8680e+02      -6.9069e+02     1.3102e+06     
3.6251e-01      3.7830e+02      -5.1136e+02     1.3469e+06     
3.6751e-01      3.5793e+02      2.7127e+02      1.3853e+06     
3.7251e-01      1.9089e+02      7.0438e+01      1.4223e+06     
3.7751e-01      3.4062e+02      6.7897e+02      1.4612e+06     
3.8251e-01      3.2792e+02      3.9074e+02      1.4995e+06     
3.8751e-01      9.4000e+01      3.9549e+02      1.5397e+06     
3.9251e-01      2.4131e+02      2.2426e+02      1.5799e+06     
3.9751e-01      1.5288e+02      -3.4384e+01     1.6194e+06     
4.0251e-01      -2.1750e+01     5.2610e+02      1.6615e+06     
4.0751e-01      9.3750e+00      1.0884e+01      1.7017e+06     
4.1251e-01      5.9641e+01      4.3018e+02      1.7450e+06     
4.1751e-01      1.6030e+02      3.7692e+02      1.7875e+06     
4.2251e-01      -8.2586e+01     -4.3727e+01     1.8304e+06     
4.2751e-01      3.8250e+01      -3.6607e+02     1.8737e+06     
4.3251e-01      1.6938e+02      2.7118e+02      1.9186e+06     
4.3751e-01      -4.3281e+00     -6.1503e+02     1.9624e+06     
4.4251e-01      3.0773e+01      -3.3898e+02     2.0069e+06     
4.4751e-01      -7.6562e-01     -2.2681e+02     2.0536e+06     
4.5251e-01      2.7326e+02      -3.6506e+02     2.0998e+06     
4.5751e-01      -1.4109e+01     4.4294e+02      2.1451e+06     
4.6251e-01      -3.2570e+01     3.0784e+02      2.1922e+06     
4.6751e-01      5.9883e+01      -4.1300e+02     2.2404e+06     
4.7251e-01      2.3273e+02      6.9036e+01      2.2901e+06     
4.7751e-01      2.1288e+02      -1.4637e+02     2.3384e+06     
4.8251e-01      1.1863e+02      -8.8344e+01     2.3869e+06     
4.8751e-01      -2.6016e+00     1.8385e+02      2.4358e+06     
4.9251e-01      6.3492e+01      3.8840e+01      2.4872e+06     
4.9751e-01      1.5159e+02      1.7221e+02      2.5389e+06     
5.0251e-01      1.1632e+02      2.5343e+02      2.5888e+06     
5.0751e-01      1.0481e+02      3.5296e+02      2.6410e+06     
5.1251e-01      -4.3750e+01     2.8949e+01      2.6914e+06     
5.1751e-01      -5.7703e+01     -5.5637e+02     2.7449e+06     
5.2251e-01      -5.6117e+01     1.8613e+02      2.8001e+06     
5.2751e-01      -5.2391e+01     -3.9022e+01     2.8530e+06     
5.3251e-01      2.6945e+01      -2.8783e+02     2.9080e+06     
5.3751e-01      -1.6234e+01     -4.5094e+02     2.9615e+06     
5.4251e-01      9.2961e+01      1.6622e+02      3.0181e+06     
5.4751e-01      1.2864e+02      3.9969e+02      3.0734e+06     
5.5251e-01      4.3742e+01      -5.7120e+00     3.1297e+06     
5.5751e-01      9.8672e+01      -4.2186e+02     3.1876e+06     
5.6251e-01      -4.2328e+01     -6.5759e+01     3.2433e+06     
5.6751e-01      -9.1539e+01     -4.5340e+02     3.3011e+06     
5.7251e-01      -1.5672e+01     5.0333e+02      3.3601e+06     
