# k P0 P2 modes
3.7538e-03      3.7172e+04      -5.0103e+04     7.7000e+01     
8.0504e-03      6.5406e+04      -9.1105e+03     5.4800e+02     
1.2849e-02      4.1192e+04      1.5261e+04      1.4800e+03     
1.7752e-02      2.7746e+04      2.5236e+04      2.8720e+03     
2.2692e-02      3.6162e+04      7.6962e+03      4.7360e+03     
2.7648e-02      2.7363e+04      7.3848e+03      7.0360e+03     
3.2613e-02      2.7663e+04      9.7844e+03      9.8380e+03     
3.7611e-02      2.6397e+04      1.2320e+04      1.3208e+04     
4.2613e-02      2.5058e+04      1.8481e+04      1.6858e+04     
4.7605e-02      1.7470e+04      -5.1568e+02     2.1080e+04     
5.2591e-02      1.7087e+04      8.7443e+03      2.5624e+04     
5.7568e-02      1.4833e+04      8.7632e+03      3.0728e+04     
6.2562e-02      1.6075e+04      1.9554e+03      3.6498e+04     
6.7567e-02      1.5557e+04      6.2582e+02      4.2528e+04     
7.2573e-02      1.3711e+04      1.9411e+03      4.9152e+04     
7.7565e-02      1.3428e+04      1.0581e+03      5.5744e+04     
8.2548e-02      1.0259e+04      1.9254e+03      6.3346e+04     
8.7544e-02      6.2298e+03      4.9382e+02      7.1388e+04     
9.2544e-02      7.7305e+03      4.1765e+03      7.9762e+04     
9.7542e-02      6.2294e+03      5.1800e+03      8.8564e+04     
1.0254e-01      5.6595e+03      5.4307e+03      9.7988e+04     
1.0754e-01      6.1938e+03      4.7193e+03      1.0771e+05     
1.1254e-01      5.2644e+03      2.2033e+03      1.1795e+05     
1.1753e-01      5.9790e+03      3.5846e+02      1.2829e+05     
1.2252e-01      5.4854e+03      -2.5123e+03     1.3977e+05     
1.2753e-01      5.3362e+03      2.5188e+03      1.5195e+05     
1.3254e-01      4.6226e+03      -3.6252e+02     1.6358e+05     
1.3753e-01      4.6927e+03      2.4519e+03      1.7594e+05     
1.4253e-01      3.4641e+03      6.6108e+02      1.8906e+05     
1.4753e-01      4.7243e+03      6.5520e+02      2.0282e+05     
1.5253e-01      3.9337e+03      2.0505e+03      2.1681e+05     
1.5752e-01      3.2129e+03      1.2879e+02      2.3088e+05     
1.6252e-01      3.3370e+03      4.6016e+02      2.4623e+05     
1.6752e-01      3.5188e+03      -3.7625e+01     2.6133e+05     
1.7252e-01      2.5295e+03      5.4821e+02      2.7728e+05     
1.7752e-01      2.0169e+03      -5.7523e+02     2.9332e+05     
1.8252e-01      2.0895e+03      -5.6366e+02     3.1057e+05     
1.8752e-01      2.3902e+03      -1.1457e+03     3.2756e+05     
1.9252e-01      2.1738e+03      -7.7896e+02     3.4527e+05     
1.9752e-01      1.1890e+03      -1.9002e+02     3.6354e+05     
2.0252e-01      2.0350e+03      -6.4160e+01     3.8166e+05     
2.0752e-01      1.9877e+03      1.6859e+02      4.0085e+05     
2.1252e-01      1.8078e+03      8.0726e+01      4.2101e+05     
2.1752e-01      1.5119e+03      -5.1463e+01     4.4116e+05     
2.2252e-01      1.1929e+03      -6.6537e+02     4.6130e+05     
2.2752e-01      1.4961e+03      1.4205e+02      4.8219e+05     
2.3252e-01      1.3467e+03      7.7841e+01      5.0386e+05     
2.3752e-01      1.0947e+03      -1.4833e+03     5.2502e+05     
2.4252e-01      1.4545e+03      4.1397e+01      5.4795e+05     
2.4752e-01      1.7194e+03      5.7836e+02      5.7054e+05     
2.5252e-01      1.2258e+03      8.2328e+02      5.9437e+05     
2.5752e-01      1.1007e+03      7.3627e+02      6.1790e+05     
2.6252e-01      7.1166e+02      -7.5280e+02     6.4211e+05     
2.6752e-01      8.0903e+02      7.0119e+02      6.6611e+05     
2.7251e-01      7.2816e+02      9.5175e+02      6.9179e+05     
2.7752e-01      1.1514e+03      -5.0541e+02     7.1800e+05     
2.8252e-01      8.8402e+02      3.2571e+02      7.4315e+05     
2.8752e-01      8.5773e+02      -7.5344e+02     7.7019e+05     
2.9251e-01      8.0203e+02      6.1359e+02      7.9643e+05     
2.9751e-01      2.2560e+02      -2.2955e+02     8.2482e+05     
3.0251e-01      2.0898e+02      -3.8940e+02     8.5256e+05     
3.0751e-01      1.3812e+02      -4.0305e+02     8.8037e+05     
3.1251e-01      1.3059e+02      7.9013e+02      9.1065e+05     
3.1751e-01      5.1223e+02      3.3619e+02      9.3900e+05     
3.2251e-01      1.5842e+02      2.5952e+02      9.6935e+05     
3.2751e-01      9.2062e+01      2.8980e+02      9.9834e+05     
3.3251e-01      1.6430e+02      5.8769e+02      1.0299e+06     
3.3751e-01      4.4175e+02      -2.5796e+02     1.0619e+06     
3.4251e-01      2.6800e+02      -4.6408e+02     1.0933e+06     
3.4751e-01      3.8541e+02      -2.4895e+02     1.1255e+06     
3.5251e-01      -1.6527e+02     -3.2447e+02     1.1574e+06     
3.5751e-01      1.2373e+02      1.3367e+02      1.1902e+06     
3.6251e-01      1.8476e+02      -3.3448e+02     1.2246e+06     
3.6751e-01      3.4342e+02      5.5821e+02      1.2579e+06     
3.7251e-01      5.9630e+02      3.1489e+01      1.2923e+06     
3.7751e-01      3.8630e+02      2.9188e+02      1.3285e+06     
3.8251e-01      4.7380e+02      5.0808e+02      1.3628e+06     
3.8751e-01      1.1220e+02      6.1965e+02      1.3992e+06     
3.9251e-01      1.1523e+02      -1.5524e+02     1.4344e+06     
3.9751e-01      4.2714e+02      5.2373e+02      1.4730e+06     
4.0251e-01      4.1509e+02      4.7265e+02      1.5097e+06     
4.0751e-01      4.6291e+02      -5.0288e+02     1.5466e+06     
4.1251e-01      1.6176e+02      -1.5421e+01     1.5850e+06     
4.1751e-01      1.9920e+02      -1.1002e+03     1.6236e+06     
4.2251e-01      -5.8898e+01     -5.2988e+02     1.6633e+06     
4.2751e-01      2.0609e+02      6.8946e+02      1.7025e+06     
4.3251e-01      3.5059e+02      1.4040e+02      1.7437e+06     
4.3751e-01      1.3770e+02      1.3449e+02      1.7830e+06     
4.4251e-01      -1.3006e+02     2.6750e+02      1.8248e+06     
4.4751e-01      -1.8083e+02     4.2413e+02      1.8648e+06     
4.5251e-01      -1.7955e+02     -1.6942e+02     1.9067e+06     
4.5751e-01      3.9328e+01      -2.0134e+02     1.9513e+06     
4.6251e-01      1.8728e+02      -9.8865e+02     1.9925e+06     
4.6751e-01      1.6941e+02      -1.3793e+02     2.0369e+06     
4.7251e-01      2.2023e+01      -4.4224e+01     2.0795e+06     
4.7751e-01      1.9747e+02      -8.1594e+01     2.1227e+06     
4.8251e-01      1.4709e+02      3.1661e+02      2.1704e+06     
4.8751e-01      1.1785e+02      3.0199e+02      2.2138e+06     
4.9251e-01      1.0953e+02      -6.3507e+01     2.2594e+06     
4.9751e-01      1.3370e+02      -1.7513e+02     2.3053e+06     
5.0251e-01      9.9219e+00      -1.9119e+02     2.3530e+06     
5.0751e-01      -2.0850e+02     -2.6891e+02     2.3992e+06     
5.1251e-01      -1.1677e+02     -2.0139e+02     2.4464e+06     
5.1751e-01      -3.4864e+02     -5.9397e+02     2.4969e+06     
5.2251e-01      1.3246e+02      -7.5757e+01     2.5441e+06     
5.2751e-01      2.2147e+02      -5.5017e+02     2.5919e+06     
5.3251e-01      4.7862e+02      -5.0200e+02     2.6408e+06     
5.3751e-01      -1.2139e+02     2.6244e+02      2.6923e+06     
5.4251e-01      2.8484e+01      1.0903e+02      2.7415e+06     
5.4751e-01      7.0438e+01      2.0948e+02      2.7933e+06     
5.5251e-01      -1.3321e+02     5.0851e+02      2.8443e+06     
5.5751e-01      9.9844e+00      -4.4935e+01     2.8958e+06     
5.6251e-01      -1.5898e+02     -9.4599e+01     2.9476e+06     
5.6751e-01      4.7906e+01      1.1118e+02      3.0000e+06     
5.7251e-01      1.4702e+02      1.4349e+02      3.0533e+06     
5.7751e-01      8.4305e+01      -9.7142e+01     3.1073e+06     
5.8251e-01      3.9766e+01      4.8863e+02      3.1610e+06     
5.8751e-01      -1.0493e+02     8.3592e+02      3.2158e+06     
5.9251e-01      7.2492e+01      4.9696e+02      3.2711e+06     
5.9751e-01      -2.6977e+01     4.8683e+02      3.3249e+06     
6.0251e-01      4.6211e+01      5.6468e+02      3.3828e+06     
6.0751e-01      -1.1412e+02     2.4511e+02      3.4392e+06     
6.1251e-01      -9.6438e+01     -1.1061e+02     3.4944e+06     
6.1751e-01      -1.8008e+02     -3.7660e+02     3.5519e+06     
6.2251e-01      -3.8516e+01     9.3452e+01      3.6102e+06     
6.2751e-01      -2.4002e+02     1.4572e+02      3.6677e+06     
6.3251e-01      6.5391e+01      1.0474e+03      3.7272e+06     
