# k P0 P2 modes
3.7538e-03      6.5006e+04      -3.7675e+04     7.7000e+01     
8.0504e-03      4.7467e+04      -2.8637e+04     5.4800e+02     
1.2849e-02      3.2878e+04      1.6015e+04      1.4800e+03     
1.7752e-02      3.8764e+04      3.7315e+03      2.8720e+03     
2.2692e-02      3.8887e+04      1.5128e+04      4.7360e+03     
2.7648e-02      2.5695e+04      1.3713e+04      7.0360e+03     
3.2613e-02      2.8465e+04      1.6067e+04      9.8380e+03     
3.7611e-02      2.5112e+04      1.3301e+04      1.3208e+04     
4.2613e-02      2.5003e+04      9.0266e+03      1.6858e+04     
4.7605e-02      2.1401e+04      8.6424e+03      2.1080e+04     
5.2591e-02      1.6517e+04      1.6925e+03      2.5624e+04     
5.7568e-02      1.8290e+04      6.2462e+03      3.0728e+04     
6.2562e-02      1.4835e+04      1.1512e+04      3.6498e+04     
6.7567e-02      1.4827e+04      6.6093e+03      4.2528e+04     
7.2573e-02      1.3723e+04      -1.9208e+02     4.9152e+04     
7.7565e-02      1.3354e+04      -2.2524e+03     5.5744e+04     
8.2548e-02      1.3401e+04      4.7581e+03      6.3346e+04     
8.7544e-02      1.0399e+04      5.2519e+03      7.1388e+04     
9.2544e-02      9.3876e+03      -1.5833e+03     7.9762e+04     
9.7542e-02      8.2737e+03      2.8497e+03      8.8564e+04     
1.0254e-01      6.3743e+03      -9.5861e+02     9.7988e+04     
1.0754e-01      6.3555e+03      4.6014e+02      1.0771e+05     
1.1254e-01      7.6830e+03      1.1591e+01      1.1795e+05     
1.1753e-01      6.2035e+03      8.8937e+02      1.2829e+05     
1.2252e-01      6.4356e+03      4.6368e+03      1.3977e+05     
1.2753e-01      6.7999e+03      1.0356e+03      1.5195e+05     
1.3254e-01      5.2950e+03      1.0073e+03      1.6358e+05     
1.3753e-01      4.3091e+03      1.0461e+03      1.7594e+05     
1.4253e-01      4.2484e+03      1.0359e+03      1.8906e+05     
1.4753e-01      4.3913e+03      1.3822e+03      2.0282e+05     
1.5253e-01      4.7110e+03      7.9913e+02      2.1681e+05     
1.5752e-01      4.0888e+03      2.5182e+02      2.3088e+05     
1.6252e-01      3.8009e+03      2.0640e+02      2.4623e+05     
1.6752e-01      4.2334e+03      4.3296e+02      2.6133e+05     
1.7252e-01      2.8455e+03      7.2460e+02      2.7728e+05     
1.7752e-01      2.9367e+03      -2.9564e+02     2.9332e+05     
1.8252e-01      2.8020e+03      -5.6032e+02     3.1057e+05     
1.8752e-01      2.8049e+03      2.8128e+02      3.2756e+05     
1.9252e-01      2.6539e+03      -2.5792e+02     3.4527e+05     
1.9752e-01      2.8247e+03      2.0487e+03      3.6354e+05     
2.0252e-01      2.4193e+03      -6.1388e+02     3.8166e+05     
2.0752e-01      1.8944e+03      7.7076e+02      4.0085e+05     
2.1252e-01      1.6000e+03      -1.7520e+03     4.2101e+05     
2.1752e-01      1.2192e+03      3.0958e+02      4.4116e+05     
2.2252e-01      1.3489e+03      9.0185e+02      4.6130e+05     
2.2752e-01      1.4591e+03      -8.7928e+02     4.8219e+05     
2.3252e-01      1.1835e+03      -4.8879e+02     5.0386e+05     
2.3752e-01      1.0673e+03      -1.7141e+02     5.2502e+05     
2.4252e-01      1.4082e+03      1.9865e+02      5.4795e+05     
2.4752e-01      1.3675e+03      -6.9259e+02     5.7054e+05     
2.5252e-01      1.0842e+03      -8.0933e+00     5.9437e+05     
2.5752e-01      8.0038e+02      1.2203e+02      6.1790e+05     
2.6252e-01      3.9687e+02      -4.6061e+02     6.4211e+05     
2.6752e-01      8.5051e+02      1.6051e+02      6.6611e+05     
2.7251e-01      6.9566e+02      3.7460e+02      6.9179e+05     
2.7752e-01      3.2190e+02      4.2535e+02      7.1800e+05     
2.8252e-01      9.2065e+02      -5.5960e+02     7.4315e+05     
2.8752e-01      4.4374e+02      2.1664e+02      7.7019e+05     
2.9251e-01      7.6740e+02      -1.9625e+02     7.9643e+05     
2.9751e-01      5.2383e+02      1.5767e+02      8.2482e+05     
3.0251e-01      4.7934e+02      -1.2924e+02     8.5256e+05     
3.0751e-01      1.2153e+03      -8.5432e+02     8.8037e+05     
3.1251e-01      6.0749e+02      -4.1655e+02     9.1065e+05     
3.1751e-01      3.8782e+02      -3.4228e+02     9.3900e+05     
3.2251e-01      5.2588e+02      -1.7492e+02     9.6935e+05     
3.2751e-01      8.5317e+02      5.4360e+02      9.9834e+05     
3.3251e-01      2.8820e+02      -1.0583e+03     1.0299e+06     
3.3751e-01      5.4433e+02      -7.4387e+02     1.0619e+06     
3.4251e-01      2.0361e+02      -6.7753e+02     1.0933e+06     
3.4751e-01      2.5805e+02      4.2869e+02      1.1255e+06     
3.5251e-01      9.5961e+01      -4.4474e+01     1.1574e+06     
3.5751e-01      4.0692e+02      -3.9918e+02     1.1902e+06     
3.6251e-01      3.5293e+02      -4.2834e+02     1.2246e+06     
3.6751e-01      5.5319e+02      3.8850e+02      1.2579e+06     
3.7251e-01      3.8921e+02      -2.6096e+02     1.2923e+06     
3.7751e-01      5.8727e+02      -4.8760e+02     1.3285e+06     
3.8251e-01      6.9759e+02      2.1403e+02      1.3628e+06     
3.8751e-01      2.4938e+02      -1.9600e+02     1.3992e+06     
3.9251e-01      -1.2531e+01     -2.1487e+02     1.4344e+06     
3.9751e-01      3.1986e+02      -4.6154e+02     1.4730e+06     
4.0251e-01      1.9050e+02      -6.7103e+02     1.5097e+06     
4.0751e-01      -1.1470e+02     -6.7188e+01     1.5466e+06     
4.1251e-01      3.0159e+02      -8.9192e+00     1.5850e+06     
4.1751e-01      1.8921e+02      -4.0398e+02     1.6236e+06     
4.2251e-01      -4.2445e+02     1.7696e+02      1.6633e+06     
4.2751e-01      -4.7891e+01     -4.9700e+02     1.7025e+06     
4.3251e-01      6.3375e+01      3.4641e+01      1.7437e+06     
4.3751e-01      -8.7195e+01     -6.0184e+01     1.7830e+06     
4.4251e-01      -4.6430e+01     -2.1118e+02     1.8248e+06     
4.4751e-01      2.7980e+02      2.6474e+02      1.8648e+06     
4.5251e-01      2.0578e+01      3.1291e+02      1.9067e+06     
4.5751e-01      2.8986e+02      -2.5462e+02     1.9513e+06     
4.6251e-01      -7.7797e+01     -7.4668e+02     1.9925e+06     
4.6751e-01      -1.0360e+02     -6.0937e+02     2.0369e+06     
4.7251e-01      -3.1859e+02     -1.1128e+01     2.0795e+06     
4.7751e-01      9.8438e+00      -5.1004e+02     2.1227e+06     
4.8251e-01      -9.9836e+01     -4.6037e+01     2.1704e+06     
4.8751e-01      -1.5061e+02     9.5731e+02      2.2138e+06     
4.9251e-01      -7.2297e+01     1.1489e+02      2.2594e+06     
4.9751e-01      -3.0430e+01     -9.4550e-01     2.3053e+06     
5.0251e-01      1.5859e+00      -2.2482e+02     2.3530e+06     
5.0751e-01      2.3166e+02      1.1288e+00      2.3992e+06     
5.1251e-01      -1.7672e+01     3.6231e+02      2.4464e+06     
5.1751e-01      -1.9375e+01     1.7237e+02      2.4969e+06     
5.2251e-01      6.0227e+01      -4.1183e+02     2.5441e+06     
5.2751e-01      -3.3688e+01     -4.0901e+02     2.5919e+06     
5.3251e-01      -2.4141e+01     -3.9985e+01     2.6408e+06     
5.3751e-01      -4.1023e+01     1.0649e+02      2.6923e+06     
5.4251e-01      -2.4443e+02     6.8321e+02      2.7415e+06     
5.4751e-01      1.8214e+02      5.4990e+02      2.7933e+06     
5.5251e-01      -7.8578e+01     -9.2370e+00     2.8443e+06     
5.5751e-01      8.2578e+01      -4.5537e+02     2.8958e+06     
5.6251e-01      1.4420e+02      -4.4773e+02     2.9476e+06     
5.6751e-01      5.7711e+01      1.9379e+02      3.0000e+06     
5.7251e-01      1.6268e+02      3.0683e+02      3.0533e+06     
5.7751e-01      3.3730e+02      9.9634e+00      3.1073e+06     
5.8251e-01      -1.4059e+02     3.7832e+02      3.1610e+06     
5.8751e-01      -2.2142e+02     2.1220e+02      3.2158e+06     
5.9251e-01      -1.7991e+02     5.4576e+02      3.2711e+06     
5.9751e-01      -1.8363e+02     5.4877e+02      3.3249e+06     
6.0251e-01      -2.7195e+02     1.5040e+02      3.3828e+06     
6.0751e-01      1.0356e+02      -1.1659e+02     3.4392e+06     
6.1251e-01      3.2931e+02      -2.6628e+02     3.4944e+06     
6.1751e-01      -7.8203e+01     1.5893e+02      3.5519e+06     
6.2251e-01      1.5633e+02      8.7935e+00      3.6102e+06     
6.2751e-01      -8.4719e+01     7.0209e+01      3.6677e+06     
6.3251e-01      -3.5715e+02     -9.0030e+01     3.7272e+06     
