# k P0 P2 modes
3.7860e-03      -1.7844e+04     3.0730e+04      2.2300e+02     
8.0557e-03      1.7450e+04      2.6451e+04      1.5160e+03     
1.2839e-02      3.9335e+04      2.7568e+04      4.1300e+03     
1.7758e-02      2.8461e+04      1.0499e+04      8.0580e+03     
2.2686e-02      2.8491e+04      2.3173e+04      1.3118e+04     
2.7645e-02      3.1898e+04      1.7516e+04      1.9784e+04     
3.2626e-02      2.6776e+04      4.9165e+03      2.7482e+04     
3.7615e-02      2.6168e+04      5.3153e+03      3.6794e+04     
4.2612e-02      2.3277e+04      1.0399e+04      4.7060e+04     
4.7588e-02      1.6396e+04      8.4190e+02      5.8466e+04     
5.2576e-02      1.7190e+04      -1.7000e+03     7.1934e+04     
5.7577e-02      1.7170e+04      2.2176e+03      8.6096e+04     
6.2571e-02      1.5925e+04      9.3149e+03      1.0167e+05     
6.7564e-02      1.4214e+04      6.1901e+03      1.1849e+05     
7.2555e-02      1.3254e+04      6.2140e+03      1.3659e+05     
7.7552e-02      1.3299e+04      5.2225e+03      1.5654e+05     
8.2550e-02      1.3141e+04      1.8361e+03      1.7690e+05     
8.7547e-02      1.0731e+04      9.9113e+02      1.9940e+05     
9.2546e-02      9.3490e+03      3.4130e+03      2.2258e+05     
9.7541e-02      7.4216e+03      2.9691e+03      2.4711e+05     
1.0254e-01      7.0441e+03      3.5239e+03      2.7352e+05     
1.0754e-01      7.7676e+03      2.5770e+03      3.0053e+05     
1.1254e-01      6.3919e+03      6.4248e+02      3.2983e+05     
1.1754e-01      5.6116e+03      -5.5187e+02     3.5888e+05     
1.2253e-01      5.6492e+03      1.2301e+03      3.9021e+05     
1.2753e-01      4.5813e+03      -6.2262e+02     4.2301e+05     
1.3253e-01      4.4035e+03      -5.7063e+02     4.5655e+05     
1.3753e-01      4.0615e+03      -1.0495e+03     4.9198e+05     
1.4253e-01      4.7586e+03      -2.3802e+03     5.2826e+05     
1.4753e-01      4.3614e+03      -1.4938e+03     5.6575e+05     
1.5253e-01      4.2851e+03      3.6541e+02      6.0512e+05     
1.5753e-01      3.2696e+03      3.2635e+02      6.4543e+05     
1.6253e-01      3.4888e+03      -4.9586e+01     6.8727e+05     
1.6753e-01      2.9964e+03      -1.0307e+02     7.2993e+05     
1.7252e-01      2.4966e+03      4.9335e+02      7.7319e+05     
1.7752e-01      2.6667e+03      -1.2383e+03     8.2002e+05     
1.8252e-01      2.2234e+03      -1.1419e+03     8.6670e+05     
1.8752e-01      1.4057e+03      -8.9156e+02     9.1408e+05     
1.9252e-01      1.6017e+03      -1.7699e+03     9.6442e+05     
1.9752e-01      2.0303e+03      -1.2519e+03     1.0148e+06     
2.0252e-01      2.0228e+03      -6.9545e+02     1.0664e+06     
2.0752e-01      2.6342e+03      1.4943e+03      1.1195e+06     
2.1252e-01      1.7000e+03      -3.6577e+01     1.1755e+06     
2.1752e-01      2.2162e+03      -1.2474e+03     1.2297e+06     
2.2252e-01      1.2495e+03      -4.8988e+02     1.2877e+06     
2.2752e-01      7.7852e+02      4.3814e+02      1.3469e+06     
2.3252e-01      9.8106e+02      3.4911e+02      1.4056e+06     
2.3752e-01      1.8117e+03      -6.5313e+02     1.4678e+06     
2.4252e-01      1.2999e+03      -1.7040e+03     1.5297e+06     
2.4752e-01      1.4011e+03      -3.6884e+02     1.5934e+06     
2.5252e-01      1.2407e+03      -5.6378e+02     1.6588e+06     
2.5752e-01      1.1904e+03      -5.5314e+01     1.7236e+06     
2.6251e-01      9.7880e+02      3.8821e+02      1.7932e+06     
2.6752e-01      8.3141e+02      -7.6404e+02     1.8613e+06     
2.7251e-01      8.9608e+02      -2.1483e+02     1.9309e+06     
2.7751e-01      7.9495e+02      7.0822e+02      2.0046e+06     
2.8252e-01      5.8646e+02      -7.9528e+02     2.0749e+06     
2.8751e-01      5.5705e+02      9.4154e+02      2.1505e+06     
2.9251e-01      1.7316e+02      -6.4046e+02     2.2248e+06     
2.9751e-01      3.7660e+02      -8.5271e+02     2.3029e+06     
3.0251e-01      4.8374e+02      9.6650e+01      2.3814e+06     
3.0751e-01      7.3306e+02      6.3029e+02      2.4590e+06     
3.1251e-01      3.1152e+02      2.7897e+01      2.5397e+06     
3.1751e-01      5.2605e+02      5.1698e+02      2.6231e+06     
3.2251e-01      3.5762e+02      -6.8988e+02     2.7040e+06     
3.2751e-01      2.9089e+02      -1.3196e+01     2.7905e+06     
3.3251e-01      6.1881e+02      -3.0075e+02     2.8762e+06     
3.3751e-01      5.9015e+02      -4.1113e+02     2.9630e+06     
3.4251e-01      3.0026e+02      2.0518e+02      3.0520e+06     
3.4751e-01      4.4148e+01      8.7575e+02      3.1406e+06     
3.5251e-01      4.4422e+02      4.0152e+02      3.2325e+06     
3.5751e-01      1.0189e+02      -2.1527e+02     3.3242e+06     
3.6251e-01      4.4605e+02      -1.6833e+02     3.4175e+06     
3.6751e-01      3.1549e+02      -3.7049e+02     3.5140e+06     
3.7251e-01      2.4578e+01      -1.5335e+02     3.6094e+06     
3.7751e-01      1.3770e+02      -5.0414e+02     3.7072e+06     
3.8251e-01      4.2618e+02      -7.8469e+02     3.8061e+06     
3.8751e-01      2.8984e+01      2.4284e+02      3.9054e+06     
3.9251e-01      2.0475e+02      1.6941e+02      4.0072e+06     
3.9751e-01      4.1195e+02      -5.7169e+02     4.1094e+06     
4.0251e-01      1.1758e+02      -5.2499e+02     4.2157e+06     
4.0751e-01      2.8281e+00      -5.2276e+02     4.3198e+06     
4.1251e-01      1.6691e+02      -7.0203e+02     4.4253e+06     
4.1751e-01      3.1066e+02      -3.3709e+02     4.5333e+06     
4.2251e-01      2.4268e+02      -3.8227e+02     4.6377e+06     
