# k P0 P2
# reduced chi2 = 0.9248
8.0504e-03      3.3120e+04      1.0518e+04     
1.2849e-02      3.6150e+04      1.3972e+04     
1.7752e-02      3.6259e+04      1.4916e+04     
2.2692e-02      3.4141e+04      1.4367e+04     
2.7648e-02      3.0859e+04      1.3056e+04     
3.2613e-02      2.7296e+04      1.1527e+04     
3.7611e-02      2.4010e+04      1.0105e+04     
4.2613e-02      2.1308e+04      8.9565e+03     
4.7605e-02      1.9233e+04      8.0976e+03     
5.2591e-02      1.7682e+04      7.4729e+03     
5.7568e-02      1.6483e+04      6.9926e+03     
6.2562e-02      1.5451e+04      6.5645e+03     
6.7567e-02      1.4444e+04      6.1207e+03     
7.2573e-02      1.3376e+04      5.6274e+03     
7.7565e-02      1.2237e+04      5.0884e+03     
8.2548e-02      1.1066e+04      4.5317e+03     
8.7544e-02      9.9280e+03      3.9950e+03     
9.2544e-02      8.8948e+03      3.5153e+03     
9.7542e-02      8.0170e+03      3.1154e+03     
1.0254e-01      7.3124e+03      2.8003e+03     
1.0754e-01      6.7697e+03      2.5603e+03     
1.1254e-01      6.3555e+03      2.3766e+03     
1.1753e-01      6.0249e+03      2.2264e+03     
1.2252e-01      5.7308e+03      2.0882e+03     
1.2753e-01      5.4341e+03      1.9455e+03     
1.3254e-01      5.1124e+03      1.7910e+03     
1.3753e-01      4.7609e+03      1.6255e+03     
1.4253e-01      4.3897e+03      1.4557e+03     
1.4752e-01      4.0179e+03      1.2909e+03     
1.5253e-01      3.6674e+03      1.1400e+03     
1.5752e-01      3.3557e+03      1.0089e+03     
1.6252e-01      3.0922e+03      8.9925e+02     
1.6752e-01      2.8775e+03      8.0942e+02     
1.7252e-01      2.7047e+03      7.3520e+02     
1.7752e-01      2.5624e+03      6.7152e+02     
1.8252e-01      2.4372e+03      6.1347e+02     
1.8752e-01      2.3169e+03      5.5724e+02     
1.9252e-01      2.1922e+03      5.0047e+02     
1.9752e-01      2.0587e+03      4.4280e+02     
2.0252e-01      1.9171e+03      3.8523e+02     
2.0752e-01      1.7723e+03      3.2974e+02     
2.1252e-01      1.6305e+03      2.7796e+02     
2.1752e-01      1.4975e+03      2.3113e+02     
2.2252e-01      1.3777e+03      1.8967e+02     
2.2752e-01      1.2731e+03      1.5338e+02     
2.3252e-01      1.1832e+03      1.2149e+02     
2.3752e-01      1.1058e+03      9.3036e+01     
2.4252e-01      1.0377e+03      6.7067e+01     
2.4752e-01      9.7476e+02      4.2720e+01     
2.5252e-01      9.1358e+02      1.9524e+01     
2.5752e-01      8.5202e+02      -2.6045e+00    
2.6252e-01      7.8905e+02      -2.3624e+01    
2.6752e-01      7.2490e+02      -4.3250e+01    
2.7252e-01      6.6086e+02      -6.1284e+01    
2.7752e-01      5.9847e+02      -7.7649e+01    
2.8252e-01      5.3939e+02      -9.2335e+01    
2.8752e-01      4.8502e+02      -1.0548e+02    
2.9251e-01      4.3587e+02      -1.1738e+02    
2.9751e-01      3.9155e+02      -1.2829e+02    
