# k P0 P2
# reduced chi2 = 0.9364
8.0504e-03      5.5511e+04      6.1003e+03     
1.2849e-02      4.6660e+04      1.4172e+04     
1.7752e-02      4.2914e+04      1.5231e+04     
2.2692e-02      3.8720e+04      1.4646e+04     
2.7648e-02      3.4197e+04      1.3242e+04     
3.2613e-02      2.9821e+04      1.1612e+04     
3.7611e-02      2.5973e+04      1.0107e+04     
4.2613e-02      2.2878e+04      8.8880e+03     
4.7605e-02      2.0522e+04      7.9702e+03     
5.2591e-02      1.8763e+04      7.2905e+03     
5.7568e-02      1.7405e+04      6.7568e+03     
6.2562e-02      1.6245e+04      6.2776e+03     
6.7567e-02      1.5129e+04      5.7872e+03     
7.2573e-02      1.3969e+04      5.2547e+03     
7.7565e-02      1.2749e+04      4.6863e+03     
8.2548e-02      1.1510e+04      4.1105e+03     
8.7544e-02      1.0313e+04      3.5629e+03     
9.2544e-02      9.2306e+03      3.0775e+03     
9.7542e-02      8.3120e+03      2.6734e+03     
1.0254e-01      7.5729e+03      2.3521e+03     
1.0754e-01      7.0002e+03      2.1024e+03     
1.1254e-01      6.5594e+03      1.9054e+03     
1.1753e-01      6.2045e+03      1.7398e+03     
1.2252e-01      5.8884e+03      1.5867e+03     
1.2753e-01      5.5721e+03      1.4326e+03     
1.3254e-01      5.2335e+03      1.2725e+03     
1.3753e-01      4.8685e+03      1.1084e+03     
1.4253e-01      4.4868e+03      9.4618e+02     
1.4752e-01      4.1070e+03      7.9336e+02     
1.5253e-01      3.7504e+03      6.5626e+02     
1.5752e-01      3.4337e+03      5.3829e+02     
1.6252e-01      3.1654e+03      4.3927e+02     
1.6752e-01      2.9456e+03      3.5667e+02     
1.7252e-01      2.7675e+03      2.8647e+02     
1.7752e-01      2.6196e+03      2.2462e+02     
1.8252e-01      2.4890e+03      1.6774e+02     
1.8752e-01      2.3640e+03      1.1365e+02     
1.9252e-01      2.2357e+03      6.1452e+01     
1.9752e-01      2.1001e+03      1.1488e+01     
2.0252e-01      1.9580e+03      -3.5265e+01    
2.0752e-01      1.8138e+03      -7.7675e+01    
2.1252e-01      1.6735e+03      -1.1527e+02    
2.1752e-01      1.5423e+03      -1.4800e+02    
2.2252e-01      1.4243e+03      -1.7642e+02    
2.2752e-01      1.3210e+03      -2.0129e+02    
2.3252e-01      1.2320e+03      -2.2354e+02    
2.3752e-01      1.1551e+03      -2.4386e+02    
2.4252e-01      1.0871e+03      -2.6269e+02    
2.4752e-01      1.0244e+03      -2.8018e+02    
2.5252e-01      9.6367e+02      -2.9613e+02    
2.5752e-01      9.0306e+02      -3.1024e+02    
2.6252e-01      8.4161e+02      -3.2227e+02    
2.6752e-01      7.7953e+02      -3.3203e+02    
2.7252e-01      7.1798e+02      -3.3965e+02    
2.7752e-01      6.5832e+02      -3.4546e+02    
2.8252e-01      6.0200e+02      -3.4984e+02    
2.8752e-01      5.5024e+02      -3.5331e+02    
2.9251e-01      5.0344e+02      -3.5635e+02    
2.9751e-01      4.6122e+02      -3.5915e+02    
