# k P0 P2
# reduced chi2 = 0.7316
8.0504e-03      3.3390e+04      1.0637e+04     
1.2849e-02      3.6694e+04      1.4078e+04     
1.7752e-02      3.6884e+04      1.5010e+04     
2.2692e-02      3.4759e+04      1.4429e+04     
2.7648e-02      3.1424e+04      1.3077e+04     
3.2613e-02      2.7793e+04      1.1509e+04     
3.7611e-02      2.4439e+04      1.0051e+04     
4.2613e-02      2.1678e+04      8.8699e+03     
4.7605e-02      1.9555e+04      7.9810e+03     
5.2591e-02      1.7964e+04      7.3268e+03     
5.7568e-02      1.6732e+04      6.8168e+03     
6.2562e-02      1.5670e+04      6.3592e+03     
6.7567e-02      1.4632e+04      5.8878e+03     
7.2573e-02      1.3535e+04      5.3708e+03     
7.7565e-02      1.2367e+04      4.8140e+03     
8.2548e-02      1.1169e+04      4.2455e+03     
8.7544e-02      1.0006e+04      3.7021e+03     
9.2544e-02      8.9514e+03      3.2188e+03     
9.7542e-02      8.0552e+03      2.8160e+03     
1.0254e-01      7.3349e+03      2.4965e+03     
1.0754e-01      6.7784e+03      2.2497e+03     
1.1254e-01      6.3518e+03      2.0567e+03     
1.1753e-01      6.0097e+03      1.8957e+03     
1.2252e-01      5.7048e+03      1.7468e+03     
1.2753e-01      5.3982e+03      1.5957e+03     
1.3254e-01      5.0676e+03      1.4367e+03     
1.3753e-01      4.7087e+03      1.2713e+03     
1.4253e-01      4.3314e+03      1.1059e+03     
1.4752e-01      3.9549e+03      9.4858e+02     
1.5253e-01      3.6007e+03      8.0643e+02     
1.5752e-01      3.2859e+03      6.8367e+02     
1.6252e-01      3.0196e+03      5.8067e+02     
1.6752e-01      2.8018e+03      4.9515e+02     
1.7252e-01      2.6258e+03      4.2301e+02     
1.7752e-01      2.4802e+03      3.5986e+02     
1.8252e-01      2.3518e+03      3.0187e+02     
1.8752e-01      2.2286e+03      2.4637e+02     
1.9252e-01      2.1016e+03      1.9205e+02     
1.9752e-01      1.9668e+03      1.3907e+02     
2.0252e-01      1.8247e+03      8.8423e+01     
2.0752e-01      1.6801e+03      4.1505e+01     
2.1252e-01      1.5391e+03      -8.6987e-01    
2.1752e-01      1.4070e+03      -3.8314e+01    
2.2252e-01      1.2882e+03      -7.1099e+01    
2.2752e-01      1.1843e+03      -9.9830e+01    
2.3252e-01      1.0949e+03      -1.2541e+02    
2.3752e-01      1.0177e+03      -1.4861e+02    
2.4252e-01      9.4951e+02      -1.7002e+02    
2.4752e-01      8.8665e+02      -1.8999e+02    
2.5252e-01      8.2569e+02      -2.0851e+02    
2.5752e-01      7.6464e+02      -2.2537e+02    
2.6252e-01      7.0256e+02      -2.4039e+02    
2.6752e-01      6.3965e+02      -2.5334e+02    
2.7252e-01      5.7713e+02      -2.6426e+02    
2.7752e-01      5.1641e+02      -2.7337e+02    
2.8252e-01      4.5904e+02      -2.8095e+02    
2.8752e-01      4.0629e+02      -2.8742e+02    
2.9251e-01      3.5861e+02      -2.9321e+02    
2.9751e-01      3.1560e+02      -2.9854e+02    
