# k P0 P2
# reduced chi2 = 0.9463
8.0027e-03      4.2412e+04      1.2065e+04     
1.2850e-02      4.0026e+04      1.4693e+04     
1.7764e-02      3.7999e+04      1.5311e+04     
2.2684e-02      3.4854e+04      1.4578e+04     
2.7646e-02      3.1024e+04      1.3174e+04     
3.2636e-02      2.7165e+04      1.1572e+04     
3.7623e-02      2.3749e+04      1.0105e+04     
4.2607e-02      2.0989e+04      8.9192e+03     
4.7584e-02      1.8883e+04      8.0257e+03     
5.2572e-02      1.7310e+04      7.3659e+03     
5.7566e-02      1.6095e+04      6.8524e+03     
6.2559e-02      1.5061e+04      6.3973e+03     
6.7563e-02      1.4058e+04      5.9322e+03     
7.2560e-02      1.3007e+04      5.4257e+03     
7.7552e-02      1.1891e+04      4.8796e+03     
8.2550e-02      1.0747e+04      4.3196e+03     
8.7545e-02      9.6428e+03      3.7848e+03     
9.2544e-02      8.6434e+03      3.3079e+03     
9.7542e-02      7.7952e+03      2.9095e+03     
1.0253e-01      7.1155e+03      2.5936e+03     
1.0754e-01      6.5902e+03      2.3494e+03     
1.1254e-01      6.1881e+03      2.1590e+03     
1.1754e-01      5.8662e+03      2.0011e+03     
1.2253e-01      5.5798e+03      1.8556e+03     
1.2753e-01      5.2923e+03      1.7084e+03     
1.3253e-01      4.9824e+03      1.5529e+03     
1.3753e-01      4.6446e+03      1.3898e+03     
1.4253e-01      4.2895e+03      1.2255e+03     
1.4753e-01      3.9356e+03      1.0683e+03     
1.5253e-01      3.6028e+03      9.2531e+02     
1.5753e-01      3.3072e+03      8.0110e+02     
1.6253e-01      3.0577e+03      6.9676e+02     
1.6753e-01      2.8542e+03      6.1025e+02     
1.7253e-01      2.6901e+03      5.3764e+02     
1.7753e-01      2.5547e+03      4.7448e+02     
1.8253e-01      2.4354e+03      4.1671e+02     
1.8752e-01      2.3211e+03      3.6141e+02     
1.9252e-01      2.2031e+03      3.0698e+02     
1.9752e-01      2.0775e+03      2.5331e+02     
2.0251e-01      1.9446e+03      2.0129e+02     
2.0752e-01      1.8092e+03      1.5229e+02     
2.1252e-01      1.6772e+03      1.0752e+02     
2.1752e-01      1.5537e+03      6.7557e+01     
2.2252e-01      1.4427e+03      3.2387e+01     
2.2752e-01      1.3457e+03      1.5345e+00     
2.3252e-01      1.2624e+03      -2.5816e+01    
2.3752e-01      1.1906e+03      -5.0456e+01    
2.4252e-01      1.1274e+03      -7.3101e+01    
2.4752e-01      1.0691e+03      -9.4198e+01    
2.5252e-01      1.0125e+03      -1.1389e+02    
2.5751e-01      9.5584e+02      -1.3215e+02    
2.6251e-01      8.9802e+02      -1.4879e+02    
2.6751e-01      8.3928e+02      -1.6365e+02    
2.7251e-01      7.8085e+02      -1.7670e+02    
2.7752e-01      7.2413e+02      -1.8802e+02    
2.8252e-01      6.7051e+02      -1.9782e+02    
2.8751e-01      6.2128e+02      -2.0644e+02    
2.9251e-01      5.7683e+02      -2.1420e+02    
2.9751e-01      5.3676e+02      -2.2131e+02    
