# k P0 P2
# reduced chi2 = 0.9465
8.0027e-03      4.5436e+04      1.2267e+04     
1.2850e-02      4.1912e+04      1.4876e+04     
1.7764e-02      3.9447e+04      1.5460e+04     
2.2684e-02      3.6025e+04      1.4676e+04     
2.7646e-02      3.1981e+04      1.3222e+04     
3.2636e-02      2.7950e+04      1.1571e+04     
3.7623e-02      2.4397e+04      1.0061e+04     
4.2607e-02      2.1532e+04      8.8373e+03     
4.7584e-02      1.9346e+04      7.9095e+03     
5.2572e-02      1.7710e+04      7.2163e+03     
5.7566e-02      1.6444e+04      6.6697e+03     
6.2559e-02      1.5365e+04      6.1824e+03     
6.7563e-02      1.4321e+04      5.6875e+03     
7.2560e-02      1.3231e+04      5.1560e+03     
7.7552e-02      1.2080e+04      4.5913e+03     
8.2550e-02      1.0902e+04      4.0196e+03     
8.7545e-02      9.7682e+03      3.4785e+03     
9.2544e-02      8.7431e+03      2.9989e+03     
9.7542e-02      7.8734e+03      2.5986e+03     
1.0253e-01      7.1754e+03      2.2795e+03     
1.0754e-01      6.6344e+03      2.0297e+03     
1.1254e-01      6.2183e+03      1.8311e+03     
1.1754e-01      5.8836e+03      1.6636e+03     
1.2253e-01      5.5854e+03      1.5090e+03     
1.2753e-01      5.2872e+03      1.3549e+03     
1.3253e-01      4.9679e+03      1.1967e+03     
1.3753e-01      4.6222e+03      1.0357e+03     
1.4253e-01      4.2607e+03      8.7771e+02     
1.4753e-01      3.9020e+03      7.2985e+02     
1.5253e-01      3.5654e+03      5.9743e+02     
1.5753e-01      3.2667e+03      4.8333e+02     
1.6253e-01      3.0142e+03      3.8733e+02     
1.6753e-01      2.8079e+03      3.0683e+02     
1.7253e-01      2.6408e+03      2.3804e+02     
1.7753e-01      2.5023e+03      1.7722e+02     
1.8253e-01      2.3801e+03      1.2133e+02     
1.8752e-01      2.2633e+03      6.8551e+01     
1.9252e-01      2.1433e+03      1.8239e+01     
1.9752e-01      2.0166e+03      -2.9261e+01    
2.0251e-01      1.8836e+03      -7.3081e+01    
2.0752e-01      1.7487e+03      -1.1243e+02    
2.1252e-01      1.6176e+03      -1.4690e+02    
2.1752e-01      1.4953e+03      -1.7669e+02    
2.2252e-01      1.3854e+03      -2.0244e+02    
2.2752e-01      1.2894e+03      -2.2500e+02    
2.3252e-01      1.2068e+03      -2.4525e+02    
2.3752e-01      1.1354e+03      -2.6382e+02    
2.4252e-01      1.0725e+03      -2.8106e+02    
2.4752e-01      1.0145e+03      -2.9699e+02    
2.5252e-01      9.5843e+02      -3.1132e+02    
2.5751e-01      9.0247e+02      -3.2375e+02    
2.6251e-01      8.4571e+02      -3.3401e+02    
2.6751e-01      7.8834e+02      -3.4198e+02    
2.7251e-01      7.3151e+02      -3.4785e+02    
2.7752e-01      6.7652e+02      -3.5196e+02    
2.8252e-01      6.2465e+02      -3.5476e+02    
2.8751e-01      5.7706e+02      -3.5682e+02    
2.9251e-01      5.3412e+02      -3.5857e+02    
2.9751e-01      4.9540e+02      -3.6018e+02    
