# k P0 P2
# reduced chi2 = 1.4125
8.0504e-03      2.1876e+04      7.5089e+03     
1.2849e-02      2.8587e+04      1.2685e+04     
1.7752e-02      3.1184e+04      1.4020e+04     
2.2692e-02      3.0552e+04      1.3713e+04     
2.7648e-02      2.8238e+04      1.2542e+04     
3.2613e-02      2.5329e+04      1.1098e+04     
3.7611e-02      2.2496e+04      9.7295e+03     
4.2613e-02      2.0110e+04      8.6107e+03     
4.7605e-02      1.8256e+04      7.7657e+03     
5.2591e-02      1.6862e+04      7.1433e+03     
5.7568e-02      1.5778e+04      6.6580e+03     
6.2562e-02      1.4835e+04      6.2216e+03     
6.7567e-02      1.3900e+04      5.7701e+03     
7.2573e-02      1.2896e+04      5.2724e+03     
7.7565e-02      1.1815e+04      4.7340e+03     
8.2548e-02      1.0698e+04      4.1826e+03     
8.7544e-02      9.6090e+03      3.6543e+03     
9.2544e-02      8.6189e+03      3.1837e+03     
9.7542e-02      7.7768e+03      2.7911e+03     
1.0254e-01      7.1004e+03      2.4798e+03     
1.0754e-01      6.5788e+03      2.2396e+03     
1.1254e-01      6.1799e+03      2.0520e+03     
1.1753e-01      5.8606e+03      1.8958e+03     
1.2252e-01      5.5758e+03      1.7514e+03     
1.2753e-01      5.2883e+03      1.6046e+03     
1.3254e-01      4.9769e+03      1.4496e+03     
1.3753e-01      4.6374e+03      1.2879e+03     
1.4253e-01      4.2797e+03      1.1257e+03     
1.4752e-01      3.9219e+03      9.7090e+02     
1.5253e-01      3.5850e+03      8.3084e+02     
1.5752e-01      3.2857e+03      7.0974e+02     
1.6252e-01      3.0324e+03      6.0813e+02     
1.6752e-01      2.8257e+03      5.2384e+02     
1.7252e-01      2.6588e+03      4.5285e+02     
1.7752e-01      2.5209e+03      3.9084e+02     
1.8252e-01      2.3994e+03      3.3393e+02     
1.8752e-01      2.2827e+03      2.7941e+02     
1.9252e-01      2.1621e+03      2.2589e+02     
1.9752e-01      2.0338e+03      1.7346e+02     
2.0252e-01      1.8984e+03      1.2309e+02     
2.0752e-01      1.7604e+03      7.6206e+01     
2.1252e-01      1.6256e+03      3.3679e+01     
2.1752e-01      1.4995e+03      -4.0270e+00    
2.2252e-01      1.3860e+03      -3.7104e+01    
2.2752e-01      1.2867e+03      -6.6099e+01    
2.3252e-01      1.2013e+03      -9.1885e+01    
2.3752e-01      1.1276e+03      -1.1522e+02    
2.4252e-01      1.0627e+03      -1.3672e+02    
2.4752e-01      1.0027e+03      -1.5679e+02    
2.5252e-01      9.4455e+02      -1.7546e+02    
2.5752e-01      8.8624e+02      -1.9256e+02    
2.6252e-01      8.2688e+02      -2.0793e+02    
2.6752e-01      7.6667e+02      -2.2134e+02    
2.7252e-01      7.0679e+02      -2.3281e+02    
2.7752e-01      6.4861e+02      -2.4252e+02    
2.8252e-01      5.9363e+02      -2.5072e+02    
2.8752e-01      5.4307e+02      -2.5779e+02    
2.9251e-01      4.9738e+02      -2.6414e+02    
2.9751e-01      4.5618e+02      -2.6997e+02    
