# k P0 P2
# reduced chi2 = 0.9800
8.0027e-03      4.5147e+04      1.2538e+04     
1.2850e-02      4.3347e+04      1.5319e+04     
1.7764e-02      4.1397e+04      1.5954e+04     
2.2684e-02      3.8061e+04      1.5159e+04     
2.7646e-02      3.3912e+04      1.3653e+04     
3.2636e-02      2.9700e+04      1.1944e+04     
3.7623e-02      2.5959e+04      1.0380e+04     
4.2607e-02      2.2930e+04      9.1131e+03     
4.7584e-02      2.0615e+04      8.1530e+03     
5.2572e-02      1.8881e+04      7.4361e+03     
5.7566e-02      1.7539e+04      6.8707e+03     
6.2559e-02      1.6392e+04      6.3660e+03     
6.7563e-02      1.5281e+04      5.8528e+03     
7.2560e-02      1.4117e+04      5.3012e+03     
7.7552e-02      1.2886e+04      4.7152e+03     
8.2550e-02      1.1624e+04      4.1220e+03     
8.7545e-02      1.0408e+04      3.5611e+03     
9.2544e-02      9.3091e+03      3.0641e+03     
9.7542e-02      8.3762e+03      2.6494e+03     
1.0253e-01      7.6276e+03      2.3190e+03     
1.0754e-01      7.0475e+03      2.0601e+03     
1.1254e-01      6.6015e+03      1.8541e+03     
1.1754e-01      6.2430e+03      1.6800e+03     
1.2253e-01      5.9235e+03      1.5191e+03     
1.2753e-01      5.6037e+03      1.3588e+03     
1.3253e-01      5.2610e+03      1.1945e+03     
1.3753e-01      4.8897e+03      1.0275e+03     
1.4253e-01      4.5013e+03      8.6412e+02     
1.4753e-01      4.1156e+03      7.1153e+02     
1.5253e-01      3.7537e+03      5.7514e+02     
1.5753e-01      3.4324e+03      4.5776e+02     
1.6253e-01      3.1611e+03      3.5900e+02     
1.6753e-01      2.9392e+03      2.7608e+02     
1.7253e-01      2.7597e+03      2.0504e+02     
1.7753e-01      2.6108e+03      1.4204e+02     
1.8253e-01      2.4796e+03      8.4045e+01     
1.8752e-01      2.3541e+03      2.9306e+01     
1.9252e-01      2.2251e+03      -2.2729e+01    
1.9752e-01      2.0889e+03      -7.1621e+01    
2.0251e-01      1.9458e+03      -1.1645e+02    
2.0752e-01      1.8006e+03      -1.5643e+02    
2.1252e-01      1.6594e+03      -1.9124e+02    
2.1752e-01      1.5278e+03      -2.2117e+02    
2.2252e-01      1.4094e+03      -2.4700e+02    
2.2752e-01      1.3060e+03      -2.6962e+02    
2.3252e-01      1.2171e+03      -2.9001e+02    
2.3752e-01      1.1403e+03      -3.0877e+02    
2.4252e-01      1.0726e+03      -3.2627e+02    
2.4752e-01      1.0102e+03      -3.4244e+02    
2.5252e-01      9.4984e+02      -3.5692e+02    
2.5751e-01      8.8959e+02      -3.6937e+02    
2.6251e-01      8.2846e+02      -3.7947e+02    
2.6751e-01      7.6666e+02      -3.8709e+02    
2.7251e-01      7.0543e+02      -3.9246e+02    
2.7752e-01      6.4615e+02      -3.9595e+02    
2.8252e-01      5.9024e+02      -3.9810e+02    
2.8751e-01      5.3896e+02      -3.9953e+02    
2.9251e-01      4.9267e+02      -4.0070e+02    
2.9751e-01      4.5094e+02      -4.0179e+02    
