# k P0 P2
# reduced chi2 = 1.1445
8.0027e-03      4.1314e+04      1.1889e+04     
1.2850e-02      3.8901e+04      1.4455e+04     
1.7764e-02      3.6899e+04      1.5043e+04     
2.2684e-02      3.3828e+04      1.4302e+04     
2.7646e-02      3.0102e+04      1.2901e+04     
3.2636e-02      2.6350e+04      1.1309e+04     
3.7623e-02      2.3031e+04      9.8494e+03     
4.2607e-02      2.0349e+04      8.6677e+03     
4.7584e-02      1.8301e+04      7.7729e+03     
5.2572e-02      1.6769e+04      7.1066e+03     
5.7566e-02      1.5584e+04      6.5834e+03     
6.2559e-02      1.4573e+04      6.1179e+03     
6.7563e-02      1.3594e+04      5.6446e+03     
7.2560e-02      1.2570e+04      5.1340e+03     
7.7552e-02      1.1486e+04      4.5891e+03     
8.2550e-02      1.0375e+04      4.0350e+03     
8.7545e-02      9.3048e+03      3.5089e+03     
9.2544e-02      8.3368e+03      3.0414e+03     
9.7542e-02      7.5155e+03      2.6509e+03     
1.0253e-01      6.8566e+03      2.3401e+03     
1.0754e-01      6.3463e+03      2.0976e+03     
1.1254e-01      5.9543e+03      1.9060e+03     
1.1754e-01      5.6396e+03      1.7453e+03     
1.2253e-01      5.3592e+03      1.5971e+03     
1.2753e-01      5.0784e+03      1.4488e+03     
1.3253e-01      4.7771e+03      1.2951e+03     
1.3753e-01      4.4502e+03      1.1371e+03     
1.4253e-01      4.1079e+03      9.8060e+02     
1.4753e-01      3.7678e+03      8.3300e+02     
1.5253e-01      3.4484e+03      7.0003e+02     
1.5753e-01      3.1649e+03      5.8508e+02     
1.6253e-01      2.9254e+03      4.8838e+02     
1.6753e-01      2.7298e+03      4.0759e+02     
1.7253e-01      2.5715e+03      3.3898e+02     
1.7753e-01      2.4404e+03      2.7868e+02     
1.8253e-01      2.3249e+03      2.2337e+02     
1.8752e-01      2.2143e+03      1.7093e+02     
1.9252e-01      2.1006e+03      1.2037e+02     
1.9752e-01      1.9803e+03      7.1893e+01     
2.0251e-01      1.8537e+03      2.6327e+01     
2.0752e-01      1.7251e+03      -1.5370e+01    
2.1252e-01      1.6001e+03      -5.2522e+01    
2.1752e-01      1.4833e+03      -8.5074e+01    
2.2252e-01      1.3784e+03      -1.1344e+02    
2.2752e-01      1.2867e+03      -1.3829e+02    
2.3252e-01      1.2079e+03      -1.6048e+02    
2.3752e-01      1.1398e+03      -1.8067e+02    
2.4252e-01      1.0798e+03      -1.9933e+02    
2.4752e-01      1.0245e+03      -2.1661e+02    
2.5252e-01      9.7099e+02      -2.3238e+02    
2.5751e-01      9.1751e+02      -2.4645e+02    
2.6251e-01      8.6318e+02      -2.5860e+02    
2.6751e-01      8.0821e+02      -2.6869e+02    
2.7251e-01      7.5369e+02      -2.7683e+02    
2.7752e-01      7.0089e+02      -2.8327e+02    
2.8252e-01      6.5106e+02      -2.8836e+02    
2.8751e-01      6.0534e+02      -2.9259e+02    
2.9251e-01      5.6406e+02      -2.9632e+02    
2.9751e-01      5.2686e+02      -2.9973e+02    
