# k P0 P2
# reduced chi2 = 1.0845
8.0504e-03      3.5447e+04      1.0953e+04     
1.2849e-02      3.8877e+04      1.4518e+04     
1.7752e-02      3.9062e+04      1.5502e+04     
2.2692e-02      3.6816e+04      1.4935e+04     
2.7648e-02      3.3300e+04      1.3578e+04     
3.2613e-02      2.9473e+04      1.1997e+04     
3.7611e-02      2.5940e+04      1.0527e+04     
4.2613e-02      2.3033e+04      9.3435e+03     
4.7605e-02      2.0803e+04      8.4621e+03     
5.2591e-02      1.9136e+04      7.8252e+03     
5.7568e-02      1.7850e+04      7.3387e+03     
6.2562e-02      1.6743e+04      6.9060e+03     
6.7567e-02      1.5662e+04      6.4555e+03     
7.2573e-02      1.4515e+04      5.9510e+03     
7.7565e-02      1.3290e+04      5.3961e+03     
8.2548e-02      1.2028e+04      4.8202e+03     
8.7544e-02      1.0801e+04      4.2632e+03     
9.2544e-02      9.6866e+03      3.7649e+03     
9.7542e-02      8.7399e+03      3.3498e+03     
1.0254e-01      7.9806e+03      3.0240e+03     
1.0754e-01      7.3965e+03      2.7778e+03     
1.1254e-01      6.9518e+03      2.5913e+03     
1.1753e-01      6.5976e+03      2.4403e+03     
1.2252e-01      6.2829e+03      2.3015e+03     
1.2753e-01      5.9649e+03      2.1570e+03     
1.3254e-01      5.6190e+03      1.9984e+03     
1.3753e-01      5.2402e+03      1.8264e+03     
1.4253e-01      4.8391e+03      1.6481e+03     
1.4752e-01      4.4367e+03      1.4738e+03     
1.5253e-01      4.0570e+03      1.3134e+03     
1.5752e-01      3.7193e+03      1.1740e+03     
1.6252e-01      3.4340e+03      1.0578e+03     
1.6752e-01      3.2019e+03      9.6316e+02     
1.7252e-01      3.0155e+03      8.8575e+02     
1.7752e-01      2.8624e+03      8.1994e+02     
1.8252e-01      2.7280e+03      7.6016e+02     
1.8752e-01      2.5987e+03      7.0192e+02     
1.9252e-01      2.4642e+03      6.4235e+02     
1.9752e-01      2.3197e+03      5.8085e+02     
2.0252e-01      2.1660e+03      5.1847e+02     
2.0752e-01      2.0083e+03      4.5756e+02     
2.1252e-01      1.8537e+03      4.0015e+02     
2.1752e-01      1.7086e+03      3.4790e+02     
2.2252e-01      1.5779e+03      3.0154e+02     
2.2752e-01      1.4637e+03      2.6105e+02     
2.3252e-01      1.3658e+03      2.2566e+02     
2.3752e-01      1.2816e+03      1.9427e+02     
2.4252e-01      1.2076e+03      1.6574e+02     
2.4752e-01      1.1393e+03      1.3894e+02     
2.5252e-01      1.0727e+03      1.1317e+02     
2.5752e-01      1.0056e+03      8.8234e+01     
2.6252e-01      9.3674e+02      6.4097e+01     
2.6752e-01      8.6637e+02      4.1095e+01     
2.7252e-01      7.9598e+02      1.9541e+01     
2.7752e-01      7.2727e+02      -3.5876e-01    
2.8252e-01      6.6214e+02      -1.8458e+01    
2.8752e-01      6.0219e+02      -3.4771e+01    
2.9251e-01      5.4801e+02      -4.9573e+01    
2.9751e-01      4.9917e+02      -6.3113e+01    
