# k P0 P2
# reduced chi2 = 0.7629
8.0027e-03      4.3445e+04      1.2432e+04     
1.2850e-02      4.2307e+04      1.5237e+04     
1.7764e-02      4.0612e+04      1.5894e+04     
2.2684e-02      3.7426e+04      1.5124e+04     
2.7646e-02      3.3384e+04      1.3639e+04     
3.2636e-02      2.9253e+04      1.1950e+04     
3.7623e-02      2.5574e+04      1.0403e+04     
4.2607e-02      2.2592e+04      9.1509e+03     
4.7584e-02      2.0312e+04      8.2043e+03     
5.2572e-02      1.8605e+04      7.5008e+03     
5.7566e-02      1.7284e+04      6.9487e+03     
6.2559e-02      1.6157e+04      6.4568e+03     
6.7563e-02      1.5062e+04      5.9554e+03     
7.2560e-02      1.3915e+04      5.4136e+03     
7.7552e-02      1.2697e+04      4.8346e+03     
8.2550e-02      1.1449e+04      4.2457e+03     
8.7545e-02      1.0244e+04      3.6868e+03     
9.2544e-02      9.1548e+03      3.1904e+03     
9.7542e-02      8.2300e+03      2.7760e+03     
1.0253e-01      7.4883e+03      2.4465e+03     
1.0754e-01      6.9142e+03      2.1895e+03     
1.1254e-01      6.4736e+03      1.9864e+03     
1.1754e-01      6.1200e+03      1.8158e+03     
1.2253e-01      5.8051e+03      1.6582e+03     
1.2753e-01      5.4894e+03      1.5002e+03     
1.3253e-01      5.1502e+03      1.3365e+03     
1.3753e-01      4.7818e+03      1.1683e+03     
1.4253e-01      4.3955e+03      1.0020e+03     
1.4753e-01      4.0114e+03      8.4535e+02     
1.5253e-01      3.6507e+03      7.0440e+02     
1.5753e-01      3.3303e+03      5.8268e+02     
1.6253e-01      3.0598e+03      4.8030e+02     
1.6753e-01      2.8389e+03      3.9468e+02     
1.7253e-01      2.6603e+03      3.2182e+02     
1.7753e-01      2.5125e+03      2.5758e+02     
1.8253e-01      2.3823e+03      1.9853e+02     
1.8752e-01      2.2576e+03      1.4249e+02     
1.9252e-01      2.1293e+03      8.8538e+01     
1.9752e-01      1.9933e+03      3.6954e+01     
2.0251e-01      1.8500e+03      -1.1326e+01    
2.0752e-01      1.7044e+03      -5.5308e+01    
2.1252e-01      1.5628e+03      -9.4332e+01    
2.1752e-01      1.4305e+03      -1.2842e+02    
2.2252e-01      1.3116e+03      -1.5808e+02    
2.2752e-01      1.2076e+03      -1.8409e+02    
2.3252e-01      1.1183e+03      -2.0740e+02    
2.3752e-01      1.0412e+03      -2.2870e+02    
2.4252e-01      9.7327e+02      -2.4845e+02    
2.4752e-01      9.1066e+02      -2.6678e+02    
2.5252e-01      8.5002e+02      -2.8348e+02    
2.5751e-01      7.8939e+02      -2.9831e+02    
2.6251e-01      7.2775e+02      -3.1098e+02    
2.6751e-01      6.6533e+02      -3.2135e+02    
2.7251e-01      6.0339e+02      -3.2955e+02    
2.7752e-01      5.4336e+02      -3.3588e+02    
2.8252e-01      4.8669e+02      -3.4077e+02    
2.8751e-01      4.3470e+02      -3.4476e+02    
2.9251e-01      3.8776e+02      -3.4828e+02    
2.9751e-01      3.4545e+02      -3.5153e+02    
