# k P0 P2
# reduced chi2 = 1.0683
8.0504e-03      2.7861e+04      1.0130e+04     
1.2849e-02      3.3880e+04      1.3785e+04     
1.7752e-02      3.5419e+04      1.4860e+04     
2.2692e-02      3.4015e+04      1.4364e+04     
2.7648e-02      3.1086e+04      1.3057e+04     
3.2613e-02      2.7689e+04      1.1510e+04     
3.7611e-02      2.4476e+04      1.0063e+04     
4.2613e-02      2.1801e+04      8.8867e+03     
4.7605e-02      1.9735e+04      8.0005e+03     
5.2591e-02      1.8184e+04      7.3480e+03     
5.7568e-02      1.6980e+04      6.8390e+03     
6.2562e-02      1.5937e+04      6.3816e+03     
6.7567e-02      1.4912e+04      5.9094e+03     
7.2573e-02      1.3820e+04      5.3906e+03     
7.7565e-02      1.2652e+04      4.8311e+03     
8.2548e-02      1.1449e+04      4.2596e+03     
8.7544e-02      1.0279e+04      3.7131e+03     
9.2544e-02      9.2169e+03      3.2271e+03     
9.7542e-02      8.3141e+03      2.8219e+03     
1.0254e-01      7.5886e+03      2.5005e+03     
1.0754e-01      7.0285e+03      2.2522e+03     
1.1254e-01      6.5996e+03      2.0579e+03     
1.1753e-01      6.2558e+03      1.8957e+03     
1.2252e-01      5.9494e+03      1.7457e+03     
1.2753e-01      5.6406e+03      1.5934e+03     
1.3254e-01      5.3071e+03      1.4330e+03     
1.3753e-01      4.9443e+03      1.2665e+03     
1.4253e-01      4.5627e+03      1.1000e+03     
1.4752e-01      4.1815e+03      9.4170e+02     
1.5253e-01      3.8227e+03      7.9877e+02     
1.5752e-01      3.5039e+03      6.7538e+02     
1.6252e-01      3.2341e+03      5.7185e+02     
1.6752e-01      3.0137e+03      4.8583e+02     
1.7252e-01      2.8357e+03      4.1320e+02     
1.7752e-01      2.6885e+03      3.4956e+02     
1.8252e-01      2.5586e+03      2.9108e+02     
1.8752e-01      2.4341e+03      2.3511e+02     
1.9252e-01      2.3055e+03      1.8040e+02     
1.9752e-01      2.1689e+03      1.2710e+02     
2.0252e-01      2.0249e+03      7.6250e+01     
2.0752e-01      1.8783e+03      2.9230e+01     
2.1252e-01      1.7352e+03      -1.3170e+01    
2.1752e-01      1.6012e+03      -5.0592e+01    
2.2252e-01      1.4807e+03      -8.3344e+01    
2.2752e-01      1.3753e+03      -1.1205e+02    
2.3252e-01      1.2846e+03      -1.3764e+02    
2.3752e-01      1.2064e+03      -1.6088e+02    
2.4252e-01      1.1373e+03      -1.8233e+02    
2.4752e-01      1.0736e+03      -2.0236e+02    
2.5252e-01      1.0118e+03      -2.2091e+02    
2.5752e-01      9.4986e+02      -2.3777e+02    
2.6252e-01      8.8687e+02      -2.5273e+02    
2.6752e-01      8.2303e+02      -2.6557e+02    
2.7252e-01      7.5957e+02      -2.7634e+02    
2.7752e-01      6.9795e+02      -2.8527e+02    
2.8252e-01      6.3971e+02      -2.9265e+02    
2.8752e-01      5.8616e+02      -2.9894e+02    
2.9251e-01      5.3776e+02      -3.0457e+02    
2.9751e-01      4.9412e+02      -3.0975e+02    
