# k P0 P2
# reduced chi2 = 0.7181
8.0027e-03      3.3698e+04      1.1439e+04     
1.2850e-02      3.6715e+04      1.4501e+04     
1.7764e-02      3.6693e+04      1.5278e+04     
2.2684e-02      3.4466e+04      1.4594e+04     
2.7646e-02      3.1085e+04      1.3162e+04     
3.2636e-02      2.7435e+04      1.1518e+04     
3.7623e-02      2.4110e+04      1.0005e+04     
4.2607e-02      2.1385e+04      8.7734e+03     
4.7584e-02      1.9288e+04      7.8365e+03     
5.2572e-02      1.7713e+04      7.1341e+03     
5.7566e-02      1.6489e+04      6.5776e+03     
6.2559e-02      1.5438e+04      6.0795e+03     
6.7563e-02      1.4411e+04      5.5739e+03     
7.2560e-02      1.3329e+04      5.0328e+03     
7.7552e-02      1.2178e+04      4.4606e+03     
8.2550e-02      1.0997e+04      3.8837e+03     
8.7545e-02      9.8559e+03      3.3397e+03     
9.2544e-02      8.8236e+03      2.8585e+03     
9.7542e-02      7.9473e+03      2.4570e+03     
1.0253e-01      7.2438e+03      2.1362e+03     
1.0754e-01      6.6985e+03      1.8838e+03     
1.1254e-01      6.2789e+03      1.6816e+03     
1.1754e-01      5.9412e+03      1.5099e+03     
1.2253e-01      5.6400e+03      1.3513e+03     
1.2753e-01      5.3384e+03      1.1942e+03     
1.3253e-01      5.0153e+03      1.0348e+03     
1.3753e-01      4.6656e+03      8.7467e+02     
1.4253e-01      4.3002e+03      7.1959e+02     
1.4753e-01      3.9376e+03      5.7605e+02     
1.5253e-01      3.5976e+03      4.4858e+02     
1.5753e-01      3.2960e+03      3.3929e+02     
1.6253e-01      3.0411e+03      2.4735e+02     
1.6753e-01      2.8327e+03      1.6985e+02     
1.7253e-01      2.6639e+03      1.0306e+02     
1.7753e-01      2.5237e+03      4.3546e+01     
1.8253e-01      2.4001e+03      -1.1255e+01    
1.8752e-01      2.2820e+03      -6.2652e+01    
1.9252e-01      2.1609e+03      -1.1086e+02    
1.9752e-01      2.0331e+03      -1.5534e+02    
2.0251e-01      1.8992e+03      -1.9522e+02    
2.0752e-01      1.7635e+03      -2.3000e+02    
2.1252e-01      1.6318e+03      -2.5962e+02    
2.1752e-01      1.5091e+03      -2.8464e+02    
2.2252e-01      1.3989e+03      -3.0598e+02    
2.2752e-01      1.3025e+03      -3.2464e+02    
2.3252e-01      1.2197e+03      -3.4154e+02    
2.3752e-01      1.1481e+03      -3.5721e+02    
2.4252e-01      1.0849e+03      -3.7189e+02    
2.4752e-01      1.0268e+03      -3.8537e+02    
2.5252e-01      9.7061e+02      -3.9717e+02    
2.5751e-01      9.1460e+02      -4.0691e+02    
2.6251e-01      8.5787e+02      -4.1424e+02    
2.6751e-01      8.0062e+02      -4.1907e+02    
2.7251e-01      7.4398e+02      -4.2169e+02    
2.7752e-01      6.8921e+02      -4.2254e+02    
2.8252e-01      6.3759e+02      -4.2219e+02    
2.8751e-01      5.9026e+02      -4.2131e+02    
2.9251e-01      5.4756e+02      -4.2037e+02    
2.9751e-01      5.0908e+02      -4.1952e+02    
