# k P0 P2
# reduced chi2 = 0.9787
8.0504e-03      4.8624e+04      6.7868e+03     
1.2849e-02      4.1875e+04      1.3634e+04     
1.7752e-02      3.8834e+04      1.4601e+04     
2.2692e-02      3.5199e+04      1.4035e+04     
2.7648e-02      3.1179e+04      1.2700e+04     
3.2613e-02      2.7251e+04      1.1152e+04     
3.7611e-02      2.3783e+04      9.7211e+03     
4.2613e-02      2.0987e+04      8.5620e+03     
4.7605e-02      1.8857e+04      7.6890e+03     
5.2591e-02      1.7268e+04      7.0436e+03     
5.7568e-02      1.6040e+04      6.5384e+03     
6.2562e-02      1.4991e+04      6.0857e+03     
6.7567e-02      1.3980e+04      5.6225e+03     
7.2573e-02      1.2927e+04      5.1186e+03     
7.7565e-02      1.1819e+04      4.5791e+03     
8.2548e-02      1.0691e+04      4.0309e+03     
8.7544e-02      9.6010e+03      3.5082e+03     
9.2544e-02      8.6155e+03      3.0441e+03     
9.7542e-02      7.7788e+03      2.6572e+03     
1.0254e-01      7.1058e+03      2.3498e+03     
1.0754e-01      6.5845e+03      2.1115e+03     
1.1254e-01      6.1836e+03      1.9242e+03     
1.1753e-01      5.8611e+03      1.7675e+03     
1.2252e-01      5.5739e+03      1.6229e+03     
1.2753e-01      5.2863e+03      1.4770e+03     
1.3254e-01      4.9780e+03      1.3244e+03     
1.3753e-01      4.6453e+03      1.1670e+03     
1.4253e-01      4.2969e+03      1.0103e+03     
1.4752e-01      3.9502e+03      8.6172e+02     
1.5253e-01      3.6244e+03      7.2784e+02     
1.5752e-01      3.3350e+03      6.1231e+02     
1.6252e-01      3.0900e+03      5.1534e+02     
1.6752e-01      2.8893e+03      4.3467e+02     
1.7252e-01      2.7268e+03      3.6648e+02     
1.7752e-01      2.5919e+03      3.0673e+02     
1.8252e-01      2.4728e+03      2.5191e+02     
1.8752e-01      2.3588e+03      1.9965e+02     
1.9252e-01      2.2417e+03      1.4882e+02     
1.9752e-01      2.1178e+03      9.9596e+01     
2.0252e-01      1.9878e+03      5.2887e+01     
2.0752e-01      1.8558e+03      9.9085e+00     
2.1252e-01      1.7272e+03      -2.8682e+01    
2.1752e-01      1.6070e+03      -6.2626e+01    
2.2252e-01      1.4989e+03      -9.2263e+01    
2.2752e-01      1.4042e+03      -1.1820e+02    
2.3252e-01      1.3227e+03      -1.4130e+02    
2.3752e-01      1.2522e+03      -1.6225e+02    
2.4252e-01      1.1899e+03      -1.8156e+02    
2.4752e-01      1.1325e+03      -1.9952e+02    
2.5252e-01      1.0769e+03      -2.1607e+02    
2.5752e-01      1.0213e+03      -2.3098e+02    
2.6252e-01      9.6496e+02      -2.4409e+02    
2.6752e-01      9.0795e+02      -2.5520e+02    
2.7252e-01      8.5141e+02      -2.6438e+02    
2.7752e-01      7.9658e+02      -2.7187e+02    
2.8252e-01      7.4481e+02      -2.7796e+02    
2.8752e-01      6.9722e+02      -2.8306e+02    
2.9251e-01      6.5418e+02      -2.8759e+02    
2.9751e-01      6.1536e+02      -2.9175e+02    
