# k P0 P2 modes
3.7538e-03      5.2411e+04      8.7444e+03      7.7000e+01     
8.0504e-03      2.9762e+04      3.6259e+04      5.4800e+02     
1.2849e-02      2.2949e+04      4.4728e+03      1.4800e+03     
1.7752e-02      3.8764e+04      7.2784e+03      2.8720e+03     
2.2692e-02      3.2896e+04      9.7142e+03      4.7360e+03     
2.7648e-02      2.5332e+04      -1.7890e+03     7.0360e+03     
3.2613e-02      2.3939e+04      2.0880e+04      9.8380e+03     
3.7611e-02      2.0832e+04      1.3077e+04      1.3208e+04     
4.2613e-02      2.0693e+04      1.7713e+04      1.6858e+04     
4.7605e-02      2.0017e+04      1.6461e+04      2.1080e+04     
5.2591e-02      1.3777e+04      -1.4443e+02     2.5624e+04     
5.7568e-02      1.4357e+04      3.9671e+03      3.0728e+04     
6.2562e-02      1.4912e+04      1.1730e+04      3.6498e+04     
6.7567e-02      1.4739e+04      2.0006e+03      4.2528e+04     
7.2573e-02      1.3484e+04      2.9609e+03      4.9152e+04     
7.7565e-02      1.0622e+04      4.7441e+02      5.5744e+04     
8.2548e-02      1.0215e+04      2.6750e+02      6.3346e+04     
8.7544e-02      1.0711e+04      1.3344e+02      7.1388e+04     
9.2544e-02      1.0420e+04      1.4654e+02      7.9762e+04     
9.7542e-02      8.1125e+03      3.7644e+03      8.8564e+04     
1.0254e-01      5.5830e+03      1.4213e+03      9.7988e+04     
1.0754e-01      6.6438e+03      9.0311e+02      1.0771e+05     
1.1254e-01      6.6809e+03      1.8818e+02      1.1795e+05     
1.1753e-01      7.4229e+03      2.9074e+03      1.2829e+05     
1.2252e-01      7.7175e+03      3.7946e+03      1.3977e+05     
1.2753e-01      5.2605e+03      3.5690e+03      1.5195e+05     
1.3254e-01      5.5389e+03      2.1040e+03      1.6358e+05     
1.3753e-01      5.5750e+03      9.9464e+02      1.7594e+05     
1.4253e-01      5.5273e+03      1.8003e+03      1.8906e+05     
1.4753e-01      4.5506e+03      1.1349e+03      2.0282e+05     
1.5253e-01      2.9664e+03      3.1903e+03      2.1681e+05     
1.5752e-01      2.7639e+03      2.1941e+03      2.3088e+05     
1.6252e-01      3.5033e+03      5.0917e+02      2.4623e+05     
1.6752e-01      2.6405e+03      -6.5526e+02     2.6133e+05     
1.7252e-01      2.6209e+03      -1.3698e+03     2.7728e+05     
1.7752e-01      2.9618e+03      -1.1242e+03     2.9332e+05     
1.8252e-01      2.8807e+03      6.0120e+02      3.1057e+05     
1.8752e-01      2.3472e+03      8.3607e+02      3.2756e+05     
1.9252e-01      2.5448e+03      -5.1787e+02     3.4527e+05     
1.9752e-01      2.1200e+03      -6.1871e+01     3.6354e+05     
2.0252e-01      1.7607e+03      -5.9391e+02     3.8166e+05     
2.0752e-01      2.2770e+03      8.1369e+00      4.0085e+05     
2.1252e-01      1.3189e+03      8.0792e+02      4.2101e+05     
2.1752e-01      9.1888e+02      3.5324e+02      4.4116e+05     
2.2252e-01      1.3063e+03      3.8099e+02      4.6130e+05     
2.2752e-01      1.7912e+03      -9.3466e+02     4.8219e+05     
2.3252e-01      4.9521e+02      -1.0817e+02     5.0386e+05     
2.3752e-01      4.1386e+02      -9.1418e+02     5.2502e+05     
2.4252e-01      1.3042e+03      -1.0521e+03     5.4795e+05     
2.4752e-01      4.1925e+02      -1.5755e+03     5.7054e+05     
2.5252e-01      7.1683e+02      -1.0941e+03     5.9437e+05     
2.5752e-01      8.1120e+02      -1.9921e+02     6.1790e+05     
2.6252e-01      8.1876e+02      4.3230e+02      6.4211e+05     
2.6752e-01      5.3730e+02      3.5630e+02      6.6611e+05     
2.7251e-01      1.2757e+03      -7.2559e+02     6.9179e+05     
2.7752e-01      7.7149e+02      -8.7895e+02     7.1800e+05     
2.8252e-01      7.5104e+02      -3.5767e+02     7.4315e+05     
2.8752e-01      8.9625e+02      -5.0477e+02     7.7019e+05     
2.9251e-01      4.1343e+02      -4.7405e+02     7.9643e+05     
2.9751e-01      8.7595e+02      -1.0335e+03     8.2482e+05     
3.0251e-01      3.8470e+02      -1.2196e+02     8.5256e+05     
3.0751e-01      2.9582e+02      1.2804e+02      8.8037e+05     
3.1251e-01      4.2951e+02      2.0877e+02      9.1065e+05     
3.1751e-01      3.7159e+02      1.1151e+03      9.3900e+05     
3.2251e-01      3.3689e+02      -6.3886e+02     9.6935e+05     
3.2751e-01      3.9603e+02      -8.2795e+02     9.9834e+05     
3.3251e-01      2.0972e+02      7.9124e+01      1.0299e+06     
3.3751e-01      5.4217e+02      -5.5939e+02     1.0619e+06     
3.4251e-01      6.8699e+02      -4.9216e+02     1.0933e+06     
3.4751e-01      5.4064e+02      -5.3966e+02     1.1255e+06     
3.5251e-01      5.9490e+02      -1.2059e+03     1.1574e+06     
3.5751e-01      3.3973e+02      -4.8829e+01     1.1902e+06     
3.6251e-01      8.3367e+01      -8.5215e+02     1.2246e+06     
3.6751e-01      -1.0750e+02     -5.4670e+02     1.2579e+06     
3.7251e-01      1.7541e+02      -4.2489e+02     1.2923e+06     
3.7751e-01      7.1275e+02      -2.3118e+02     1.3285e+06     
3.8251e-01      3.2891e+01      -1.1257e+03     1.3628e+06     
3.8751e-01      1.0902e+02      1.7154e+02      1.3992e+06     
3.9251e-01      2.2157e+02      1.1058e+02      1.4344e+06     
3.9751e-01      2.5495e+02      6.5782e+02      1.4730e+06     
4.0251e-01      -2.1474e+02     2.5052e+02      1.5097e+06     
4.0751e-01      1.8664e+01      2.7947e+02      1.5466e+06     
4.1251e-01      -2.6461e+01     -5.1727e+02     1.5850e+06     
4.1751e-01      2.6180e+01      -6.8797e+02     1.6236e+06     
4.2251e-01      2.2134e+02      -3.8699e+02     1.6633e+06     
4.2751e-01      -7.8992e+01     -1.8015e+02     1.7025e+06     
4.3251e-01      -1.1750e+02     -3.6070e+02     1.7437e+06     
4.3751e-01      3.0914e+02      7.0844e+02      1.7830e+06     
4.4251e-01      6.2580e+02      7.4671e+01      1.8248e+06     
4.4751e-01      1.8052e+02      1.8563e+02      1.8648e+06     
4.5251e-01      6.2703e+01      -7.6273e+01     1.9067e+06     
4.5751e-01      3.3561e+02      5.0124e+02      1.9513e+06     
4.6251e-01      6.5305e+01      5.5286e+02      1.9925e+06     
4.6751e-01      4.1158e+02      -4.1943e+02     2.0369e+06     
4.7251e-01      -2.8820e+01     -2.8724e+02     2.0795e+06     
4.7751e-01      -5.3953e+01     6.6954e+02      2.1227e+06     
4.8251e-01      -2.4634e+02     -6.1984e+01     2.1704e+06     
4.8751e-01      1.8828e+02      -3.2901e+02     2.2138e+06     
4.9251e-01      1.9672e+01      1.3802e+01      2.2594e+06     
4.9751e-01      -2.4739e+02     5.9750e+02      2.3053e+06     
5.0251e-01      -2.1546e+02     -4.9509e+01     2.3530e+06     
5.0751e-01      -1.3708e+02     -3.2509e+02     2.3992e+06     
5.1251e-01      1.4971e+02      5.1659e+02      2.4464e+06     
5.1751e-01      5.7227e+01      2.6116e+02      2.4969e+06     
5.2251e-01      8.9242e+01      9.2337e+00      2.5441e+06     
5.2751e-01      2.5963e+02      -9.2418e+01     2.5919e+06     
5.3251e-01      -3.8883e+01     5.0424e+02      2.6408e+06     
5.3751e-01      -8.3969e+01     -1.7718e+02     2.6923e+06     
5.4251e-01      7.5195e+01      -6.4749e+01     2.7415e+06     
5.4751e-01      -1.7328e+01     5.1440e+02      2.7933e+06     
5.5251e-01      -2.9328e+01     1.1250e+02      2.8443e+06     
5.5751e-01      2.7617e+01      3.9745e+02      2.8958e+06     
5.6251e-01      -1.3898e+01     5.6515e+02      2.9476e+06     
5.6751e-01      3.4727e+01      -2.5852e+02     3.0000e+06     
5.7251e-01      2.2969e+01      1.3293e+02      3.0533e+06     
5.7751e-01      -6.5578e+01     8.8588e+00      3.1073e+06     
5.8251e-01      -2.1116e+02     2.7022e+02      3.1610e+06     
5.8751e-01      -3.1545e+02     6.5388e+01      3.2158e+06     
5.9251e-01      -1.0615e+02     3.7666e+02      3.2711e+06     
5.9751e-01      -4.2742e+01     7.2325e+02      3.3249e+06     
6.0251e-01      -1.9316e+02     4.3967e+02      3.3828e+06     
6.0751e-01      -4.9436e+02     -6.9929e+01     3.4392e+06     
6.1251e-01      -2.6120e+02     -2.8581e+01     3.4944e+06     
6.1751e-01      -6.4977e+01     -9.0525e+01     3.5519e+06     
6.2251e-01      -2.3152e+02     3.0267e+02      3.6102e+06     
6.2751e-01      -8.1906e+01     1.0398e+01      3.6677e+06     
6.3251e-01      1.0980e+02      1.5921e+02      3.7272e+06     
