# k P0 P2 modes
3.7054e-03      6.2256e+04      4.8341e+04      8.3000e+01     
8.0027e-03      2.0385e+04      6.6617e+04      5.9600e+02     
1.2850e-02      4.2500e+04      1.5635e+04      1.6480e+03     
1.7764e-02      4.7588e+04      1.6424e+03      3.1560e+03     
2.2684e-02      4.3630e+04      2.6453e+04      5.1760e+03     
2.7646e-02      3.3078e+04      8.9779e+03      7.8040e+03     
3.2636e-02      2.8182e+04      5.6867e+03      1.0874e+04     
3.7623e-02      2.8535e+04      1.9087e+04      1.4442e+04     
4.2607e-02      2.3125e+04      1.0379e+04      1.8544e+04     
4.7584e-02      1.7787e+04      3.8431e+03      2.3040e+04     
5.2572e-02      1.6385e+04      7.9651e+03      2.8366e+04     
5.7566e-02      1.6784e+04      8.5125e+03      3.3818e+04     
6.2559e-02      1.6550e+04      6.7933e+03      4.0130e+04     
6.7563e-02      1.5522e+04      8.4625e+03      4.6838e+04     
7.2561e-02      1.4788e+04      6.4458e+03      5.3826e+04     
7.7552e-02      1.1476e+04      2.4887e+03      6.1584e+04     
8.2550e-02      1.0643e+04      3.1153e+03      6.9864e+04     
8.7545e-02      1.0199e+04      2.6130e+03      7.8404e+04     
9.2544e-02      7.6278e+03      4.7721e+03      8.7902e+04     
9.7542e-02      8.0091e+03      5.4298e+03      9.7310e+04     
1.0253e-01      6.3663e+03      3.8646e+03      1.0772e+05     
1.0754e-01      8.0609e+03      3.4418e+03      1.1865e+05     
1.1254e-01      6.7636e+03      4.3978e+03      1.2991e+05     
1.1754e-01      6.0671e+03      1.9200e+02      1.4138e+05     
1.2253e-01      5.4617e+03      2.0634e+03      1.5396e+05     
1.2753e-01      4.6557e+03      1.8025e+03      1.6672e+05     
1.3253e-01      4.4831e+03      1.1121e+03      1.7981e+05     
1.3753e-01      4.3487e+03      2.0662e+03      1.9428e+05     
1.4253e-01      4.8674e+03      1.5480e+03      2.0777e+05     
1.4753e-01      3.7720e+03      -7.6980e+02     2.2328e+05     
1.5253e-01      3.8015e+03      -6.9982e+02     2.3850e+05     
1.5753e-01      3.5578e+03      8.3480e+02      2.5444e+05     
1.6253e-01      3.2610e+03      6.1887e+02      2.7068e+05     
1.6753e-01      2.4385e+03      1.9006e+03      2.8771e+05     
1.7253e-01      2.5709e+03      2.9634e+02      3.0520e+05     
1.7753e-01      2.3782e+03      3.6514e+02      3.2301e+05     
1.8253e-01      2.2507e+03      3.5848e+02      3.4181e+05     
1.8753e-01      2.3677e+03      9.9830e+02      3.6002e+05     
1.9252e-01      1.8673e+03      -5.3055e+02     3.7973e+05     
1.9752e-01      1.9906e+03      -8.2685e+02     3.9966e+05     
2.0251e-01      1.5342e+03      2.1445e+02      4.2032e+05     
2.0752e-01      2.1949e+03      -4.7444e+02     4.4207e+05     
2.1252e-01      1.7431e+03      1.6060e+02      4.6264e+05     
2.1752e-01      1.4129e+03      6.2078e+02      4.8582e+05     
2.2252e-01      9.9288e+02      4.7793e+02      5.0730e+05     
2.2752e-01      7.9280e+02      3.5379e+02      5.3078e+05     
2.3252e-01      1.1772e+03      -2.3040e+02     5.5452e+05     
2.3752e-01      1.0587e+03      -9.6882e+01     5.7801e+05     
2.4252e-01      1.2601e+03      -5.8292e+02     6.0327e+05     
2.4752e-01      9.8971e+02      -4.1868e+01     6.2775e+05     
2.5252e-01      1.1256e+03      4.3882e+02      6.5330e+05     
2.5751e-01      1.0781e+03      -2.4739e+02     6.7990e+05     
2.6251e-01      7.7029e+02      -1.8966e+02     7.0609e+05     
2.6751e-01      8.5803e+02      5.0613e+02      7.3426e+05     
2.7251e-01      9.0777e+02      1.8132e+01      7.6119e+05     
2.7751e-01      2.4470e+02      -3.9091e+02     7.8997e+05     
2.8252e-01      9.7073e+02      -1.0063e+03     8.1825e+05     
2.8751e-01      8.8462e+02      -7.2656e+01     8.4702e+05     
2.9251e-01      2.4693e+02      -1.3307e+02     8.7700e+05     
2.9751e-01      5.3818e+02      -4.1064e+02     9.0860e+05     
3.0252e-01      4.0402e+02      -1.5568e+02     9.3780e+05     
3.0752e-01      5.8387e+02      1.3299e+01      9.6971e+05     
3.1251e-01      6.6185e+02      6.1937e+02      9.9996e+05     
3.1751e-01      5.4343e+02      -2.5103e+02     1.0341e+06     
3.2251e-01      5.2260e+02      -7.1989e+02     1.0664e+06     
3.2751e-01      8.1817e+02      -1.8480e+02     1.1003e+06     
3.3251e-01      7.0120e+02      -7.4387e+01     1.1331e+06     
3.3751e-01      3.2023e+02      7.0536e+02      1.1681e+06     
3.4251e-01      5.5952e+02      -1.6028e+02     1.2033e+06     
3.4751e-01      2.4899e+02      -1.0753e+03     1.2379e+06     
3.5251e-01      5.0599e+02      -2.2025e+02     1.2741e+06     
3.5751e-01      2.4811e+02      -3.6619e+02     1.3102e+06     
3.6251e-01      1.8945e+01      9.2099e+01      1.3469e+06     
3.6751e-01      4.0062e+02      4.0439e+02      1.3853e+06     
3.7251e-01      -1.0776e+02     -4.5243e+02     1.4223e+06     
3.7751e-01      -4.1430e+01     -4.4368e+02     1.4612e+06     
3.8251e-01      -3.3102e+01     -6.0770e+01     1.4995e+06     
3.8751e-01      3.8641e+01      -5.1149e+02     1.5397e+06     
3.9251e-01      -1.8086e+01     -9.2694e+02     1.5799e+06     
3.9751e-01      2.8470e+02      -6.7123e+02     1.6194e+06     
4.0251e-01      1.9161e+02      -4.3765e+02     1.6615e+06     
4.0751e-01      8.6477e+01      -5.2289e+02     1.7017e+06     
4.1251e-01      2.6054e+02      1.9680e+01      1.7450e+06     
4.1751e-01      1.1958e+02      -2.5440e+02     1.7875e+06     
4.2251e-01      5.2109e+01      -1.0394e+02     1.8304e+06     
4.2751e-01      1.4028e+02      3.3757e+02      1.8737e+06     
4.3251e-01      1.2733e+02      -3.8326e+02     1.9186e+06     
4.3751e-01      1.4648e+02      5.9286e+01      1.9624e+06     
4.4251e-01      -2.7200e+02     1.4980e+02      2.0069e+06     
4.4751e-01      -9.7453e+01     -1.2723e+02     2.0536e+06     
4.5251e-01      1.8290e+02      -2.4707e+02     2.0998e+06     
4.5751e-01      2.8541e+02      1.2784e+02      2.1451e+06     
4.6251e-01      1.6656e+01      -1.0175e+02     2.1922e+06     
4.6751e-01      -1.2010e+02     3.6144e+00      2.2404e+06     
4.7251e-01      -1.8329e+02     3.1461e+02      2.2901e+06     
4.7751e-01      -1.9304e+02     -4.8023e+01     2.3384e+06     
4.8251e-01      -2.4620e+02     -1.1900e+01     2.3869e+06     
4.8751e-01      2.7375e+01      3.8838e+02      2.4358e+06     
4.9251e-01      1.4230e+02      3.5191e+02      2.4872e+06     
4.9751e-01      2.6391e+01      1.3279e+01      2.5389e+06     
5.0251e-01      1.4477e+02      1.6642e+02      2.5888e+06     
5.0751e-01      3.5648e+01      3.4850e+02      2.6410e+06     
5.1251e-01      8.4438e+01      4.1590e+02      2.6914e+06     
5.1751e-01      1.0009e+02      4.7254e+02      2.7449e+06     
5.2251e-01      7.8523e+01      3.2046e+02      2.8001e+06     
5.2751e-01      2.9359e+01      4.5776e+02      2.8530e+06     
5.3251e-01      9.0312e+01      -2.3771e+01     2.9080e+06     
5.3751e-01      1.7328e+01      -1.1658e+00     2.9615e+06     
5.4251e-01      -1.8303e+02     -7.9071e+01     3.0181e+06     
5.4751e-01      -1.1209e+02     -9.1906e+01     3.0734e+06     
5.5251e-01      1.2779e+02      1.7015e+02      3.1297e+06     
5.5751e-01      -1.2902e+02     2.6233e+02      3.1876e+06     
5.6251e-01      7.9180e+01      -6.7945e+01     3.2433e+06     
5.6751e-01      2.1406e+01      5.8558e+00      3.3011e+06     
5.7251e-01      9.1938e+01      6.7918e+02      3.3601e+06     
