# k P0 P2 modes
3.7538e-03      -1.0017e+04     2.9433e+04      7.7000e+01     
8.0504e-03      3.7287e+04      -2.9918e+04     5.4800e+02     
1.2849e-02      3.6937e+04      9.6041e+03      1.4800e+03     
1.7752e-02      2.9857e+04      -6.9532e+03     2.8720e+03     
2.2692e-02      3.7064e+04      1.0654e+04      4.7360e+03     
2.7648e-02      3.1962e+04      -1.6545e+03     7.0360e+03     
3.2613e-02      2.4127e+04      2.5409e+04      9.8380e+03     
3.7611e-02      2.4376e+04      9.5180e+03      1.3208e+04     
4.2613e-02      2.2668e+04      7.9100e+03      1.6858e+04     
4.7605e-02      1.7228e+04      7.8628e+03      2.1080e+04     
5.2591e-02      1.7194e+04      1.1662e+04      2.5624e+04     
5.7568e-02      1.8001e+04      1.3083e+04      3.0728e+04     
6.2562e-02      1.5962e+04      5.1054e+03      3.6498e+04     
6.7567e-02      1.5549e+04      5.4436e+03      4.2528e+04     
7.2573e-02      1.4028e+04      5.9990e+03      4.9152e+04     
7.7565e-02      1.2523e+04      5.3950e+03      5.5744e+04     
8.2548e-02      1.1872e+04      1.8014e+03      6.3346e+04     
8.7544e-02      9.0947e+03      1.2900e+03      7.1388e+04     
9.2544e-02      9.6485e+03      3.3010e+02      7.9762e+04     
9.7542e-02      7.7017e+03      6.9549e+01      8.8564e+04     
1.0254e-01      8.0734e+03      1.2967e+03      9.7988e+04     
1.0754e-01      6.2381e+03      1.5155e+03      1.0771e+05     
1.1254e-01      5.6630e+03      4.0135e+03      1.1795e+05     
1.1753e-01      5.0516e+03      5.4722e+02      1.2829e+05     
1.2252e-01      5.8585e+03      -5.0563e+02     1.3977e+05     
1.2753e-01      5.7054e+03      2.0687e+03      1.5195e+05     
1.3254e-01      5.0945e+03      2.5442e+03      1.6358e+05     
1.3753e-01      4.5318e+03      1.0665e+03      1.7594e+05     
1.4253e-01      3.6763e+03      1.6282e+03      1.8906e+05     
1.4753e-01      3.9753e+03      7.5135e+02      2.0282e+05     
1.5253e-01      3.8396e+03      2.5083e+03      2.1681e+05     
1.5752e-01      3.9021e+03      5.3711e+02      2.3088e+05     
1.6252e-01      3.5860e+03      -9.1939e+01     2.4623e+05     
1.6752e-01      1.7938e+03      8.5753e+01      2.6133e+05     
1.7252e-01      2.4534e+03      -6.8361e+02     2.7728e+05     
1.7752e-01      3.1888e+03      -2.1499e+03     2.9332e+05     
1.8252e-01      3.2100e+03      1.0042e+03      3.1057e+05     
1.8752e-01      1.8908e+03      1.0622e+03      3.2756e+05     
1.9252e-01      2.3676e+03      3.7718e+01      3.4527e+05     
1.9752e-01      2.5116e+03      -3.7725e+02     3.6354e+05     
2.0252e-01      1.4022e+03      -6.3814e+02     3.8166e+05     
2.0752e-01      2.4267e+03      2.8105e+02      4.0085e+05     
2.1252e-01      2.2389e+03      -2.4346e+02     4.2101e+05     
2.1752e-01      1.5639e+03      -1.3362e+03     4.4116e+05     
2.2252e-01      9.7928e+02      1.9414e+02      4.6130e+05     
2.2752e-01      1.1625e+03      -1.1281e+03     4.8219e+05     
2.3252e-01      1.2201e+03      2.1723e+02      5.0386e+05     
2.3752e-01      2.1009e+03      -4.3590e+02     5.2502e+05     
2.4252e-01      1.6001e+03      -3.8599e+02     5.4795e+05     
2.4752e-01      1.6718e+03      -1.0211e+03     5.7054e+05     
2.5252e-01      1.6018e+03      -4.6727e+02     5.9437e+05     
2.5752e-01      8.5509e+02      -1.0363e+03     6.1790e+05     
2.6252e-01      8.6727e+02      -1.7959e+02     6.4211e+05     
2.6752e-01      1.3208e+03      -6.1330e+02     6.6611e+05     
2.7251e-01      1.1016e+03      -6.1126e+02     6.9179e+05     
2.7752e-01      1.0062e+03      -3.8801e+02     7.1800e+05     
2.8252e-01      8.7200e+02      -7.2310e+02     7.4315e+05     
2.8752e-01      6.9693e+02      -8.0151e+02     7.7019e+05     
2.9251e-01      5.8283e+02      -1.1310e+03     7.9643e+05     
2.9751e-01      7.9850e+02      1.8717e+02      8.2482e+05     
3.0251e-01      5.3952e+02      -1.4778e+03     8.5256e+05     
3.0751e-01      4.7847e+02      8.5138e+01      8.8037e+05     
3.1251e-01      6.5644e+02      -4.9803e+02     9.1065e+05     
3.1751e-01      5.7783e+02      -3.9054e+02     9.3900e+05     
3.2251e-01      2.8611e+02      -4.5591e+02     9.6935e+05     
3.2751e-01      5.0748e+02      -2.9430e+02     9.9834e+05     
3.3251e-01      2.2109e+02      -6.5050e+02     1.0299e+06     
3.3751e-01      2.6324e+02      -5.5095e+01     1.0619e+06     
3.4251e-01      3.3615e+02      -6.0774e+01     1.0933e+06     
3.4751e-01      3.4372e+02      -5.5322e+02     1.1255e+06     
3.5251e-01      2.5366e+02      -5.3434e+02     1.1574e+06     
3.5751e-01      5.6045e+02      -1.8894e+02     1.1902e+06     
3.6251e-01      4.5277e+02      -1.7106e+02     1.2246e+06     
3.6751e-01      -1.2026e+02     -3.7234e+02     1.2579e+06     
3.7251e-01      1.6747e+02      -4.5449e+02     1.2923e+06     
3.7751e-01      2.6491e+02      -2.5913e+02     1.3285e+06     
3.8251e-01      2.4741e+02      -6.5994e+02     1.3628e+06     
3.8751e-01      2.5331e+02      -3.6270e+01     1.3992e+06     
3.9251e-01      3.1435e+02      -2.2316e+02     1.4344e+06     
3.9751e-01      1.4323e+02      -2.4188e+02     1.4730e+06     
4.0251e-01      -4.8828e+00     -4.5227e+02     1.5097e+06     
4.0751e-01      8.0891e+01      1.7136e+02      1.5466e+06     
4.1251e-01      7.9906e+01      2.2746e+02      1.5850e+06     
4.1751e-01      6.4184e+02      5.0505e+02      1.6236e+06     
4.2251e-01      1.2945e+01      -1.9061e+02     1.6633e+06     
4.2751e-01      -2.1629e+02     1.0740e+02      1.7025e+06     
4.3251e-01      1.6585e+02      -6.7382e+01     1.7437e+06     
4.3751e-01      1.3383e+02      -5.3274e+01     1.7830e+06     
4.4251e-01      4.5930e+01      -7.2465e+02     1.8248e+06     
4.4751e-01      -1.0176e+02     -1.0238e+03     1.8648e+06     
4.5251e-01      7.9812e+01      -5.3778e+01     1.9067e+06     
4.5751e-01      6.2266e+01      -7.0117e+01     1.9513e+06     
4.6251e-01      -3.3000e+01     5.0603e+02      1.9925e+06     
4.6751e-01      1.4513e+02      2.5800e+02      2.0369e+06     
4.7251e-01      1.6567e+02      5.0255e+02      2.0795e+06     
4.7751e-01      3.2565e+02      5.1728e+02      2.1227e+06     
4.8251e-01      1.6775e+02      -3.2668e+02     2.1704e+06     
4.8751e-01      -8.7531e+01     6.0249e+02      2.2138e+06     
4.9251e-01      -2.5939e+02     -4.8546e+01     2.2594e+06     
4.9751e-01      -1.1005e+02     1.5006e+02      2.3053e+06     
5.0251e-01      1.0898e+02      4.6168e+02      2.3530e+06     
5.0751e-01      4.8125e+00      7.5616e+02      2.3992e+06     
5.1251e-01      1.2070e+02      1.7688e+02      2.4464e+06     
5.1751e-01      1.5210e+02      5.2184e+01      2.4969e+06     
5.2251e-01      1.2420e+02      -8.4755e+01     2.5441e+06     
5.2751e-01      7.7844e+01      5.5024e+01      2.5919e+06     
5.3251e-01      -1.0506e+02     1.1227e+02      2.6408e+06     
5.3751e-01      -7.7984e+01     -2.0657e+02     2.6923e+06     
5.4251e-01      -5.2547e+01     1.5404e+02      2.7415e+06     
5.4751e-01      -2.4432e+02     -1.3583e+02     2.7933e+06     
5.5251e-01      9.5898e+01      4.5643e+02      2.8443e+06     
5.5751e-01      -1.2500e+00     -4.4329e+01     2.8958e+06     
5.6251e-01      4.4375e+00      6.1539e+01      2.9476e+06     
5.6751e-01      -3.5495e+02     4.1683e+02      3.0000e+06     
5.7251e-01      -1.9420e+02     4.0482e+02      3.0533e+06     
5.7751e-01      -4.3445e+01     5.4028e+02      3.1073e+06     
5.8251e-01      3.5750e+01      2.7135e+02      3.1610e+06     
5.8751e-01      -1.9699e+02     -1.7124e+02     3.2158e+06     
5.9251e-01      -1.0300e+02     -4.3637e+02     3.2711e+06     
5.9751e-01      -6.5156e+01     9.9149e+01      3.3249e+06     
6.0251e-01      -1.9930e+01     2.1589e+02      3.3828e+06     
6.0751e-01      -1.4285e+02     2.1843e+02      3.4392e+06     
6.1251e-01      6.8922e+01      4.6064e+02      3.4944e+06     
6.1751e-01      1.3084e+02      -1.6116e+02     3.5519e+06     
6.2251e-01      -5.8156e+01     -3.3742e+02     3.6102e+06     
6.2751e-01      -3.9703e+01     5.3040e+01      3.6677e+06     
6.3251e-01      -9.3719e+01     7.0241e+02      3.7272e+06     
