# k P0 P2 modes
3.7054e-03      3.0867e+04      -7.5269e+04     8.3000e+01     
8.0027e-03      1.8118e+04      -9.4992e+03     5.9600e+02     
1.2850e-02      4.1018e+04      5.5052e+03      1.6480e+03     
1.7764e-02      3.3415e+04      2.9509e+03      3.1560e+03     
2.2684e-02      3.6194e+04      8.9530e+03      5.1760e+03     
2.7646e-02      3.3942e+04      2.8676e+04      7.8040e+03     
3.2636e-02      3.1711e+04      5.3926e+03      1.0874e+04     
3.7623e-02      2.1956e+04      1.0673e+04      1.4442e+04     
4.2607e-02      1.9910e+04      1.6301e+04      1.8544e+04     
4.7584e-02      1.7886e+04      1.7086e+04      2.3040e+04     
5.2572e-02      1.8500e+04      9.2865e+03      2.8366e+04     
5.7566e-02      1.8784e+04      7.5364e+03      3.3818e+04     
6.2559e-02      1.9365e+04      8.2956e+03      4.0130e+04     
6.7563e-02      1.4033e+04      7.5004e+03      4.6838e+04     
7.2561e-02      1.2930e+04      4.9108e+03      5.3826e+04     
7.7552e-02      1.3123e+04      5.5966e+03      6.1584e+04     
8.2550e-02      1.0936e+04      1.4908e+03      6.9864e+04     
8.7545e-02      1.2130e+04      3.3343e+03      7.8404e+04     
9.2544e-02      8.3780e+03      5.5975e+03      8.7902e+04     
9.7542e-02      7.7648e+03      7.4163e+02      9.7310e+04     
1.0253e-01      7.5411e+03      3.6043e+03      1.0772e+05     
1.0754e-01      7.6810e+03      2.5754e+03      1.1865e+05     
1.1254e-01      6.1112e+03      1.1730e+03      1.2991e+05     
1.1754e-01      5.5548e+03      2.7317e+03      1.4138e+05     
1.2253e-01      5.2843e+03      1.7934e+03      1.5396e+05     
1.2753e-01      4.7450e+03      -2.1043e+02     1.6672e+05     
1.3253e-01      4.9050e+03      4.3260e+02      1.7981e+05     
1.3753e-01      5.6010e+03      1.5244e+03      1.9428e+05     
1.4253e-01      4.9786e+03      2.1018e+03      2.0777e+05     
1.4753e-01      4.8291e+03      1.2027e+03      2.2328e+05     
1.5253e-01      3.7471e+03      -3.4376e+02     2.3850e+05     
1.5753e-01      3.4884e+03      4.4320e+02      2.5444e+05     
1.6253e-01      3.2774e+03      1.0105e+03      2.7068e+05     
1.6753e-01      2.9574e+03      2.9975e+02      2.8771e+05     
1.7253e-01      2.9987e+03      -1.0492e+02     3.0520e+05     
1.7753e-01      2.1829e+03      7.9548e+02      3.2301e+05     
1.8253e-01      2.1599e+03      -2.1279e+02     3.4181e+05     
1.8753e-01      1.8381e+03      -8.2424e+02     3.6002e+05     
1.9252e-01      2.1363e+03      -1.3123e+02     3.7973e+05     
1.9752e-01      1.8714e+03      1.0816e+02      3.9966e+05     
2.0251e-01      1.9297e+03      1.6240e+02      4.2032e+05     
2.0752e-01      1.2340e+03      -2.6930e+02     4.4207e+05     
2.1252e-01      2.0924e+03      3.4381e+02      4.6264e+05     
2.1752e-01      1.5427e+03      -2.2044e+02     4.8582e+05     
2.2252e-01      1.7871e+03      4.8919e+02      5.0730e+05     
2.2752e-01      1.5882e+03      4.4223e+02      5.3078e+05     
2.3252e-01      1.4305e+03      -5.5834e+02     5.5452e+05     
2.3752e-01      1.3362e+03      -4.3121e+02     5.7801e+05     
2.4252e-01      1.4594e+03      6.1761e+02      6.0327e+05     
2.4752e-01      8.3234e+02      6.6390e+02      6.2775e+05     
2.5252e-01      7.2065e+02      4.1362e+02      6.5330e+05     
2.5751e-01      1.2927e+03      -1.1474e+02     6.7990e+05     
2.6251e-01      8.4390e+02      2.3243e+01      7.0609e+05     
2.6751e-01      2.9676e+02      3.5260e+02      7.3426e+05     
2.7251e-01      4.0106e+02      -6.3305e+02     7.6119e+05     
2.7751e-01      9.5316e+02      -1.1591e+03     7.8997e+05     
2.8252e-01      8.9490e+02      -5.3259e+02     8.1825e+05     
2.8751e-01      7.7384e+02      -6.5393e+02     8.4702e+05     
2.9251e-01      1.0567e+03      1.1473e+02      8.7700e+05     
2.9751e-01      5.5161e+02      -3.5437e+02     9.0860e+05     
3.0252e-01      7.2467e+02      -1.4122e+02     9.3780e+05     
3.0752e-01      5.3502e+02      -6.6424e+02     9.6971e+05     
3.1251e-01      5.8578e+02      -3.6706e+02     9.9996e+05     
3.1751e-01      8.1501e+02      -1.0784e+03     1.0341e+06     
3.2251e-01      4.8686e+02      -1.1878e+03     1.0664e+06     
3.2751e-01      2.3991e+02      -2.9515e+02     1.1003e+06     
3.3251e-01      2.3677e+02      -8.0502e+02     1.1331e+06     
3.3751e-01      9.8852e+01      -6.5422e+02     1.1681e+06     
3.4251e-01      2.6330e+02      -7.1608e+02     1.2033e+06     
3.4751e-01      4.2845e+02      -5.6251e+02     1.2379e+06     
3.5251e-01      2.3168e+02      -4.8113e+02     1.2741e+06     
3.5751e-01      -7.9375e+01     -1.2750e+02     1.3102e+06     
3.6251e-01      -8.0898e+01     -6.1725e+02     1.3469e+06     
3.6751e-01      -8.7461e+01     -3.3332e+01     1.3853e+06     
3.7251e-01      2.3156e+01      4.4573e+02      1.4223e+06     
3.7751e-01      1.8281e+01      -4.6229e+02     1.4612e+06     
3.8251e-01      1.5168e+02      1.7570e+02      1.4995e+06     
3.8751e-01      8.9031e+01      -5.3332e+01     1.5397e+06     
3.9251e-01      8.9562e+01      2.8821e+02      1.5799e+06     
3.9751e-01      1.6888e+02      -3.1191e+02     1.6194e+06     
4.0251e-01      2.1377e+02      -2.4605e+02     1.6615e+06     
4.0751e-01      1.8519e+02      6.6350e+01      1.7017e+06     
4.1251e-01      1.6391e+02      -1.8687e+02     1.7450e+06     
4.1751e-01      2.1097e+02      -2.8662e+02     1.7875e+06     
4.2251e-01      2.8643e+02      3.9649e+02      1.8304e+06     
4.2751e-01      3.2420e+02      -4.7545e+02     1.8737e+06     
4.3251e-01      -2.5766e+01     -5.2964e+01     1.9186e+06     
4.3751e-01      -6.7180e+01     7.0826e+01      1.9624e+06     
4.4251e-01      2.5241e+02      -1.0741e+02     2.0069e+06     
4.4751e-01      2.2114e+02      2.5302e+02      2.0536e+06     
4.5251e-01      1.6219e+02      -1.3189e+02     2.0998e+06     
4.5751e-01      -1.1057e+02     3.3224e+01      2.1451e+06     
4.6251e-01      1.5680e+01      -3.5145e+02     2.1922e+06     
4.6751e-01      5.4289e+01      -5.2142e+02     2.2404e+06     
4.7251e-01      5.1711e+01      1.3017e+02      2.2901e+06     
4.7751e-01      -1.4320e+02     1.2367e+01      2.3384e+06     
4.8251e-01      1.7611e+02      -1.7768e+02     2.3869e+06     
4.8751e-01      4.4625e+01      1.3923e+02      2.4358e+06     
4.9251e-01      -2.5633e+01     5.6783e+02      2.4872e+06     
4.9751e-01      3.4039e+01      2.5787e+02      2.5389e+06     
5.0251e-01      -1.4682e+02     2.4252e+02      2.5888e+06     
5.0751e-01      1.2982e+02      3.3433e+01      2.6410e+06     
5.1251e-01      1.5102e+01      1.7460e+02      2.6914e+06     
5.1751e-01      -1.2769e+02     -2.6114e+02     2.7449e+06     
5.2251e-01      -6.3844e+01     4.6757e+02      2.8001e+06     
5.2751e-01      -1.3533e+02     4.2823e+02      2.8530e+06     
5.3251e-01      -4.4266e+01     2.5581e+02      2.9080e+06     
5.3751e-01      -7.8883e+01     1.9378e+02      2.9615e+06     
5.4251e-01      3.2922e+01      4.2899e+02      3.0181e+06     
5.4751e-01      -1.2672e+01     2.6826e+02      3.0734e+06     
5.5251e-01      -2.0109e+01     -2.3258e+02     3.1297e+06     
5.5751e-01      -3.8086e+01     4.6496e+01      3.1876e+06     
5.6251e-01      -4.8023e+01     6.4922e+02      3.2433e+06     
5.6751e-01      -1.8362e+02     2.0009e+02      3.3011e+06     
5.7251e-01      -1.3912e+02     3.6207e+02      3.3601e+06     
