# k P0 P2 modes
3.7538e-03      2.4161e+04      -4.2964e+04     7.7000e+01     
8.0504e-03      5.5825e+04      7.2405e+03      5.4800e+02     
1.2849e-02      2.6961e+04      -1.2423e+04     1.4800e+03     
1.7752e-02      2.9878e+04      -4.6343e+03     2.8720e+03     
2.2692e-02      2.8107e+04      1.1645e+04      4.7360e+03     
2.7648e-02      3.4235e+04      1.8940e+04      7.0360e+03     
3.2613e-02      2.5358e+04      1.5942e+04      9.8380e+03     
3.7611e-02      2.3048e+04      2.0648e+04      1.3208e+04     
4.2613e-02      1.9060e+04      1.2142e+04      1.6858e+04     
4.7605e-02      2.0441e+04      1.1160e+04      2.1080e+04     
5.2591e-02      1.9902e+04      7.6145e+03      2.5624e+04     
5.7568e-02      1.7740e+04      4.2583e+03      3.0728e+04     
6.2562e-02      1.4531e+04      8.7852e+03      3.6498e+04     
6.7567e-02      1.0709e+04      1.6119e+03      4.2528e+04     
7.2573e-02      1.4032e+04      2.1486e+03      4.9152e+04     
7.7565e-02      1.1919e+04      5.5341e+03      5.5744e+04     
8.2548e-02      1.1562e+04      8.3413e+03      6.3346e+04     
8.7544e-02      9.1360e+03      3.7810e+03      7.1388e+04     
9.2544e-02      8.9709e+03      4.5347e+03      7.9762e+04     
9.7542e-02      9.1994e+03      1.0285e+03      8.8564e+04     
1.0254e-01      6.8966e+03      3.9297e+03      9.7988e+04     
1.0754e-01      6.5550e+03      7.9312e+01      1.0771e+05     
1.1254e-01      5.5193e+03      3.2263e+03      1.1795e+05     
1.1753e-01      4.4208e+03      1.0403e+03      1.2829e+05     
1.2252e-01      5.0250e+03      3.9492e+02      1.3977e+05     
1.2753e-01      5.3754e+03      1.8412e+03      1.5195e+05     
1.3254e-01      5.5535e+03      1.4139e+03      1.6358e+05     
1.3753e-01      5.9904e+03      1.4696e+03      1.7594e+05     
1.4253e-01      6.2137e+03      -6.8586e+00     1.8906e+05     
1.4753e-01      4.1403e+03      -9.0613e+02     2.0282e+05     
1.5253e-01      3.9752e+03      9.6836e+02      2.1681e+05     
1.5752e-01      3.7012e+03      7.9171e+02      2.3088e+05     
1.6252e-01      3.2777e+03      1.7020e+03      2.4623e+05     
1.6752e-01      2.6032e+03      3.7991e+02      2.6133e+05     
1.7252e-01      2.8250e+03      2.2019e+03      2.7728e+05     
1.7752e-01      2.9064e+03      -1.4258e+02     2.9332e+05     
1.8252e-01      2.7326e+03      8.9046e+02      3.1057e+05     
1.8752e-01      3.5600e+03      2.8814e+02      3.2756e+05     
1.9252e-01      2.5949e+03      -6.0436e+01     3.4527e+05     
1.9752e-01      1.5857e+03      1.2012e+03      3.6354e+05     
2.0252e-01      1.6941e+03      -7.7603e+02     3.8166e+05     
2.0752e-01      1.3782e+03      7.3784e+02      4.0085e+05     
2.1252e-01      1.8083e+03      9.7235e+02      4.2101e+05     
2.1752e-01      1.7482e+03      -4.8957e+02     4.4116e+05     
2.2252e-01      9.6238e+02      1.0128e+03      4.6130e+05     
2.2752e-01      1.1456e+03      -6.4571e+02     4.8219e+05     
2.3252e-01      9.9778e+02      -1.1818e+03     5.0386e+05     
2.3752e-01      2.8981e+02      7.3905e+02      5.2502e+05     
2.4252e-01      1.0453e+03      1.4690e+02      5.4795e+05     
2.4752e-01      7.3891e+02      1.2781e+03      5.7054e+05     
2.5252e-01      1.5593e+03      1.2020e+03      5.9437e+05     
2.5752e-01      1.6542e+03      8.5384e+02      6.1790e+05     
2.6252e-01      7.3939e+02      -7.8402e+02     6.4211e+05     
2.6752e-01      1.0713e+03      -2.3405e+02     6.6611e+05     
2.7251e-01      9.4804e+02      2.1936e+02      6.9179e+05     
2.7752e-01      7.9729e+02      -7.1381e+02     7.1800e+05     
2.8252e-01      4.9767e+02      -6.5047e+02     7.4315e+05     
2.8752e-01      7.4661e+02      -8.7909e+02     7.7019e+05     
2.9251e-01      5.8861e+02      -4.9931e+02     7.9643e+05     
2.9751e-01      2.5523e+02      -5.7452e+02     8.2482e+05     
3.0251e-01      7.1020e+02      -3.4669e+02     8.5256e+05     
3.0751e-01      5.1278e+02      5.4526e+02      8.8037e+05     
3.1251e-01      5.8114e+02      -4.3224e+02     9.1065e+05     
3.1751e-01      5.8615e+02      -7.1433e+02     9.3900e+05     
3.2251e-01      2.7250e+02      -3.9040e+02     9.6935e+05     
3.2751e-01      9.2007e+02      -1.8206e+02     9.9834e+05     
3.3251e-01      7.1140e+02      -6.7993e+01     1.0299e+06     
3.3751e-01      2.1182e+02      2.9133e+02      1.0619e+06     
3.4251e-01      9.6016e+00      -5.1711e+01     1.0933e+06     
3.4751e-01      2.2313e+02      -2.1180e+02     1.1255e+06     
3.5251e-01      1.5970e+02      3.2768e+02      1.1574e+06     
3.5751e-01      9.7547e+01      2.4368e+02      1.1902e+06     
3.6251e-01      3.1302e+02      6.7893e+02      1.2246e+06     
3.6751e-01      -5.1984e+01     8.0789e+02      1.2579e+06     
3.7251e-01      -1.2288e+02     3.9185e+02      1.2923e+06     
3.7751e-01      -1.7930e+02     -4.5687e+02     1.3285e+06     
3.8251e-01      3.0939e+02      -1.1875e+02     1.3628e+06     
3.8751e-01      2.4385e+02      -5.1315e+02     1.3992e+06     
3.9251e-01      -4.8125e+00     -2.5764e+02     1.4344e+06     
3.9751e-01      1.5016e+01      -3.3301e+01     1.4730e+06     
4.0251e-01      1.1912e+02      3.8782e+02      1.5097e+06     
4.0751e-01      1.5582e+02      2.0672e+02      1.5466e+06     
4.1251e-01      1.3200e+02      4.6281e+02      1.5850e+06     
4.1751e-01      1.7061e+02      7.8105e+02      1.6236e+06     
4.2251e-01      -3.5586e+01     1.1380e+03      1.6633e+06     
4.2751e-01      5.1289e+01      7.0470e+02      1.7025e+06     
4.3251e-01      -1.5820e+02     2.7868e+02      1.7437e+06     
4.3751e-01      -7.8453e+01     2.4603e+02      1.7830e+06     
4.4251e-01      5.8711e+01      1.0019e+02      1.8248e+06     
4.4751e-01      -1.4095e+02     -1.7820e+02     1.8648e+06     
4.5251e-01      3.3839e+02      1.8590e+02      1.9067e+06     
4.5751e-01      1.9838e+02      -2.4017e+02     1.9513e+06     
4.6251e-01      -9.7656e+01     1.8511e+01      1.9925e+06     
4.6751e-01      -7.0180e+01     4.4017e+01      2.0369e+06     
4.7251e-01      5.7664e+01      -3.8856e+02     2.0795e+06     
4.7751e-01      1.1377e+02      -6.8836e+02     2.1227e+06     
4.8251e-01      1.2202e+02      -1.9179e+02     2.1704e+06     
4.8751e-01      -6.6641e+01     -5.5373e+02     2.2138e+06     
4.9251e-01      -1.6573e+02     -7.1235e+02     2.2594e+06     
4.9751e-01      -3.1141e+01     -4.7219e+02     2.3053e+06     
5.0251e-01      -1.0249e+02     -2.1118e+02     2.3530e+06     
5.0751e-01      -1.3932e+02     -6.9379e+02     2.3992e+06     
5.1251e-01      -6.6672e+01     -3.1057e+02     2.4464e+06     
5.1751e-01      -2.7171e+02     -2.9590e+02     2.4969e+06     
5.2251e-01      -1.0654e+02     -2.5176e+02     2.5441e+06     
5.2751e-01      1.5829e+02      -2.0713e+02     2.5919e+06     
5.3251e-01      5.7641e+01      4.7078e+02      2.6408e+06     
5.3751e-01      -1.2986e+02     3.1115e+02      2.6923e+06     
5.4251e-01      -3.9078e+01     -3.0268e+01     2.7415e+06     
5.4751e-01      3.5812e+01      -1.9220e+02     2.7933e+06     
5.5251e-01      5.9664e+01      -1.5236e+01     2.8443e+06     
5.5751e-01      -7.1383e+01     1.4263e+02      2.8958e+06     
5.6251e-01      1.0686e+02      -3.2673e+02     2.9476e+06     
5.6751e-01      1.3134e+02      3.5096e+02      3.0000e+06     
5.7251e-01      6.8539e+01      -3.1475e+02     3.0533e+06     
5.7751e-01      1.3474e+02      -3.6363e+02     3.1073e+06     
5.8251e-01      1.0825e+02      -7.4781e+02     3.1610e+06     
5.8751e-01      3.1992e+01      1.2020e+02      3.2158e+06     
5.9251e-01      1.6901e+02      -2.8594e+01     3.2711e+06     
5.9751e-01      -2.5680e+01     -1.1329e+02     3.3249e+06     
6.0251e-01      -5.1906e+01     -1.0806e+02     3.3828e+06     
6.0751e-01      -1.6357e+02     -3.2321e+02     3.4392e+06     
6.1251e-01      -2.2662e+02     -1.2647e+02     3.4944e+06     
6.1751e-01      -2.7777e+02     1.5978e+02      3.5519e+06     
6.2251e-01      8.1820e+01      1.2702e+02      3.6102e+06     
6.2751e-01      2.2060e+02      -1.1468e+02     3.6677e+06     
6.3251e-01      2.4895e+02      1.6286e+02      3.7272e+06     
