# k P0 P2 modes
3.7860e-03      4.1203e+04      -1.0322e+04     2.2300e+02     
8.0557e-03      1.8511e+04      -3.4938e+04     1.5160e+03     
1.2839e-02      3.5955e+04      2.7071e+04      4.1300e+03     
1.7758e-02      4.1229e+04      2.7418e+04      8.0580e+03     
2.2686e-02      3.7179e+04      8.3839e+03      1.3118e+04     
2.7645e-02      3.7378e+04      6.4217e+03      1.9784e+04     
3.2626e-02      3.0944e+04      9.3803e+03      2.7482e+04     
3.7615e-02      2.8222e+04      8.5233e+03      3.6794e+04     
4.2612e-02      2.5426e+04      1.1269e+04      4.7060e+04     
4.7588e-02      1.8779e+04      6.7399e+03      5.8466e+04     
5.2576e-02      2.0041e+04      5.8985e+03      7.1934e+04     
5.7577e-02      1.7989e+04      5.2181e+03      8.6096e+04     
6.2571e-02      1.6887e+04      7.0542e+03      1.0167e+05     
6.7564e-02      1.5926e+04      6.1216e+03      1.1849e+05     
7.2555e-02      1.1981e+04      3.0495e+03      1.3659e+05     
7.7552e-02      1.1464e+04      5.7181e+03      1.5654e+05     
8.2550e-02      1.0823e+04      7.7185e+03      1.7690e+05     
8.7547e-02      9.7900e+03      4.2353e+03      1.9940e+05     
9.2546e-02      7.9848e+03      6.6903e+03      2.2258e+05     
9.7541e-02      7.1472e+03      2.9486e+03      2.4711e+05     
1.0254e-01      6.0259e+03      2.0806e+03      2.7352e+05     
1.0754e-01      6.8042e+03      1.1915e+03      3.0053e+05     
1.1254e-01      5.6003e+03      9.8141e+02      3.2983e+05     
1.1754e-01      5.9584e+03      3.3518e+03      3.5888e+05     
1.2253e-01      6.5744e+03      2.6312e+03      3.9021e+05     
1.2753e-01      5.4077e+03      2.0773e+03      4.2301e+05     
1.3253e-01      5.4869e+03      1.0035e+02      4.5655e+05     
1.3753e-01      4.8784e+03      -6.9816e+02     4.9198e+05     
1.4253e-01      3.9758e+03      -7.1082e+02     5.2826e+05     
1.4753e-01      4.4227e+03      -1.1188e+03     5.6575e+05     
1.5253e-01      4.1724e+03      -6.9601e+02     6.0512e+05     
1.5753e-01      3.3323e+03      1.7158e+02      6.4543e+05     
1.6253e-01      3.0372e+03      -7.5491e+02     6.8727e+05     
1.6753e-01      2.6469e+03      -2.3301e+02     7.2993e+05     
1.7252e-01      1.9647e+03      -1.4298e+03     7.7319e+05     
1.7752e-01      2.5887e+03      -1.4966e+03     8.2002e+05     
1.8252e-01      3.0161e+03      -8.4772e+02     8.6670e+05     
1.8752e-01      2.0100e+03      -1.3986e+02     9.1408e+05     
1.9252e-01      1.8895e+03      5.2246e+02      9.6442e+05     
1.9752e-01      2.3161e+03      -1.0700e+03     1.0148e+06     
2.0252e-01      2.2463e+03      -7.4273e+02     1.0664e+06     
2.0752e-01      1.5844e+03      2.6328e+01      1.1195e+06     
2.1252e-01      1.0370e+03      1.4935e+03      1.1755e+06     
2.1752e-01      1.2572e+03      1.2148e+02      1.2297e+06     
2.2252e-01      1.0657e+03      -4.1386e+02     1.2877e+06     
2.2752e-01      1.7808e+03      1.8523e+03      1.3469e+06     
2.3252e-01      1.1325e+03      -7.3640e+02     1.4056e+06     
2.3752e-01      1.6095e+03      1.3864e+02      1.4678e+06     
2.4252e-01      1.0819e+03      -6.1825e+01     1.5297e+06     
2.4752e-01      1.6891e+03      -8.0338e+02     1.5934e+06     
2.5252e-01      9.5690e+02      -1.3585e+03     1.6588e+06     
2.5752e-01      5.5512e+02      -2.6849e+02     1.7236e+06     
2.6251e-01      7.5088e+02      -6.0128e+02     1.7932e+06     
2.6752e-01      5.8771e+02      -1.1623e+03     1.8613e+06     
2.7251e-01      1.1920e+03      -6.3773e+02     1.9309e+06     
2.7751e-01      7.3336e+01      2.0395e+02      2.0046e+06     
2.8252e-01      2.0260e+02      1.9731e+02      2.0749e+06     
2.8751e-01      6.4844e+02      -2.1139e+01     2.1505e+06     
2.9251e-01      8.5831e+02      3.1643e+02      2.2248e+06     
2.9751e-01      5.3668e+02      -4.8838e+02     2.3029e+06     
3.0251e-01      2.7128e+02      -2.1249e+02     2.3814e+06     
3.0751e-01      5.3845e+02      -9.2324e+02     2.4590e+06     
3.1251e-01      6.0247e+02      1.6978e+02      2.5397e+06     
3.1751e-01      6.5689e+02      -5.8264e+02     2.6231e+06     
3.2251e-01      4.4877e+02      -5.9193e+02     2.7040e+06     
3.2751e-01      3.6615e+02      6.0161e+02      2.7905e+06     
3.3251e-01      2.7038e+02      -1.4520e+00     2.8762e+06     
3.3751e-01      -1.3992e+01     2.9134e+02      2.9630e+06     
3.4251e-01      3.1440e+02      -7.2841e+02     3.0520e+06     
3.4751e-01      5.1921e+02      -1.6262e+02     3.1406e+06     
3.5251e-01      -1.6443e+02     -2.1389e+02     3.2325e+06     
3.5751e-01      2.3709e+02      -4.0820e+02     3.3242e+06     
3.6251e-01      4.2409e+02      5.6230e+02      3.4175e+06     
3.6751e-01      2.0624e+02      8.1606e+02      3.5140e+06     
3.7251e-01      -1.9229e+02     3.1708e+02      3.6094e+06     
3.7751e-01      1.7492e+01      2.6242e+02      3.7072e+06     
3.8251e-01      1.2152e+02      -1.7441e+02     3.8061e+06     
3.8751e-01      8.3297e+01      4.2388e+02      3.9054e+06     
3.9251e-01      3.2758e+02      1.7369e+02      4.0072e+06     
3.9751e-01      3.0806e+02      -3.2266e+02     4.1094e+06     
4.0251e-01      3.2859e+02      -4.1182e+02     4.2157e+06     
4.0751e-01      3.0724e+02      -4.7624e+02     4.3198e+06     
4.1251e-01      4.2285e+02      -5.3992e+02     4.4253e+06     
4.1751e-01      3.2975e+02      -5.2517e+02     4.5333e+06     
4.2251e-01      -1.2470e+02     -4.3760e+01     4.6377e+06     
