# k P0 P2 modes
3.7081e-03      2.0545e+04      8.7596e+03      1.9100e+02     
8.0186e-03      3.7944e+04      1.3364e+04      1.3800e+03     
1.2844e-02      2.5829e+04      3.4543e+03      3.7700e+03     
1.7751e-02      3.1279e+04      2.7675e+04      7.2560e+03     
2.2691e-02      3.7081e+04      3.1915e+04      1.2010e+04     
2.7661e-02      2.8110e+04      2.3225e+04      1.7924e+04     
3.2632e-02      2.5516e+04      2.4092e+04      2.4910e+04     
3.7609e-02      2.5818e+04      8.5383e+03      3.3240e+04     
4.2590e-02      2.3734e+04      1.1196e+04      4.2566e+04     
4.7584e-02      1.9874e+04      1.2095e+04      5.3478e+04     
5.2589e-02      1.6692e+04      1.2774e+04      6.5258e+04     
5.7577e-02      1.6397e+04      5.4039e+03      7.7788e+04     
6.2568e-02      1.6848e+04      6.7913e+03      9.2438e+04     
6.7564e-02      1.4168e+04      6.5646e+03      1.0741e+05     
7.2559e-02      1.5850e+04      8.7277e+03      1.2424e+05     
7.7553e-02      1.2467e+04      1.1600e+03      1.4157e+05     
8.2549e-02      9.5495e+03      5.4895e+03      1.6089e+05     
8.7547e-02      9.9001e+03      5.8338e+03      1.8054e+05     
9.2542e-02      1.0313e+04      3.7042e+03      2.0200e+05     
9.7542e-02      9.4263e+03      3.5065e+03      2.2454e+05     
1.0254e-01      6.6393e+03      1.2088e+03      2.4804e+05     
1.0754e-01      6.3464e+03      2.2917e+03      2.7288e+05     
1.1254e-01      5.9220e+03      2.1403e+03      2.9859e+05     
1.1754e-01      6.0126e+03      1.7106e+03      3.2592e+05     
1.2254e-01      6.1963e+03      2.3089e+03      3.5433e+05     
1.2753e-01      5.4165e+03      1.1839e+02      3.8342e+05     
1.3253e-01      4.0472e+03      -7.4972e+02     4.1423e+05     
1.3753e-01      3.8084e+03      3.1046e+03      4.4637e+05     
1.4253e-01      3.3181e+03      1.7706e+02      4.7956e+05     
1.4753e-01      4.4393e+03      1.6077e+03      5.1353e+05     
1.5253e-01      3.7781e+03      8.1000e+02      5.4893e+05     
1.5753e-01      3.0469e+03      1.0875e+03      5.8555e+05     
1.6253e-01      2.4052e+03      8.0801e+02      6.2309e+05     
1.6753e-01      2.7165e+03      2.8058e+03      6.6262e+05     
1.7253e-01      2.2260e+03      1.4905e+03      7.0167e+05     
1.7752e-01      2.2350e+03      1.6769e+03      7.4376e+05     
1.8252e-01      2.2137e+03      -1.4425e+02     7.8562e+05     
1.8752e-01      1.6465e+03      -7.2601e+02     8.3010e+05     
1.9252e-01      1.2488e+03      -1.1239e+03     8.7442e+05     
1.9752e-01      1.4844e+03      8.6745e+01      9.2068e+05     
2.0252e-01      1.4516e+03      5.1630e+02      9.6772e+05     
2.0752e-01      1.7235e+03      3.5832e+02      1.0166e+06     
2.1252e-01      1.3135e+03      9.2214e+02      1.0655e+06     
2.1752e-01      1.6918e+03      1.3840e+03      1.1167e+06     
2.2252e-01      1.0379e+03      -7.8070e+01     1.1679e+06     
2.2752e-01      1.0916e+03      1.1572e+02      1.2220e+06     
2.3252e-01      1.3650e+03      -2.5008e+02     1.2756e+06     
2.3752e-01      1.8515e+03      -6.2320e+02     1.3322e+06     
2.4252e-01      1.0864e+03      -1.0580e+03     1.3876e+06     
2.4752e-01      8.7136e+02      -1.4866e+03     1.4460e+06     
2.5252e-01      1.1001e+03      -1.5673e+03     1.5040e+06     
2.5752e-01      1.3753e+03      1.7789e+02      1.5648e+06     
2.6252e-01      7.7034e+02      -8.3071e+02     1.6261e+06     
2.6751e-01      3.5477e+02      -4.1834e+02     1.6885e+06     
2.7251e-01      6.2891e+02      7.8879e+02      1.7529e+06     
2.7751e-01      8.0147e+02      9.4345e+02      1.8179e+06     
2.8252e-01      4.7664e+02      2.9286e+01      1.8833e+06     
2.8752e-01      8.7961e+02      2.6882e+02      1.9511e+06     
2.9251e-01      9.7935e+02      6.5928e+02      2.0185e+06     
2.9751e-01      6.6634e+02      6.3513e+02      2.0886e+06     
3.0251e-01      3.6459e+02      -5.4363e+02     2.1598e+06     
3.0751e-01      5.5074e+02      -8.8367e+02     2.2320e+06     
3.1251e-01      5.2691e+02      -2.7679e+02     2.3040e+06     
3.1751e-01      1.2734e+02      -4.0469e+01     2.3796e+06     
3.2251e-01      -2.6862e+02     -4.7739e+02     2.4550e+06     
3.2751e-01      9.9445e+01      -1.6284e+02     2.5320e+06     
3.3251e-01      3.3338e+02      -1.6803e+02     2.6095e+06     
3.3751e-01      1.5387e+02      -4.7037e+01     2.6876e+06     
3.4251e-01      1.6073e+02      1.1926e+02      2.7682e+06     
3.4751e-01      1.7638e+02      -1.6773e+01     2.8494e+06     
3.5251e-01      1.8298e+02      -1.2294e+01     2.9332e+06     
3.5751e-01      1.5111e+02      -4.4290e+02     3.0162e+06     
3.6251e-01      1.4276e+02      -8.0200e+02     3.1017e+06     
3.6751e-01      3.9693e+02      -3.2970e+02     3.1877e+06     
3.7251e-01      1.2528e+02      2.2441e+02      3.2753e+06     
3.7751e-01      8.6641e+01      3.5085e+02      3.3626e+06     
3.8251e-01      -1.7447e+02     3.0245e+02      3.4523e+06     
3.8751e-01      1.1295e+02      -4.8634e+01     3.5442e+06     
3.9251e-01      1.1254e+02      -3.0608e+02     3.6361e+06     
3.9751e-01      1.3036e+02      -5.9555e+01     3.7286e+06     
4.0251e-01      2.6738e+02      -6.9251e+00     3.8232e+06     
4.0751e-01      2.2151e+02      -3.7260e+02     3.9189e+06     
4.1251e-01      -1.3211e+01     -4.1202e+01     4.0169e+06     
4.1751e-01      3.1062e+01      4.5835e+02      4.1126e+06     
4.2251e-01      -2.9523e+01     -2.2761e+02     4.2134e+06     
4.2751e-01      7.0320e+01      3.9877e+02      4.3129e+06     
4.3251e-01      2.0580e+02      7.4270e+02      4.4155e+06     
4.3751e-01      1.8777e+02      2.9694e+01      4.5171e+06     
4.4251e-01      1.5848e+02      -2.4361e+02     4.6208e+06     
4.4751e-01      2.5720e+02      2.6589e+02      4.7267e+06     
4.5251e-01      1.6161e+02      -2.2423e+02     4.8327e+06     
4.5751e-01      1.8558e+02      -1.9532e+02     4.9386e+06     
4.6251e-01      -7.4898e+01     -1.3878e+02     5.0482e+06     
