# k P0 P2 modes
3.7860e-03      1.8654e+04      6.6894e+04      2.2300e+02     
8.0557e-03      2.8710e+04      8.2663e+03      1.5160e+03     
1.2839e-02      3.3767e+04      1.5179e+04      4.1300e+03     
1.7758e-02      4.1880e+04      2.2692e+04      8.0580e+03     
2.2686e-02      4.3861e+04      1.2307e+03      1.3118e+04     
2.7645e-02      2.3816e+04      1.1438e+04      1.9784e+04     
3.2626e-02      2.8444e+04      1.2762e+04      2.7482e+04     
3.7615e-02      2.1259e+04      1.0171e+04      3.6794e+04     
4.2612e-02      2.4021e+04      1.0565e+04      4.7060e+04     
4.7588e-02      2.1930e+04      8.2057e+03      5.8466e+04     
5.2576e-02      1.6787e+04      9.7311e+03      7.1934e+04     
5.7577e-02      1.7235e+04      5.9388e+03      8.6096e+04     
6.2571e-02      1.5508e+04      7.5605e+03      1.0167e+05     
6.7564e-02      1.4585e+04      3.6065e+03      1.1849e+05     
7.2555e-02      1.4857e+04      3.8318e+03      1.3659e+05     
7.7552e-02      1.2543e+04      4.5972e+03      1.5654e+05     
8.2550e-02      9.6203e+03      4.1154e+03      1.7690e+05     
8.7547e-02      1.0300e+04      8.0819e+03      1.9940e+05     
9.2546e-02      9.2206e+03      -4.7084e+01     2.2258e+05     
9.7541e-02      7.5934e+03      1.4204e+03      2.4711e+05     
1.0254e-01      7.4669e+03      3.1117e+03      2.7352e+05     
1.0754e-01      6.0675e+03      3.6988e+03      3.0053e+05     
1.1254e-01      6.1275e+03      1.8177e+03      3.2983e+05     
1.1754e-01      5.7380e+03      3.1666e+03      3.5888e+05     
1.2253e-01      5.5460e+03      1.6901e+03      3.9021e+05     
1.2753e-01      5.6373e+03      5.0741e+02      4.2301e+05     
1.3253e-01      4.7982e+03      2.3160e+03      4.5655e+05     
1.3753e-01      4.8724e+03      1.5259e+02      4.9198e+05     
1.4253e-01      4.7445e+03      -5.1406e+02     5.2826e+05     
1.4753e-01      4.6026e+03      7.4977e+01      5.6575e+05     
1.5253e-01      2.9334e+03      3.5310e+02      6.0512e+05     
1.5753e-01      2.9624e+03      8.7399e+02      6.4543e+05     
1.6253e-01      3.7410e+03      2.4726e+02      6.8727e+05     
1.6753e-01      2.6357e+03      2.6202e+02      7.2993e+05     
1.7252e-01      2.5097e+03      -9.9723e+02     7.7319e+05     
1.7752e-01      3.4474e+03      -4.8090e+02     8.2002e+05     
1.8252e-01      3.7203e+03      9.6971e+02      8.6670e+05     
1.8752e-01      2.3443e+03      6.6468e+01      9.1408e+05     
1.9252e-01      2.7046e+03      -2.0428e+02     9.6442e+05     
1.9752e-01      2.4036e+03      -6.2157e+00     1.0148e+06     
2.0252e-01      2.0207e+03      8.6736e+02      1.0664e+06     
2.0752e-01      2.1411e+03      -1.4875e+02     1.1195e+06     
2.1252e-01      1.5197e+03      -8.7640e+02     1.1755e+06     
2.1752e-01      1.2386e+03      -2.9133e+02     1.2297e+06     
2.2252e-01      8.9872e+02      -4.1890e+02     1.2877e+06     
2.2752e-01      1.3996e+03      -1.7281e+03     1.3469e+06     
2.3252e-01      1.3013e+03      -1.0695e+03     1.4056e+06     
2.3752e-01      1.5370e+03      -6.3790e+02     1.4678e+06     
2.4252e-01      1.3465e+03      -1.0140e+03     1.5297e+06     
2.4752e-01      1.3421e+03      -1.7360e+02     1.5934e+06     
2.5252e-01      1.0628e+03      1.2161e+02      1.6588e+06     
2.5752e-01      7.1659e+02      -3.8473e+02     1.7236e+06     
2.6251e-01      4.5283e+02      4.7771e+02      1.7932e+06     
2.6752e-01      1.0944e+03      2.8097e+02      1.8613e+06     
2.7251e-01      5.9976e+02      8.1254e+02      1.9309e+06     
2.7751e-01      7.0812e+02      4.3372e+02      2.0046e+06     
2.8252e-01      6.1188e+02      -6.8894e+02     2.0749e+06     
2.8751e-01      4.4309e+02      -4.4026e+02     2.1505e+06     
2.9251e-01      5.3227e+02      -4.1481e+02     2.2248e+06     
2.9751e-01      3.9371e+02      -7.7710e+01     2.3029e+06     
3.0251e-01      4.9627e+02      -5.9764e+02     2.3814e+06     
3.0751e-01      3.0745e+02      -3.9448e+02     2.4590e+06     
3.1251e-01      3.4361e+02      5.6887e+01      2.5397e+06     
3.1751e-01      4.2096e+02      -1.9354e+02     2.6231e+06     
3.2251e-01      5.9383e+02      1.3881e+02      2.7040e+06     
3.2751e-01      4.1041e+02      -1.2323e+02     2.7905e+06     
3.3251e-01      4.3855e+02      2.4716e+02      2.8762e+06     
3.3751e-01      3.5511e+02      3.9250e+02      2.9630e+06     
3.4251e-01      -5.3078e+01     4.6920e+02      3.0520e+06     
3.4751e-01      2.4262e+02      -4.3895e+02     3.1406e+06     
3.5251e-01      2.6009e+02      -7.5147e+02     3.2325e+06     
3.5751e-01      4.7330e+02      -2.6475e+02     3.3242e+06     
3.6251e-01      2.8457e+02      -9.6227e+01     3.4175e+06     
3.6751e-01      2.1865e+02      4.1814e+02      3.5140e+06     
3.7251e-01      4.2249e+02      7.3639e+01      3.6094e+06     
3.7751e-01      1.8751e+02      1.0245e+02      3.7072e+06     
3.8251e-01      3.0023e+01      -1.8627e+01     3.8061e+06     
3.8751e-01      5.9383e+01      -3.4346e+01     3.9054e+06     
3.9251e-01      4.3184e+02      -3.2595e+02     4.0072e+06     
3.9751e-01      4.6359e+02      -1.1064e+02     4.1094e+06     
4.0251e-01      1.0316e+02      7.5492e+01      4.2157e+06     
4.0751e-01      2.0680e+02      7.4694e+02      4.3198e+06     
4.1251e-01      4.8637e+02      4.4781e+02      4.4253e+06     
4.1751e-01      2.9288e+02      4.8550e+01      4.5333e+06     
4.2251e-01      -1.7109e+00     -2.3762e+02     4.6377e+06     
