# k P0 P2 modes
3.7538e-03      2.6346e+03      6.7465e+04      7.7000e+01     
8.0504e-03      3.7549e+04      8.7272e+04      5.4800e+02     
1.2849e-02      4.4517e+04      4.4190e+04      1.4800e+03     
1.7752e-02      4.3806e+04      2.6951e+04      2.8720e+03     
2.2692e-02      3.5081e+04      1.4437e+04      4.7360e+03     
2.7648e-02      3.2541e+04      1.6559e+04      7.0360e+03     
3.2613e-02      2.5889e+04      1.3044e+04      9.8380e+03     
3.7611e-02      1.9747e+04      1.1680e+04      1.3208e+04     
4.2613e-02      1.8548e+04      1.2310e+04      1.6858e+04     
4.7605e-02      1.8507e+04      3.5266e+03      2.1080e+04     
5.2591e-02      2.1623e+04      2.0402e+03      2.5624e+04     
5.7568e-02      1.8445e+04      9.4001e+03      3.0728e+04     
6.2562e-02      1.5024e+04      6.4868e+03      3.6498e+04     
6.7567e-02      1.5204e+04      -9.1454e+02     4.2528e+04     
7.2573e-02      1.4383e+04      4.4632e+03      4.9152e+04     
7.7565e-02      1.0996e+04      2.2017e+03      5.5744e+04     
8.2548e-02      1.0596e+04      1.1844e+03      6.3346e+04     
8.7544e-02      1.0377e+04      1.8667e+03      7.1388e+04     
9.2544e-02      8.2834e+03      5.2060e+03      7.9762e+04     
9.7542e-02      8.7706e+03      5.4754e+03      8.8564e+04     
1.0254e-01      7.8130e+03      -2.3595e+03     9.7988e+04     
1.0754e-01      8.0251e+03      6.1824e+02      1.0771e+05     
1.1254e-01      6.1866e+03      2.8012e+03      1.1795e+05     
1.1753e-01      6.0145e+03      1.1662e+03      1.2829e+05     
1.2252e-01      4.8337e+03      1.9571e+03      1.3977e+05     
1.2753e-01      5.7941e+03      2.1457e+03      1.5195e+05     
1.3254e-01      3.3468e+03      2.7139e+02      1.6358e+05     
1.3753e-01      4.1842e+03      2.0401e+03      1.7594e+05     
1.4253e-01      5.1403e+03      1.0252e+03      1.8906e+05     
1.4753e-01      3.7803e+03      -1.7554e+03     2.0282e+05     
1.5253e-01      3.1051e+03      6.9475e+02      2.1681e+05     
1.5752e-01      3.7540e+03      -5.2270e+02     2.3088e+05     
1.6252e-01      3.3632e+03      -6.7207e+02     2.4623e+05     
1.6752e-01      3.0167e+03      5.9300e+01      2.6133e+05     
1.7252e-01      3.3741e+03      -1.2070e+03     2.7728e+05     
1.7752e-01      3.3972e+03      -6.0626e+02     2.9332e+05     
1.8252e-01      2.6642e+03      -7.5979e+02     3.1057e+05     
1.8752e-01      2.4580e+03      4.6018e+01      3.2756e+05     
1.9252e-01      2.0532e+03      -5.0964e+02     3.4527e+05     
1.9752e-01      1.5396e+03      6.5874e+02      3.6354e+05     
2.0252e-01      1.5325e+03      5.5131e+02      3.8166e+05     
2.0752e-01      1.2771e+03      -2.4254e+02     4.0085e+05     
2.1252e-01      1.1717e+03      8.4589e+01      4.2101e+05     
2.1752e-01      1.3430e+03      3.6599e+02      4.4116e+05     
2.2252e-01      1.0269e+03      -5.0759e+02     4.6130e+05     
2.2752e-01      4.9681e+02      2.3035e+02      4.8219e+05     
2.3252e-01      8.6798e+02      8.1232e+02      5.0386e+05     
2.3752e-01      1.3648e+03      5.1655e+02      5.2502e+05     
2.4252e-01      1.1869e+03      1.4668e+01      5.4795e+05     
2.4752e-01      9.2945e+02      2.1180e+02      5.7054e+05     
2.5252e-01      8.6470e+02      5.3373e+01      5.9437e+05     
2.5752e-01      1.1291e+03      2.6899e+02      6.1790e+05     
2.6252e-01      4.8649e+02      -7.4206e+01     6.4211e+05     
2.6752e-01      2.9589e+02      2.9973e+02      6.6611e+05     
2.7251e-01      7.3934e+02      3.0317e+01      6.9179e+05     
2.7752e-01      5.4189e+02      -2.5515e+02     7.1800e+05     
2.8252e-01      4.8485e+02      -5.6545e+02     7.4315e+05     
2.8752e-01      3.4721e+02      -4.6549e+02     7.7019e+05     
2.9251e-01      2.8628e+02      5.3782e+02      7.9643e+05     
2.9751e-01      4.2763e+02      -1.7039e+02     8.2482e+05     
3.0251e-01      2.6378e+02      -5.0422e+02     8.5256e+05     
3.0751e-01      8.2023e+01      -6.4035e+02     8.8037e+05     
3.1251e-01      2.6361e+02      -1.1247e+03     9.1065e+05     
3.1751e-01      2.9596e+02      -9.7406e+02     9.3900e+05     
3.2251e-01      3.3085e+02      3.9939e+02      9.6935e+05     
3.2751e-01      3.9007e+02      -1.4177e+02     9.9834e+05     
3.3251e-01      5.0298e+02      -6.1391e+02     1.0299e+06     
3.3751e-01      5.6192e+02      -2.8093e+02     1.0619e+06     
3.4251e-01      4.4555e+02      2.3267e+02      1.0933e+06     
3.4751e-01      3.7742e+01      3.8025e+02      1.1255e+06     
3.5251e-01      7.1320e+01      1.0722e+02      1.1574e+06     
3.5751e-01      -5.2117e+01     -2.9721e+02     1.1902e+06     
3.6251e-01      1.5580e+02      -6.9099e+02     1.2246e+06     
3.6751e-01      1.6077e+02      -9.0573e+02     1.2579e+06     
3.7251e-01      2.2552e+02      -4.8418e+01     1.2923e+06     
3.7751e-01      -1.4445e+02     1.8117e+02      1.3285e+06     
3.8251e-01      -9.1344e+01     -9.3126e+02     1.3628e+06     
3.8751e-01      -1.2293e+02     -2.2907e+02     1.3992e+06     
3.9251e-01      2.5757e+02      4.5536e+02      1.4344e+06     
3.9751e-01      1.7028e+02      4.1936e+02      1.4730e+06     
4.0251e-01      2.5431e+02      -3.4678e+02     1.5097e+06     
4.0751e-01      -1.0581e+02     7.5507e+02      1.5466e+06     
4.1251e-01      8.4688e+01      -2.5486e+02     1.5850e+06     
4.1751e-01      5.4711e+01      7.0544e+02      1.6236e+06     
4.2251e-01      2.8057e+02      2.8239e+02      1.6633e+06     
4.2751e-01      1.8168e+02      5.0863e+02      1.7025e+06     
4.3251e-01      1.8961e+01      -4.4089e+02     1.7437e+06     
4.3751e-01      -6.8742e+01     -6.1169e+02     1.7830e+06     
4.4251e-01      1.6023e+02      -2.1716e+02     1.8248e+06     
4.4751e-01      -9.7695e+01     2.5572e+02      1.8648e+06     
4.5251e-01      7.3445e+01      -5.9060e+01     1.9067e+06     
4.5751e-01      -1.1553e+02     -3.6357e+02     1.9513e+06     
4.6251e-01      -2.5688e+01     -6.3365e+02     1.9925e+06     
4.6751e-01      -4.0316e+02     -1.6884e+02     2.0369e+06     
4.7251e-01      -3.3360e+02     -2.5561e+02     2.0795e+06     
4.7751e-01      -2.2250e+02     -4.0049e+02     2.1227e+06     
4.8251e-01      4.9125e+01      -1.7291e+02     2.1704e+06     
4.8751e-01      -3.0334e+02     -5.4788e+02     2.2138e+06     
4.9251e-01      -1.4666e+02     -1.7026e+02     2.2594e+06     
4.9751e-01      -2.4187e+02     8.1273e+01      2.3053e+06     
5.0251e-01      -2.6774e+02     4.4566e+02      2.3530e+06     
5.0751e-01      1.9870e+02      -3.1406e+02     2.3992e+06     
5.1251e-01      -2.3414e+01     -1.0898e+02     2.4464e+06     
5.1751e-01      -4.2766e+01     2.0429e+02      2.4969e+06     
5.2251e-01      1.2565e+02      -5.3856e+01     2.5441e+06     
5.2751e-01      -7.9016e+01     1.0992e+02      2.5919e+06     
5.3251e-01      1.4539e+01      2.5486e+02      2.6408e+06     
5.3751e-01      2.8234e+01      8.3977e+01      2.6923e+06     
5.4251e-01      4.6023e+01      -2.0263e+02     2.7415e+06     
5.4751e-01      9.3938e+01      -2.8831e+01     2.7933e+06     
5.5251e-01      2.2309e+02      3.1164e+02      2.8443e+06     
5.5751e-01      1.7387e+02      -8.2919e+01     2.8958e+06     
5.6251e-01      -1.0080e+02     3.1857e+02      2.9476e+06     
5.6751e-01      -1.5873e+02     -3.6352e+01     3.0000e+06     
5.7251e-01      -1.2974e+02     -1.4507e+02     3.0533e+06     
5.7751e-01      -8.1031e+01     -2.0779e+02     3.1073e+06     
5.8251e-01      6.7742e+01      1.1773e+02      3.1610e+06     
5.8751e-01      -3.4477e+01     1.3394e+02      3.2158e+06     
5.9251e-01      -1.4041e+02     3.5785e+02      3.2711e+06     
5.9751e-01      -5.1219e+01     3.2422e+01      3.3249e+06     
6.0251e-01      8.5508e+01      3.3185e+02      3.3828e+06     
6.0751e-01      2.7777e+02      4.4472e+02      3.4392e+06     
6.1251e-01      1.1084e+02      1.6653e+02      3.4944e+06     
6.1751e-01      1.1315e+02      1.0264e+02      3.5519e+06     
6.2251e-01      1.9643e+02      -1.8118e+02     3.6102e+06     
6.2751e-01      7.7195e+01      -3.1845e+01     3.6677e+06     
6.3251e-01      9.0367e+01      -1.4740e+01     3.7272e+06     
