# k P0 P2 modes
3.7081e-03      2.9889e+04      -5.6082e+04     1.9100e+02     
8.0186e-03      1.3855e+04      2.1841e+04      1.3800e+03     
1.2844e-02      2.9797e+04      4.1427e+04      3.7700e+03     
1.7751e-02      2.6260e+04      2.5042e+04      7.2560e+03     
2.2691e-02      2.7704e+04      7.5889e+03      1.2010e+04     
2.7661e-02      3.2141e+04      1.1786e+04      1.7924e+04     
3.2632e-02      3.5177e+04      1.4797e+04      2.4910e+04     
3.7609e-02      2.7947e+04      1.5330e+04      3.3240e+04     
4.2590e-02      2.1745e+04      4.5020e+03      4.2566e+04     
4.7584e-02      1.9940e+04      3.5230e+02      5.3478e+04     
5.2589e-02      1.8337e+04      8.5844e+03      6.5258e+04     
5.7577e-02      1.8550e+04      6.1928e+03      7.7788e+04     
6.2568e-02      1.5744e+04      5.0946e+03      9.2438e+04     
6.7564e-02      1.5427e+04      3.3897e+03      1.0741e+05     
7.2559e-02      1.3537e+04      6.1529e+03      1.2424e+05     
7.7553e-02      1.4212e+04      7.8021e+03      1.4157e+05     
8.2549e-02      1.2975e+04      4.8365e+03      1.6089e+05     
8.7547e-02      1.1335e+04      3.9956e+03      1.8054e+05     
9.2542e-02      9.1106e+03      3.7027e+03      2.0200e+05     
9.7542e-02      8.1224e+03      4.4882e+03      2.2454e+05     
1.0254e-01      8.2914e+03      4.8746e+03      2.4804e+05     
1.0754e-01      7.4718e+03      1.8167e+03      2.7288e+05     
1.1254e-01      6.2607e+03      2.8251e+03      2.9859e+05     
1.1754e-01      5.5032e+03      2.5339e+03      3.2592e+05     
1.2254e-01      6.1739e+03      1.9809e+03      3.5433e+05     
1.2753e-01      5.2522e+03      3.3660e+03      3.8342e+05     
1.3253e-01      4.8324e+03      1.9012e+03      4.1423e+05     
1.3753e-01      4.7328e+03      1.0009e+03      4.4637e+05     
1.4253e-01      5.2795e+03      2.2787e+03      4.7956e+05     
1.4753e-01      4.3580e+03      4.7217e+02      5.1353e+05     
1.5253e-01      3.7330e+03      -6.1699e+02     5.4893e+05     
1.5753e-01      3.1241e+03      8.7796e+02      5.8555e+05     
1.6253e-01      3.4043e+03      2.3520e+02      6.2309e+05     
1.6753e-01      2.5819e+03      2.7216e+02      6.6262e+05     
1.7253e-01      3.3189e+03      -1.1073e+02     7.0167e+05     
1.7752e-01      2.3215e+03      1.0015e+03      7.4376e+05     
1.8252e-01      1.7668e+03      5.8518e+00      7.8562e+05     
1.8752e-01      2.6644e+03      -1.2203e+03     8.3010e+05     
1.9252e-01      1.9986e+03      1.0313e+03      8.7442e+05     
1.9752e-01      1.6657e+03      2.3311e+02      9.2068e+05     
2.0252e-01      1.9062e+03      -4.2534e+02     9.6772e+05     
2.0752e-01      2.3763e+03      1.1330e+03      1.0166e+06     
2.1252e-01      2.0879e+03      -7.8357e+02     1.0655e+06     
2.1752e-01      1.7783e+03      -1.1506e+03     1.1167e+06     
2.2252e-01      1.0177e+03      -2.5085e+01     1.1679e+06     
2.2752e-01      1.2547e+03      7.7389e+02      1.2220e+06     
2.3252e-01      1.5959e+03      3.5610e+02      1.2756e+06     
2.3752e-01      9.6930e+02      -1.0507e+02     1.3322e+06     
2.4252e-01      1.2005e+03      -4.1285e+02     1.3876e+06     
2.4752e-01      1.3654e+03      -1.1830e+03     1.4460e+06     
2.5252e-01      1.4899e+03      -3.0883e+02     1.5040e+06     
2.5752e-01      1.4794e+03      5.1940e+02      1.5648e+06     
2.6252e-01      9.2893e+02      -4.1905e+02     1.6261e+06     
2.6751e-01      5.8916e+02      -2.2386e+02     1.6885e+06     
2.7251e-01      5.7049e+02      9.4725e+02      1.7529e+06     
2.7751e-01      5.6281e+02      -7.7000e+02     1.8179e+06     
2.8252e-01      8.0197e+02      -1.7001e+03     1.8833e+06     
2.8752e-01      4.2170e+02      -1.5317e+03     1.9511e+06     
2.9251e-01      5.9035e+02      -4.4687e+01     2.0185e+06     
2.9751e-01      7.8222e+02      3.5025e+02      2.0886e+06     
3.0251e-01      5.8808e+02      2.0514e+02      2.1598e+06     
3.0751e-01      1.6532e+02      3.1085e+02      2.2320e+06     
3.1251e-01      6.8503e+02      6.7526e+02      2.3040e+06     
3.1751e-01      8.7345e+02      -2.7964e+02     2.3796e+06     
3.2251e-01      4.6553e+02      3.2693e+02      2.4550e+06     
3.2751e-01      4.2945e+02      7.9139e+02      2.5320e+06     
3.3251e-01      3.9066e+02      -2.2069e+02     2.6095e+06     
3.3751e-01      1.7695e+02      -8.3308e+01     2.6876e+06     
3.4251e-01      2.9023e+02      -7.3598e+02     2.7682e+06     
3.4751e-01      2.1166e+02      -8.5434e+02     2.8494e+06     
3.5251e-01      5.4369e+02      -6.1680e+02     2.9332e+06     
3.5751e-01      -7.2000e+01     6.8688e+01      3.0162e+06     
3.6251e-01      3.8836e+01      -2.9576e+02     3.1017e+06     
3.6751e-01      -1.7297e+01     -7.0555e+01     3.1877e+06     
3.7251e-01      3.4999e+02      -2.4476e+02     3.2753e+06     
3.7751e-01      7.4906e+01      -3.4586e+02     3.3626e+06     
3.8251e-01      -2.0280e+02     1.9680e+02      3.4523e+06     
3.8751e-01      8.9109e+01      5.3035e+02      3.5442e+06     
3.9251e-01      -7.8734e+01     -2.5474e+02     3.6361e+06     
3.9751e-01      3.5023e+01      1.4404e+02      3.7286e+06     
4.0251e-01      -4.5703e+01     6.1956e+02      3.8232e+06     
4.0751e-01      -1.9927e+02     -5.7108e+02     3.9189e+06     
4.1251e-01      1.4707e+02      -1.7785e+02     4.0169e+06     
4.1751e-01      6.4664e+01      -1.7082e+01     4.1126e+06     
4.2251e-01      6.5625e+01      -5.2826e+02     4.2134e+06     
4.2751e-01      2.5758e+01      -4.2127e+02     4.3129e+06     
4.3251e-01      7.5359e+01      -2.5870e+02     4.4155e+06     
4.3751e-01      1.6059e+02      2.9663e+02      4.5171e+06     
4.4251e-01      -4.0000e+00     -3.1384e+02     4.6208e+06     
4.4751e-01      3.0516e+01      1.3378e+02      4.7267e+06     
4.5251e-01      -3.9344e+01     2.6107e+02      4.8327e+06     
4.5751e-01      -1.2179e+02     -6.5069e+01     4.9386e+06     
4.6251e-01      9.2109e+00      5.5241e+01      5.0482e+06     
