# k P0 P2 modes
3.7054e-03      9.2251e+03      -1.8083e+04     8.3000e+01     
8.0027e-03      3.7392e+04      4.9524e+04      5.9600e+02     
1.2850e-02      3.3042e+04      1.6356e+04      1.6480e+03     
1.7764e-02      2.8289e+04      1.8837e+04      3.1560e+03     
2.2684e-02      4.0510e+04      1.5046e+04      5.1760e+03     
2.7646e-02      3.0497e+04      6.1627e+03      7.8040e+03     
3.2636e-02      2.3988e+04      8.8496e+03      1.0874e+04     
3.7623e-02      2.7121e+04      1.2802e+04      1.4442e+04     
4.2607e-02      2.1172e+04      9.7607e+03      1.8544e+04     
4.7584e-02      1.7882e+04      6.6621e+03      2.3040e+04     
5.2572e-02      1.5510e+04      4.7746e+03      2.8366e+04     
5.7566e-02      1.5750e+04      8.9875e+03      3.3818e+04     
6.2559e-02      1.6812e+04      6.8039e+03      4.0130e+04     
6.7563e-02      1.4923e+04      4.9852e+03      4.6838e+04     
7.2561e-02      1.4288e+04      3.7389e+03      5.3826e+04     
7.7552e-02      1.1792e+04      5.1844e+03      6.1584e+04     
8.2550e-02      1.0691e+04      1.1479e+03      6.9864e+04     
8.7545e-02      1.0357e+04      3.3430e+03      7.8404e+04     
9.2544e-02      7.6669e+03      3.3445e+03      8.7902e+04     
9.7542e-02      7.3727e+03      4.6832e+03      9.7310e+04     
1.0253e-01      6.8169e+03      2.4485e+03      1.0772e+05     
1.0754e-01      7.3279e+03      7.6659e+02      1.1865e+05     
1.1254e-01      5.8785e+03      1.2750e+03      1.2991e+05     
1.1754e-01      7.1317e+03      1.1947e+03      1.4138e+05     
1.2253e-01      6.1271e+03      2.1433e+03      1.5396e+05     
1.2753e-01      5.4691e+03      1.2521e+03      1.6672e+05     
1.3253e-01      5.2443e+03      1.7067e+02      1.7981e+05     
1.3753e-01      5.3093e+03      2.7032e+03      1.9428e+05     
1.4253e-01      4.2653e+03      4.6638e+02      2.0777e+05     
1.4753e-01      4.4648e+03      2.9491e+03      2.2328e+05     
1.5253e-01      3.8887e+03      1.6109e+03      2.3850e+05     
1.5753e-01      3.3145e+03      4.1631e+02      2.5444e+05     
1.6253e-01      2.7555e+03      -2.2943e+03     2.7068e+05     
1.6753e-01      2.7036e+03      -1.0520e+03     2.8771e+05     
1.7253e-01      2.7358e+03      -6.1466e+02     3.0520e+05     
1.7753e-01      2.0779e+03      6.7750e+02      3.2301e+05     
1.8253e-01      1.6776e+03      -5.8642e+02     3.4181e+05     
1.8753e-01      2.2886e+03      7.2661e+02      3.6002e+05     
1.9252e-01      1.8727e+03      -5.8238e+02     3.7973e+05     
1.9752e-01      2.2185e+03      3.9508e+02      3.9966e+05     
2.0251e-01      1.8999e+03      2.8545e+02      4.2032e+05     
2.0752e-01      1.7770e+03      8.6283e+02      4.4207e+05     
2.1252e-01      1.7647e+03      7.3415e+02      4.6264e+05     
2.1752e-01      1.2491e+03      -2.0317e+02     4.8582e+05     
2.2252e-01      1.4614e+03      7.0986e+01      5.0730e+05     
2.2752e-01      9.9451e+02      -3.4959e+02     5.3078e+05     
2.3252e-01      1.3972e+03      -8.8489e+02     5.5452e+05     
2.3752e-01      1.0489e+03      -4.4996e+02     5.7801e+05     
2.4252e-01      1.1286e+03      -8.5055e+02     6.0327e+05     
2.4752e-01      1.3236e+03      -1.7892e+02     6.2775e+05     
2.5252e-01      5.0585e+02      -4.8999e+02     6.5330e+05     
2.5751e-01      2.1827e+02      -1.1231e+02     6.7990e+05     
2.6251e-01      8.9264e+02      3.7014e+02      7.0609e+05     
2.6751e-01      8.4562e+02      -1.1908e+02     7.3426e+05     
2.7251e-01      8.9232e+02      -9.9931e+02     7.6119e+05     
2.7751e-01      8.8125e+02      3.0476e+01      7.8997e+05     
2.8252e-01      3.0994e+02      -5.1078e+02     8.1825e+05     
2.8751e-01      8.0362e+02      -1.6968e+02     8.4702e+05     
2.9251e-01      5.8934e+02      -6.7894e+02     8.7700e+05     
2.9751e-01      6.6406e+02      -4.7045e+02     9.0860e+05     
3.0252e-01      4.7316e+02      8.5295e+01      9.3780e+05     
3.0752e-01      3.8609e+02      -3.3624e+02     9.6971e+05     
3.1251e-01      5.0773e+01      -5.3546e+01     9.9996e+05     
3.1751e-01      -3.8164e+01     -3.7952e+02     1.0341e+06     
3.2251e-01      1.8879e+02      -2.7419e+02     1.0664e+06     
3.2751e-01      6.2227e+02      -5.4006e+02     1.1003e+06     
3.3251e-01      5.0280e+02      5.6555e+02      1.1331e+06     
3.3751e-01      1.5584e+02      -4.0597e+02     1.1681e+06     
3.4251e-01      -1.7242e+01     -1.4388e+02     1.2033e+06     
3.4751e-01      6.4141e+01      -8.0453e+01     1.2379e+06     
3.5251e-01      -2.6805e+02     5.1957e+01      1.2741e+06     
3.5751e-01      -1.4405e+02     3.8935e+02      1.3102e+06     
3.6251e-01      4.6037e+02      -1.0676e+02     1.3469e+06     
3.6751e-01      3.9563e+02      -3.9945e+02     1.3853e+06     
3.7251e-01      -1.0948e+02     -1.5272e+02     1.4223e+06     
3.7751e-01      8.6344e+01      -9.5644e+02     1.4612e+06     
3.8251e-01      -1.3159e+02     -6.1637e+02     1.4995e+06     
3.8751e-01      1.1073e+02      -5.8625e+02     1.5397e+06     
3.9251e-01      2.8047e+00      -3.3652e+02     1.5799e+06     
3.9751e-01      1.4015e+02      -5.5896e+02     1.6194e+06     
4.0251e-01      1.2146e+02      -1.0274e+03     1.6615e+06     
4.0751e-01      -9.8859e+01     -4.0625e+02     1.7017e+06     
4.1251e-01      4.8756e+02      -3.0216e+02     1.7450e+06     
4.1751e-01      2.8156e+01      -1.3639e+02     1.7875e+06     
4.2251e-01      1.7720e+02      1.4844e+01      1.8304e+06     
4.2751e-01      -6.5867e+01     -1.8902e+02     1.8737e+06     
4.3251e-01      3.9487e+02      -4.1714e+02     1.9186e+06     
4.3751e-01      8.7492e+01      -2.1063e+02     1.9624e+06     
4.4251e-01      -1.7760e+02     -4.3149e+02     2.0069e+06     
4.4751e-01      -1.3105e+02     9.9636e+00      2.0536e+06     
4.5251e-01      -1.2484e+01     -4.1471e+00     2.0998e+06     
4.5751e-01      2.0570e+02      2.1886e+01      2.1451e+06     
4.6251e-01      4.0320e+01      -5.4735e+01     2.1922e+06     
4.6751e-01      -3.3922e+01     3.8637e+02      2.2404e+06     
4.7251e-01      1.6664e+01      7.9025e+01      2.2901e+06     
4.7751e-01      1.5309e+02      -4.1135e+02     2.3384e+06     
4.8251e-01      -8.2680e+01     -1.7261e+02     2.3869e+06     
4.8751e-01      -1.7002e+02     4.3310e+02      2.4358e+06     
4.9251e-01      -2.3719e+01     6.2339e+02      2.4872e+06     
4.9751e-01      -2.0691e+02     3.9790e+02      2.5389e+06     
5.0251e-01      2.4652e+02      -8.5951e+01     2.5888e+06     
5.0751e-01      1.4215e+02      2.3714e+02      2.6410e+06     
5.1251e-01      -6.9531e+01     6.1905e+01      2.6914e+06     
5.1751e-01      -1.8445e+02     3.0616e+02      2.7449e+06     
5.2251e-01      2.3930e+01      1.5326e+02      2.8001e+06     
5.2751e-01      -2.6521e+02     5.1849e+02      2.8530e+06     
5.3251e-01      -3.7500e+01     6.7508e+01      2.9080e+06     
5.3751e-01      -1.5027e+02     4.5685e+02      2.9615e+06     
5.4251e-01      3.8180e+01      1.6142e+02      3.0181e+06     
5.4751e-01      -7.1039e+01     -2.0622e+02     3.0734e+06     
5.5251e-01      -9.0758e+01     5.2256e+02      3.1297e+06     
5.5751e-01      -6.9125e+01     -1.7562e+02     3.1876e+06     
5.6251e-01      -6.6594e+01     -1.2861e+02     3.2433e+06     
5.6751e-01      -8.2453e+01     -1.6384e+02     3.3011e+06     
5.7251e-01      5.4195e+01      1.3377e+02      3.3601e+06     
