# k P0 P2 modes
3.7538e-03      1.1063e+05      7.3716e+03      7.7000e+01     
8.0504e-03      3.6997e+04      5.1068e+04      5.4800e+02     
1.2849e-02      5.7485e+04      2.6097e+03      1.4800e+03     
1.7752e-02      3.4959e+04      1.6478e+04      2.8720e+03     
2.2692e-02      3.5612e+04      3.6607e+04      4.7360e+03     
2.7648e-02      2.6132e+04      6.7773e+03      7.0360e+03     
3.2613e-02      2.5973e+04      1.6830e+04      9.8380e+03     
3.7611e-02      2.3465e+04      2.5792e+04      1.3208e+04     
4.2613e-02      1.9644e+04      9.4911e+03      1.6858e+04     
4.7605e-02      1.9155e+04      5.8817e+03      2.1080e+04     
5.2591e-02      1.5528e+04      8.2735e+02      2.5624e+04     
5.7568e-02      1.7145e+04      3.8434e+03      3.0728e+04     
6.2562e-02      1.6060e+04      6.0385e+03      3.6498e+04     
6.7567e-02      1.5712e+04      7.9738e+03      4.2528e+04     
7.2573e-02      1.4340e+04      5.2263e+03      4.9152e+04     
7.7565e-02      1.2949e+04      4.7898e+03      5.5744e+04     
8.2548e-02      1.2338e+04      3.3676e+03      6.3346e+04     
8.7544e-02      9.0176e+03      4.4894e+02      7.1388e+04     
9.2544e-02      7.4608e+03      6.9548e+02      7.9762e+04     
9.7542e-02      8.3157e+03      2.7761e+03      8.8564e+04     
1.0254e-01      7.3290e+03      2.7179e+03      9.7988e+04     
1.0754e-01      5.9832e+03      5.2864e+03      1.0771e+05     
1.1254e-01      6.7346e+03      3.8676e+03      1.1795e+05     
1.1753e-01      6.8564e+03      1.7488e+03      1.2829e+05     
1.2252e-01      6.4336e+03      1.7577e+03      1.3977e+05     
1.2753e-01      4.8855e+03      3.3717e+03      1.5195e+05     
1.3254e-01      5.3050e+03      2.9725e+03      1.6358e+05     
1.3753e-01      4.6793e+03      1.6937e+03      1.7594e+05     
1.4253e-01      4.5318e+03      4.4826e+02      1.8906e+05     
1.4753e-01      4.4050e+03      2.0360e+03      2.0282e+05     
1.5253e-01      4.1291e+03      1.5492e+02      2.1681e+05     
1.5752e-01      4.2120e+03      1.9717e+03      2.3088e+05     
1.6252e-01      2.6454e+03      1.0125e+03      2.4623e+05     
1.6752e-01      2.7142e+03      1.3674e+03      2.6133e+05     
1.7252e-01      2.7827e+03      1.5351e+03      2.7728e+05     
1.7752e-01      2.9821e+03      6.8862e+02      2.9332e+05     
1.8252e-01      3.1760e+03      2.0820e+03      3.1057e+05     
1.8752e-01      2.6466e+03      -7.5273e+02     3.2756e+05     
1.9252e-01      2.6946e+03      4.2791e+02      3.4527e+05     
1.9752e-01      1.9062e+03      1.6348e+03      3.6354e+05     
2.0252e-01      2.1836e+03      -1.9552e+02     3.8166e+05     
2.0752e-01      1.4497e+03      5.9961e+01      4.0085e+05     
2.1252e-01      1.2271e+03      -9.4956e+00     4.2101e+05     
2.1752e-01      9.9952e+02      7.1751e+02      4.4116e+05     
2.2252e-01      8.4553e+02      -9.4038e+02     4.6130e+05     
2.2752e-01      1.0602e+03      -8.0195e+02     4.8219e+05     
2.3252e-01      1.5178e+03      1.8373e+02      5.0386e+05     
2.3752e-01      1.1447e+03      6.8792e+02      5.2502e+05     
2.4252e-01      8.1543e+02      9.0936e+02      5.4795e+05     
2.4752e-01      1.4340e+03      8.1563e+02      5.7054e+05     
2.5252e-01      1.4561e+03      3.4002e+02      5.9437e+05     
2.5752e-01      1.4019e+03      2.5999e+02      6.1790e+05     
2.6252e-01      9.9573e+02      1.0367e+03      6.4211e+05     
2.6752e-01      8.7172e+02      6.6489e+02      6.6611e+05     
2.7251e-01      1.3373e+03      -1.1809e+02     6.9179e+05     
2.7752e-01      1.1260e+03      5.6347e+02      7.1800e+05     
2.8252e-01      9.2218e+02      7.9525e+02      7.4315e+05     
2.8752e-01      1.1102e+03      1.7317e+01      7.7019e+05     
2.9251e-01      1.2271e+03      -9.3513e+01     7.9643e+05     
2.9751e-01      6.5855e+02      9.5025e+02      8.2482e+05     
3.0251e-01      5.4758e+02      -4.0981e+02     8.5256e+05     
3.0751e-01      6.6296e+02      -9.9296e+02     8.8037e+05     
3.1251e-01      1.0885e+03      -5.0797e+02     9.1065e+05     
3.1751e-01      5.4666e+02      -1.2185e+03     9.3900e+05     
3.2251e-01      4.4170e+02      -3.7629e+02     9.6935e+05     
3.2751e-01      6.9824e+02      -5.1825e+02     9.9834e+05     
3.3251e-01      1.4514e+02      -3.3192e+02     1.0299e+06     
3.3751e-01      1.8680e+02      -1.1852e+01     1.0619e+06     
3.4251e-01      6.8841e+02      2.5442e+02      1.0933e+06     
3.4751e-01      7.2796e+02      -1.1160e+03     1.1255e+06     
3.5251e-01      3.9114e+02      -8.5620e+02     1.1574e+06     
3.5751e-01      2.4258e+02      -1.4651e+02     1.1902e+06     
3.6251e-01      4.5149e+02      -2.3912e+02     1.2246e+06     
3.6751e-01      1.0552e+02      -8.3244e+02     1.2579e+06     
3.7251e-01      2.2600e+02      8.8328e+02      1.2923e+06     
3.7751e-01      -3.6031e+01     5.8850e+02      1.3285e+06     
3.8251e-01      -6.8516e+01     2.8049e+02      1.3628e+06     
3.8751e-01      3.9985e+02      3.2190e+02      1.3992e+06     
3.9251e-01      2.9784e+02      -6.1827e+02     1.4344e+06     
3.9751e-01      1.6979e+02      1.9225e+02      1.4730e+06     
4.0251e-01      -2.5111e+02     -1.5143e+02     1.5097e+06     
4.0751e-01      1.8308e+02      -4.9504e+02     1.5466e+06     
4.1251e-01      3.6224e+02      -4.2370e+02     1.5850e+06     
4.1751e-01      -1.6219e+01     -5.7260e+01     1.6236e+06     
4.2251e-01      1.3966e+02      -9.4329e+01     1.6633e+06     
4.2751e-01      5.8438e+00      5.9399e+02      1.7025e+06     
4.3251e-01      1.9857e+02      6.8781e+01      1.7437e+06     
4.3751e-01      3.7086e+01      2.2720e+02      1.7830e+06     
4.4251e-01      -6.0758e+01     6.3234e+02      1.8248e+06     
4.4751e-01      2.6192e+02      4.9450e+02      1.8648e+06     
4.5251e-01      2.0455e+02      -2.6131e+02     1.9067e+06     
4.5751e-01      1.7322e+02      -1.5279e+02     1.9513e+06     
4.6251e-01      4.1615e+02      4.2743e+02      1.9925e+06     
4.6751e-01      4.6250e+01      2.1773e+02      2.0369e+06     
4.7251e-01      4.3336e+01      2.5488e+02      2.0795e+06     
4.7751e-01      -1.3692e+02     -6.3808e+01     2.1227e+06     
4.8251e-01      2.9766e+01      6.4854e+02      2.1704e+06     
4.8751e-01      1.0363e+02      2.9242e+02      2.2138e+06     
4.9251e-01      -1.4198e+02     -1.2339e+02     2.2594e+06     
4.9751e-01      3.2484e+01      -1.9053e+01     2.3053e+06     
5.0251e-01      1.0065e+02      4.5360e+02      2.3530e+06     
5.0751e-01      -7.0703e+00     -4.8052e+01     2.3992e+06     
5.1251e-01      -1.5334e+02     -5.1866e+02     2.4464e+06     
5.1751e-01      1.4775e+02      -2.5200e+02     2.4969e+06     
5.2251e-01      3.9172e+01      3.3666e+01      2.5441e+06     
5.2751e-01      8.8305e+01      -2.9099e+02     2.5919e+06     
5.3251e-01      2.0953e+01      1.8899e+02      2.6408e+06     
5.3751e-01      -1.6595e+02     3.7583e+02      2.6923e+06     
5.4251e-01      -1.9080e+02     4.6533e+02      2.7415e+06     
5.4751e-01      3.3672e+01      3.9092e+02      2.7933e+06     
5.5251e-01      -7.1305e+01     -2.5660e+01     2.8443e+06     
5.5751e-01      -8.8031e+01     1.2152e+02      2.8958e+06     
5.6251e-01      -5.8055e+01     3.7516e+02      2.9476e+06     
5.6751e-01      7.9062e+01      9.6747e+01      3.0000e+06     
5.7251e-01      2.2633e+01      1.2591e+01      3.0533e+06     
5.7751e-01      1.7383e+02      -1.8919e+02     3.1073e+06     
5.8251e-01      2.2718e+02      -4.3999e+02     3.1610e+06     
5.8751e-01      9.8438e+01      8.1017e+01      3.2158e+06     
5.9251e-01      7.9430e+01      1.5045e+02      3.2711e+06     
5.9751e-01      1.8184e+02      -2.7234e+02     3.3249e+06     
6.0251e-01      9.4594e+01      -7.9903e+01     3.3828e+06     
6.0751e-01      2.2130e+02      2.8791e+02      3.4392e+06     
6.1251e-01      1.0827e+02      -1.0012e+02     3.4944e+06     
6.1751e-01      3.9133e+01      4.6253e+02      3.5519e+06     
6.2251e-01      -3.2633e+01     1.1434e+02      3.6102e+06     
6.2751e-01      9.5633e+01      5.8279e+02      3.6677e+06     
6.3251e-01      -2.8240e+02     2.1961e+02      3.7272e+06     
