# k P0 P2 modes
3.7081e-03      4.2567e+03      2.0624e+04      1.9100e+02     
8.0186e-03      2.8499e+04      1.1887e+04      1.3800e+03     
1.2844e-02      2.8299e+04      1.4567e+04      3.7700e+03     
1.7751e-02      4.6012e+04      4.0307e+04      7.2560e+03     
2.2691e-02      4.2676e+04      2.3041e+04      1.2010e+04     
2.7661e-02      3.9300e+04      9.6600e+02      1.7924e+04     
3.2632e-02      3.0303e+04      1.1474e+04      2.4910e+04     
3.7609e-02      2.9996e+04      1.5439e+04      3.3240e+04     
4.2590e-02      2.5600e+04      1.8393e+04      4.2566e+04     
4.7584e-02      2.0768e+04      1.2717e+04      5.3478e+04     
5.2589e-02      2.0982e+04      8.2687e+03      6.5258e+04     
5.7577e-02      1.8936e+04      6.7256e+03      7.7788e+04     
6.2568e-02      1.7573e+04      6.1285e+03      9.2438e+04     
6.7564e-02      1.4387e+04      7.6930e+03      1.0741e+05     
7.2559e-02      1.2616e+04      8.5359e+03      1.2424e+05     
7.7553e-02      1.1720e+04      3.8052e+03      1.4157e+05     
8.2549e-02      1.0394e+04      2.9807e+03      1.6089e+05     
8.7547e-02      8.2346e+03      3.4165e+03      1.8054e+05     
9.2542e-02      9.7767e+03      7.0910e+03      2.0200e+05     
9.7542e-02      8.2951e+03      3.9568e+03      2.2454e+05     
1.0254e-01      7.6605e+03      1.0910e+03      2.4804e+05     
1.0754e-01      6.6408e+03      2.6000e+02      2.7288e+05     
1.1254e-01      5.9348e+03      2.2903e+03      2.9859e+05     
1.1754e-01      5.7836e+03      2.0272e+03      3.2592e+05     
1.2254e-01      6.5840e+03      5.8355e+02      3.5433e+05     
1.2753e-01      6.8246e+03      9.8808e+02      3.8342e+05     
1.3253e-01      5.1628e+03      1.8609e+03      4.1423e+05     
1.3753e-01      4.9157e+03      1.5679e+03      4.4637e+05     
1.4253e-01      4.4744e+03      1.4706e+02      4.7956e+05     
1.4753e-01      4.6979e+03      1.7790e+03      5.1353e+05     
1.5253e-01      4.3310e+03      5.7642e+02      5.4893e+05     
1.5753e-01      4.7399e+03      2.7319e+03      5.8555e+05     
1.6253e-01      4.1601e+03      2.4935e+03      6.2309e+05     
1.6753e-01      3.5771e+03      -3.9484e+02     6.6262e+05     
1.7253e-01      2.4656e+03      5.0072e+02      7.0167e+05     
1.7752e-01      2.7820e+03      9.3357e+02      7.4376e+05     
1.8252e-01      2.5709e+03      1.5004e+03      7.8562e+05     
1.8752e-01      1.4914e+03      4.0535e+02      8.3010e+05     
1.9252e-01      1.9399e+03      -4.1159e+02     8.7442e+05     
1.9752e-01      2.3713e+03      -1.2353e+03     9.2068e+05     
2.0252e-01      1.7167e+03      3.6948e+01      9.6772e+05     
2.0752e-01      1.6463e+03      -8.8523e+02     1.0166e+06     
2.1252e-01      1.1822e+03      -8.2886e+02     1.0655e+06     
2.1752e-01      1.4611e+03      2.0302e+01      1.1167e+06     
2.2252e-01      1.2579e+03      -3.5169e+02     1.1679e+06     
2.2752e-01      1.0688e+03      -1.2584e+03     1.2220e+06     
2.3252e-01      1.4490e+03      -1.8158e+02     1.2756e+06     
2.3752e-01      1.2017e+03      -1.9551e+01     1.3322e+06     
2.4252e-01      1.7286e+03      -3.0303e+02     1.3876e+06     
2.4752e-01      1.0155e+03      1.1535e+03      1.4460e+06     
2.5252e-01      9.1661e+02      1.3626e+03      1.5040e+06     
2.5752e-01      6.6973e+02      1.0413e+03      1.5648e+06     
2.6252e-01      8.4720e+02      -2.8499e+02     1.6261e+06     
2.6751e-01      1.3118e+03      -1.2947e+02     1.6885e+06     
2.7251e-01      9.7209e+02      8.7740e+02      1.7529e+06     
2.7751e-01      6.3727e+02      1.5277e+02      1.8179e+06     
2.8252e-01      8.5514e+02      -2.4213e+01     1.8833e+06     
2.8752e-01      1.0187e+03      4.0483e+02      1.9511e+06     
2.9251e-01      6.6718e+02      2.8194e+02      2.0185e+06     
2.9751e-01      8.0738e+02      6.3725e+02      2.0886e+06     
3.0251e-01      6.2631e+02      3.0606e+02      2.1598e+06     
3.0751e-01      3.8210e+02      -4.6463e+02     2.2320e+06     
3.1251e-01      4.5084e+02      3.7505e+02      2.3040e+06     
3.1751e-01      3.5485e+02      -3.5923e+02     2.3796e+06     
3.2251e-01      3.4944e+02      -5.6698e+01     2.4550e+06     
3.2751e-01      5.3040e+02      1.0811e+02      2.5320e+06     
3.3251e-01      -1.2322e+02     4.1986e+01      2.6095e+06     
3.3751e-01      5.1641e+01      -4.5268e+02     2.6876e+06     
3.4251e-01      5.3341e+02      -6.3912e+02     2.7682e+06     
3.4751e-01      2.9201e+02      -5.7357e+02     2.8494e+06     
3.5251e-01      1.9388e+02      -2.9197e+02     2.9332e+06     
3.5751e-01      4.9695e+02      -9.3737e+02     3.0162e+06     
3.6251e-01      -5.8750e+01     -9.6239e+02     3.1017e+06     
3.6751e-01      1.6247e+02      -5.1523e+02     3.1877e+06     
3.7251e-01      4.6187e+02      -6.1293e+02     3.2753e+06     
3.7751e-01      4.2167e+02      -2.1289e+02     3.3626e+06     
3.8251e-01      2.2658e+02      2.7817e+02      3.4523e+06     
3.8751e-01      1.5565e+02      -1.8014e+02     3.5442e+06     
3.9251e-01      3.9984e+01      -2.4942e+02     3.6361e+06     
3.9751e-01      -3.2531e+01     7.9298e+00      3.7286e+06     
4.0251e-01      2.2523e+02      4.8657e+02      3.8232e+06     
4.0751e-01      3.8797e+02      -2.0566e+02     3.9189e+06     
4.1251e-01      1.7020e+02      -1.3137e+02     4.0169e+06     
4.1751e-01      6.5914e+01      2.4033e+02      4.1126e+06     
4.2251e-01      -1.1798e+02     -3.0337e+02     4.2134e+06     
4.2751e-01      -2.5234e+01     -8.4325e+02     4.3129e+06     
4.3251e-01      -1.9205e+02     -2.5443e+02     4.4155e+06     
4.3751e-01      -4.3790e+02     -3.5249e+02     4.5171e+06     
4.4251e-01      1.6125e+02      -7.1657e+02     4.6208e+06     
4.4751e-01      1.2203e+02      8.5604e+00      4.7267e+06     
4.5251e-01      1.8695e+02      7.1355e+02      4.8327e+06     
4.5751e-01      -6.3859e+01     2.7265e+02      4.9386e+06     
4.6251e-01      -9.0430e+01     4.3311e+02      5.0482e+06     
