# k P0 P2 modes
3.7538e-03      7.5332e+04      3.1321e+04      7.7000e+01     
8.0504e-03      2.7827e+04      -3.7751e+03     5.4800e+02     
1.2849e-02      3.3070e+04      -2.1971e+04     1.4800e+03     
1.7752e-02      3.5707e+04      1.5502e+04      2.8720e+03     
2.2692e-02      2.6477e+04      1.5187e+04      4.7360e+03     
2.7648e-02      3.3325e+04      1.4735e+04      7.0360e+03     
3.2613e-02      2.8772e+04      1.1558e+04      9.8380e+03     
3.7611e-02      2.1635e+04      9.0166e+03      1.3208e+04     
4.2613e-02      2.2390e+04      7.4502e+02      1.6858e+04     
4.7605e-02      2.2565e+04      1.4161e+04      2.1080e+04     
5.2591e-02      2.1796e+04      1.3088e+04      2.5624e+04     
5.7568e-02      1.6544e+04      1.1070e+04      3.0728e+04     
6.2562e-02      1.5833e+04      5.2310e+03      3.6498e+04     
6.7567e-02      1.7008e+04      4.7851e+03      4.2528e+04     
7.2573e-02      1.5213e+04      3.9699e+03      4.9152e+04     
7.7565e-02      1.3069e+04      3.6640e+03      5.5744e+04     
8.2548e-02      1.1069e+04      2.7020e+03      6.3346e+04     
8.7544e-02      9.2688e+03      1.9254e+03      7.1388e+04     
9.2544e-02      8.7286e+03      -1.6927e+03     7.9762e+04     
9.7542e-02      8.3895e+03      1.8882e+03      8.8564e+04     
1.0254e-01      7.9835e+03      1.1897e+03      9.7988e+04     
1.0754e-01      6.5357e+03      1.9027e+03      1.0771e+05     
1.1254e-01      5.4928e+03      2.0412e+03      1.1795e+05     
1.1753e-01      6.6883e+03      2.6683e+03      1.2829e+05     
1.2252e-01      5.8245e+03      2.7442e+03      1.3977e+05     
1.2753e-01      5.9680e+03      2.5155e+03      1.5195e+05     
1.3254e-01      5.6247e+03      2.1227e+03      1.6358e+05     
1.3753e-01      4.7387e+03      8.5765e+02      1.7594e+05     
1.4253e-01      5.2743e+03      3.0344e+03      1.8906e+05     
1.4753e-01      4.5165e+03      -3.3251e+02     2.0282e+05     
1.5253e-01      3.9494e+03      -3.1245e+02     2.1681e+05     
1.5752e-01      4.2681e+03      -9.0225e+02     2.3088e+05     
1.6252e-01      3.8699e+03      3.6370e+02      2.4623e+05     
1.6752e-01      2.5596e+03      7.0691e+02      2.6133e+05     
1.7252e-01      2.1602e+03      2.0615e+03      2.7728e+05     
1.7752e-01      1.8106e+03      6.0558e+02      2.9332e+05     
1.8252e-01      2.4727e+03      1.1740e+03      3.1057e+05     
1.8752e-01      2.6171e+03      1.4675e+03      3.2756e+05     
1.9252e-01      2.3780e+03      4.9992e+02      3.4527e+05     
1.9752e-01      1.7458e+03      -8.8937e+02     3.6354e+05     
2.0252e-01      2.9453e+03      -1.6283e+01     3.8166e+05     
2.0752e-01      2.4849e+03      -2.9598e+02     4.0085e+05     
2.1252e-01      1.9691e+03      5.6730e+02      4.2101e+05     
2.1752e-01      1.8531e+03      4.0152e+02      4.4116e+05     
2.2252e-01      1.9455e+03      3.3699e+02      4.6130e+05     
2.2752e-01      1.5556e+03      -5.1805e+02     4.8219e+05     
2.3252e-01      1.5743e+03      1.6500e+03      5.0386e+05     
2.3752e-01      1.5029e+03      1.8935e+03      5.2502e+05     
2.4252e-01      1.3218e+03      -3.9559e+02     5.4795e+05     
2.4752e-01      1.0819e+03      9.5538e+02      5.7054e+05     
2.5252e-01      1.3057e+03      -6.3402e+02     5.9437e+05     
2.5752e-01      9.0207e+02      1.1434e+03      6.1790e+05     
2.6252e-01      1.2731e+03      -2.5291e+02     6.4211e+05     
2.6752e-01      9.8161e+02      4.4882e+02      6.6611e+05     
2.7251e-01      6.6782e+02      1.0625e+03      6.9179e+05     
2.7752e-01      9.3420e+02      -8.0909e+02     7.1800e+05     
2.8252e-01      7.9944e+02      -2.0455e+01     7.4315e+05     
2.8752e-01      5.1753e+02      -2.5543e+02     7.7019e+05     
2.9251e-01      6.4080e+02      -5.3082e+02     7.9643e+05     
2.9751e-01      6.6802e+02      -4.6196e+02     8.2482e+05     
3.0251e-01      4.9127e+02      -1.4476e+01     8.5256e+05     
3.0751e-01      7.6905e+02      2.8887e+02      8.8037e+05     
3.1251e-01      5.2440e+02      9.2345e+02      9.1065e+05     
3.1751e-01      6.7423e+02      1.0412e+03      9.3900e+05     
3.2251e-01      4.6995e+02      7.2335e+01      9.6935e+05     
3.2751e-01      5.2100e+02      -2.2167e+02     9.9834e+05     
3.3251e-01      3.8217e+02      -5.2027e+02     1.0299e+06     
3.3751e-01      1.2904e+02      2.9424e+02      1.0619e+06     
3.4251e-01      4.6625e+01      -2.6654e+02     1.0933e+06     
3.4751e-01      1.0531e+02      -4.0443e+02     1.1255e+06     
3.5251e-01      1.1223e+02      2.7691e+02      1.1574e+06     
3.5751e-01      5.3750e+00      9.4216e+01      1.1902e+06     
3.6251e-01      1.8930e+01      -9.4706e+01     1.2246e+06     
3.6751e-01      -2.2934e+02     2.3353e+02      1.2579e+06     
3.7251e-01      1.0932e+02      9.3172e+01      1.2923e+06     
3.7751e-01      3.7848e+02      6.4535e+02      1.3285e+06     
3.8251e-01      2.4160e+02      1.0903e+03      1.3628e+06     
3.8751e-01      -6.0625e+00     8.0668e+02      1.3992e+06     
3.9251e-01      4.8955e+02      -2.2801e+01     1.4344e+06     
3.9751e-01      5.6975e+02      -1.0888e+01     1.4730e+06     
4.0251e-01      3.2184e+02      -5.0577e+02     1.5097e+06     
4.0751e-01      2.0776e+02      1.6931e+02      1.5466e+06     
4.1251e-01      -1.2078e+01     -1.4449e+02     1.5850e+06     
4.1751e-01      -1.6449e+02     -2.3329e+02     1.6236e+06     
4.2251e-01      -1.5275e+02     -1.0446e+02     1.6633e+06     
4.2751e-01      -1.9567e+02     4.3658e+02      1.7025e+06     
4.3251e-01      -4.5344e+01     -3.9267e+02     1.7437e+06     
4.3751e-01      -2.2162e+02     -2.1829e+02     1.7830e+06     
4.4251e-01      -6.6016e+00     3.6255e+02      1.8248e+06     
4.4751e-01      -2.3047e+01     2.8402e+02      1.8648e+06     
4.5251e-01      -2.8812e+02     1.3605e+02      1.9067e+06     
4.5751e-01      -1.8560e+02     -2.1770e+02     1.9513e+06     
4.6251e-01      -6.0953e+01     1.2157e+02      1.9925e+06     
4.6751e-01      -6.0812e+01     1.8506e+02      2.0369e+06     
4.7251e-01      -2.5921e+02     2.7077e+00      2.0795e+06     
4.7751e-01      -9.0391e+01     1.6337e+02      2.1227e+06     
4.8251e-01      -3.9523e+02     2.1834e+02      2.1704e+06     
4.8751e-01      -1.4856e+02     3.4219e+02      2.2138e+06     
4.9251e-01      -8.9375e+01     5.4125e+02      2.2594e+06     
4.9751e-01      1.8814e+02      5.6387e+02      2.3053e+06     
5.0251e-01      6.5938e+01      3.6961e+02      2.3530e+06     
5.0751e-01      9.7547e+01      8.8240e+02      2.3992e+06     
5.1251e-01      -1.6414e+01     1.3929e+02      2.4464e+06     
5.1751e-01      2.2927e+02      4.3995e+02      2.4969e+06     
5.2251e-01      8.3391e+01      1.4312e+02      2.5441e+06     
5.2751e-01      -2.6266e+02     1.3500e+02      2.5919e+06     
5.3251e-01      -1.7210e+02     3.5658e+02      2.6408e+06     
5.3751e-01      -3.6592e+02     4.5397e+02      2.6923e+06     
5.4251e-01      -2.6703e+02     5.7316e+02      2.7415e+06     
5.4751e-01      -2.0178e+02     -1.8758e+02     2.7933e+06     
5.5251e-01      -4.8227e+01     1.9997e+02      2.8443e+06     
5.5751e-01      -5.1484e+00     4.1158e+02      2.8958e+06     
5.6251e-01      1.4144e+02      2.7240e+02      2.9476e+06     
5.6751e-01      1.5043e+02      4.5930e+02      3.0000e+06     
5.7251e-01      -6.7969e-01     -4.0633e+02     3.0533e+06     
5.7751e-01      -1.8771e+02     3.2309e+02      3.1073e+06     
5.8251e-01      -2.4420e+02     1.2628e+00      3.1610e+06     
5.8751e-01      -3.3672e+00     2.7204e+02      3.2158e+06     
5.9251e-01      -1.0528e+02     4.0825e+02      3.2711e+06     
5.9751e-01      4.0656e+01      1.3347e+02      3.3249e+06     
6.0251e-01      -2.1938e+01     3.3119e+02      3.3828e+06     
6.0751e-01      1.0735e+02      9.3919e+01      3.4392e+06     
6.1251e-01      -1.3734e+01     4.8545e+01      3.4944e+06     
6.1751e-01      -1.8836e+01     -7.4404e+01     3.5519e+06     
6.2251e-01      6.7250e+01      3.4116e+02      3.6102e+06     
6.2751e-01      8.2266e+01      2.9022e+02      3.6677e+06     
6.3251e-01      1.5209e+02      1.3610e+02      3.7272e+06     
