# k P0 P2 modes
3.7054e-03      3.2046e+04      -1.8558e+03     8.3000e+01     
8.0027e-03      3.1476e+04      -1.9793e+04     5.9600e+02     
1.2850e-02      3.3352e+04      -7.0820e+03     1.6480e+03     
1.7764e-02      3.2767e+04      1.2959e+04      3.1560e+03     
2.2684e-02      3.9281e+04      2.0426e+04      5.1760e+03     
2.7646e-02      3.3221e+04      1.1721e+04      7.8040e+03     
3.2636e-02      3.0555e+04      1.1774e+04      1.0874e+04     
3.7623e-02      2.4187e+04      1.4211e+04      1.4442e+04     
4.2607e-02      2.3515e+04      9.5253e+03      1.8544e+04     
4.7584e-02      2.3133e+04      2.8510e+03      2.3040e+04     
5.2572e-02      1.9144e+04      6.6160e+03      2.8366e+04     
5.7566e-02      1.7296e+04      5.8341e+03      3.3818e+04     
6.2559e-02      1.7735e+04      1.0840e+04      4.0130e+04     
6.7563e-02      1.4804e+04      5.8200e+03      4.6838e+04     
7.2561e-02      1.2871e+04      9.3930e+03      5.3826e+04     
7.7552e-02      1.1947e+04      6.7381e+03      6.1584e+04     
8.2550e-02      1.1266e+04      3.5815e+03      6.9864e+04     
8.7545e-02      8.9680e+03      2.8492e+03      7.8404e+04     
9.2544e-02      1.0080e+04      5.4277e+02      8.7902e+04     
9.7542e-02      9.3249e+03      2.5243e+03      9.7310e+04     
1.0253e-01      6.5216e+03      1.0838e+03      1.0772e+05     
1.0754e-01      5.2961e+03      1.9354e+03      1.1865e+05     
1.1254e-01      6.3195e+03      3.8236e+03      1.2991e+05     
1.1754e-01      6.1589e+03      7.7017e+02      1.4138e+05     
1.2253e-01      6.2677e+03      -8.7601e+01     1.5396e+05     
1.2753e-01      5.6277e+03      2.0428e+03      1.6672e+05     
1.3253e-01      4.7610e+03      1.9479e+03      1.7981e+05     
1.3753e-01      4.9646e+03      2.7452e+03      1.9428e+05     
1.4253e-01      4.4176e+03      3.8727e+03      2.0777e+05     
1.4753e-01      3.8049e+03      2.8097e+03      2.2328e+05     
1.5253e-01      3.6818e+03      -6.8419e+02     2.3850e+05     
1.5753e-01      3.2838e+03      2.7865e+02      2.5444e+05     
1.6253e-01      3.2214e+03      1.5298e+02      2.7068e+05     
1.6753e-01      2.9631e+03      -5.4741e+02     2.8771e+05     
1.7253e-01      2.5582e+03      -1.7594e+02     3.0520e+05     
1.7753e-01      2.0364e+03      8.4119e+02      3.2301e+05     
1.8253e-01      2.0932e+03      4.0139e+02      3.4181e+05     
1.8753e-01      2.4867e+03      -1.2250e+03     3.6002e+05     
1.9252e-01      1.8686e+03      3.4897e+02      3.7973e+05     
1.9752e-01      1.8771e+03      8.9302e+02      3.9966e+05     
2.0251e-01      1.5412e+03      -3.3579e+01     4.2032e+05     
2.0752e-01      1.5354e+03      1.3448e+03      4.4207e+05     
2.1252e-01      1.3720e+03      5.0890e+02      4.6264e+05     
2.1752e-01      1.0510e+03      5.2341e+02      4.8582e+05     
2.2252e-01      1.2298e+03      4.1637e+02      5.0730e+05     
2.2752e-01      1.3648e+03      1.1778e+03      5.3078e+05     
2.3252e-01      1.3109e+03      -2.2198e+02     5.5452e+05     
2.3752e-01      1.2148e+03      -2.0094e+02     5.7801e+05     
2.4252e-01      1.0147e+03      -9.2442e+01     6.0327e+05     
2.4752e-01      9.1643e+02      -1.1225e+02     6.2775e+05     
2.5252e-01      1.3290e+03      -4.0010e+02     6.5330e+05     
2.5751e-01      1.0901e+03      -4.4181e+02     6.7990e+05     
2.6251e-01      6.7699e+02      -2.0565e+02     7.0609e+05     
2.6751e-01      8.7234e+02      -3.4803e+02     7.3426e+05     
2.7251e-01      8.8602e+02      -2.5042e+02     7.6119e+05     
2.7751e-01      1.0255e+03      -4.2164e+02     7.8997e+05     
2.8252e-01      8.9252e+02      7.1364e+02      8.1825e+05     
2.8751e-01      3.4612e+02      -3.3288e+01     8.4702e+05     
2.9251e-01      5.5352e+02      1.1747e+02      8.7700e+05     
2.9751e-01      5.3741e+02      -8.2030e+02     9.0860e+05     
3.0252e-01      5.1452e+02      1.2577e+02      9.3780e+05     
3.0752e-01      1.1830e+03      -7.7500e+02     9.6971e+05     
3.1251e-01      8.5661e+02      -8.7678e+02     9.9996e+05     
3.1751e-01      3.2615e+02      -6.5952e+02     1.0341e+06     
3.2251e-01      2.9299e+02      -1.0121e+02     1.0664e+06     
3.2751e-01      3.3573e+02      9.3397e+01      1.1003e+06     
3.3251e-01      3.7658e+02      -7.7707e+02     1.1331e+06     
3.3751e-01      5.1285e+02      -2.2940e+02     1.1681e+06     
3.4251e-01      1.6519e+02      -4.9034e+02     1.2033e+06     
3.4751e-01      -3.0008e+01     -2.8932e+02     1.2379e+06     
3.5251e-01      2.4854e+02      -2.4685e+02     1.2741e+06     
3.5751e-01      3.0295e+02      -6.9049e+01     1.3102e+06     
3.6251e-01      3.7372e+02      -1.4111e+02     1.3469e+06     
3.6751e-01      4.2749e+02      -1.0368e+02     1.3853e+06     
3.7251e-01      3.1132e+02      9.9770e+01      1.4223e+06     
3.7751e-01      5.7594e+01      -3.9777e+02     1.4612e+06     
3.8251e-01      2.4427e+02      -3.9866e+02     1.4995e+06     
3.8751e-01      1.4860e+02      -1.0794e+02     1.5397e+06     
3.9251e-01      1.2733e+02      -1.4722e+02     1.5799e+06     
3.9751e-01      1.5377e+02      -3.3377e+02     1.6194e+06     
4.0251e-01      5.9953e+01      5.0427e+01      1.6615e+06     
4.0751e-01      2.0828e+01      -2.5438e+02     1.7017e+06     
4.1251e-01      2.5695e+02      -1.6748e+02     1.7450e+06     
4.1751e-01      2.1870e+02      -3.0524e+02     1.7875e+06     
4.2251e-01      2.9094e+01      5.4882e+02      1.8304e+06     
4.2751e-01      4.0812e+01      5.9784e+02      1.8737e+06     
4.3251e-01      8.5312e+00      3.4980e+02      1.9186e+06     
4.3751e-01      5.4344e+01      5.0543e+02      1.9624e+06     
4.4251e-01      3.8094e+01      -2.1938e+02     2.0069e+06     
4.4751e-01      1.8688e+02      -5.3180e+02     2.0536e+06     
4.5251e-01      1.4856e+02      2.3875e+01      2.0998e+06     
4.5751e-01      8.5398e+01      1.8780e+02      2.1451e+06     
4.6251e-01      7.2961e+01      -1.7537e+02     2.1922e+06     
4.6751e-01      6.5852e+01      -2.9577e+01     2.2404e+06     
4.7251e-01      3.1728e+02      3.2118e+02      2.2901e+06     
4.7751e-01      7.7297e+01      1.0544e+02      2.3384e+06     
4.8251e-01      -1.6707e+02     3.7514e+01      2.3869e+06     
4.8751e-01      1.2385e+02      2.2889e+01      2.4358e+06     
4.9251e-01      -1.0302e+02     2.2538e+01      2.4872e+06     
4.9751e-01      -6.3445e+01     1.5775e+02      2.5389e+06     
5.0251e-01      -1.9242e+01     -2.0989e+02     2.5888e+06     
5.0751e-01      9.1977e+01      -1.3015e+02     2.6410e+06     
5.1251e-01      -3.1875e+00     3.0018e+02      2.6914e+06     
5.1751e-01      6.9039e+01      1.1117e+02      2.7449e+06     
5.2251e-01      -1.9168e+02     1.9048e+02      2.8001e+06     
5.2751e-01      3.6266e+01      2.9912e+02      2.8530e+06     
5.3251e-01      1.9609e+01      -2.1392e+01     2.9080e+06     
5.3751e-01      -1.3664e+02     2.8264e+02      2.9615e+06     
5.4251e-01      -3.6938e+01     7.1872e+01      3.0181e+06     
5.4751e-01      -4.7102e+01     6.9281e+02      3.0734e+06     
5.5251e-01      9.0875e+01      2.9789e+02      3.1297e+06     
5.5751e-01      8.5594e+01      2.2243e+02      3.1876e+06     
5.6251e-01      1.3852e+01      -6.1431e+01     3.2433e+06     
5.6751e-01      -9.7891e+00     -1.4447e+02     3.3011e+06     
5.7251e-01      -2.0328e+01     2.9561e+02      3.3601e+06     
