# k P0 P2 modes
3.7538e-03      -2.8287e+03     1.1870e+05      7.7000e+01     
8.0504e-03      1.9840e+04      2.0161e+04      5.4800e+02     
1.2849e-02      4.3126e+04      -4.5385e+03     1.4800e+03     
1.7752e-02      3.9077e+04      1.7165e+04      2.8720e+03     
2.2692e-02      3.1360e+04      2.7393e+04      4.7360e+03     
2.7648e-02      2.9193e+04      1.9473e+04      7.0360e+03     
3.2613e-02      2.8921e+04      7.5990e+03      9.8380e+03     
3.7611e-02      2.6637e+04      1.3509e+02      1.3208e+04     
4.2613e-02      2.1946e+04      8.9646e+03      1.6858e+04     
4.7605e-02      1.7526e+04      1.5542e+04      2.1080e+04     
5.2591e-02      1.6753e+04      3.2849e+03      2.5624e+04     
5.7568e-02      1.6637e+04      4.6109e+03      3.0728e+04     
6.2562e-02      1.5423e+04      3.3649e+03      3.6498e+04     
6.7567e-02      1.5453e+04      1.1555e+04      4.2528e+04     
7.2573e-02      1.4105e+04      2.3991e+02      4.9152e+04     
7.7565e-02      1.2371e+04      8.4642e+03      5.5744e+04     
8.2548e-02      1.0936e+04      2.5254e+03      6.3346e+04     
8.7544e-02      1.0219e+04      2.8885e+03      7.1388e+04     
9.2544e-02      1.0201e+04      2.7309e+03      7.9762e+04     
9.7542e-02      9.4313e+03      2.8098e+03      8.8564e+04     
1.0254e-01      8.8173e+03      2.8549e+03      9.7988e+04     
1.0754e-01      6.2546e+03      1.4947e+03      1.0771e+05     
1.1254e-01      6.2131e+03      -3.0085e+02     1.1795e+05     
1.1753e-01      6.1194e+03      -8.1114e+02     1.2829e+05     
1.2252e-01      6.5543e+03      -1.5332e+03     1.3977e+05     
1.2753e-01      5.0008e+03      1.0258e+03      1.5195e+05     
1.3254e-01      5.6083e+03      1.8455e+03      1.6358e+05     
1.3753e-01      4.8632e+03      3.0397e+03      1.7594e+05     
1.4253e-01      4.0813e+03      5.2951e+02      1.8906e+05     
1.4753e-01      4.2358e+03      1.2202e+03      2.0282e+05     
1.5253e-01      3.7368e+03      1.0732e+03      2.1681e+05     
1.5752e-01      3.1436e+03      2.5475e+03      2.3088e+05     
1.6252e-01      2.9334e+03      1.5952e+03      2.4623e+05     
1.6752e-01      2.4741e+03      4.6730e+02      2.6133e+05     
1.7252e-01      2.7496e+03      -1.9448e+03     2.7728e+05     
1.7752e-01      2.5589e+03      -4.0414e+02     2.9332e+05     
1.8252e-01      3.2134e+03      7.1336e+01      3.1057e+05     
1.8752e-01      2.5144e+03      -7.6165e+02     3.2756e+05     
1.9252e-01      2.5060e+03      -6.9016e+02     3.4527e+05     
1.9752e-01      2.1468e+03      6.2597e+02      3.6354e+05     
2.0252e-01      2.6694e+03      -6.6801e+02     3.8166e+05     
2.0752e-01      2.6660e+03      3.5554e+02      4.0085e+05     
2.1252e-01      2.2671e+03      5.0396e+02      4.2101e+05     
2.1752e-01      1.9085e+03      -1.2666e+03     4.4116e+05     
2.2252e-01      1.7465e+03      1.3693e+03      4.6130e+05     
2.2752e-01      1.4529e+03      6.6704e+02      4.8219e+05     
2.3252e-01      1.0159e+03      7.5418e+02      5.0386e+05     
2.3752e-01      1.2971e+03      1.1872e+03      5.2502e+05     
2.4252e-01      1.2396e+03      -4.1337e+02     5.4795e+05     
2.4752e-01      1.3172e+03      1.4542e+02      5.7054e+05     
2.5252e-01      1.1666e+03      -1.6219e+02     5.9437e+05     
2.5752e-01      3.2660e+02      5.6621e+01      6.1790e+05     
2.6252e-01      7.5420e+02      -1.3229e+03     6.4211e+05     
2.6752e-01      1.0968e+03      7.2105e+02      6.6611e+05     
2.7251e-01      6.6509e+02      -3.0712e+02     6.9179e+05     
2.7752e-01      1.2660e+03      -5.1243e+02     7.1800e+05     
2.8252e-01      9.6016e+02      8.3954e+02      7.4315e+05     
2.8752e-01      4.6398e+02      -1.6242e+03     7.7019e+05     
2.9251e-01      1.0729e+03      -7.5932e+02     7.9643e+05     
2.9751e-01      3.7609e+02      -3.2628e+02     8.2482e+05     
3.0251e-01      3.7173e+02      3.0691e+02      8.5256e+05     
3.0751e-01      6.5698e+02      3.4084e+02      8.8037e+05     
3.1251e-01      9.6760e+02      1.6267e+02      9.1065e+05     
3.1751e-01      1.0143e+03      1.1890e+01      9.3900e+05     
3.2251e-01      6.8534e+02      3.9423e+02      9.6935e+05     
3.2751e-01      8.2184e+02      -2.9655e+01     9.9834e+05     
3.3251e-01      7.4371e+02      -3.3554e+02     1.0299e+06     
3.3751e-01      -2.3391e+01     -4.2432e+02     1.0619e+06     
3.4251e-01      -8.2320e+01     3.2874e+02      1.0933e+06     
3.4751e-01      -9.3461e+01     -2.2298e+02     1.1255e+06     
3.5251e-01      8.4508e+01      -1.0777e+02     1.1574e+06     
3.5751e-01      4.1345e+02      -1.7832e+02     1.1902e+06     
3.6251e-01      1.5141e+02      2.7990e+01      1.2246e+06     
3.6751e-01      3.2427e+02      -6.2346e+02     1.2579e+06     
3.7251e-01      3.1459e+02      -1.1576e+03     1.2923e+06     
3.7751e-01      2.6242e+02      3.7582e+02      1.3285e+06     
3.8251e-01      1.4670e+02      3.1566e+02      1.3628e+06     
3.8751e-01      2.8798e+02      -1.8551e+02     1.3992e+06     
3.9251e-01      2.9607e+02      5.4347e+02      1.4344e+06     
3.9751e-01      9.7586e+01      1.2195e+03      1.4730e+06     
4.0251e-01      -1.0776e+02     3.5123e+02      1.5097e+06     
4.0751e-01      2.6547e+01      -2.1717e+02     1.5466e+06     
4.1251e-01      1.0219e+01      -5.1958e+02     1.5850e+06     
4.1751e-01      1.8509e+02      -5.5908e+02     1.6236e+06     
4.2251e-01      1.4660e+02      4.1361e+02      1.6633e+06     
4.2751e-01      2.4043e+02      4.1468e+02      1.7025e+06     
4.3251e-01      -5.3125e+01     -1.1696e+02     1.7437e+06     
4.3751e-01      1.6199e+02      -6.2412e+02     1.7830e+06     
4.4251e-01      -1.6156e+01     -2.6185e+02     1.8248e+06     
4.4751e-01      -4.9453e+00     -5.2107e+02     1.8648e+06     
4.5251e-01      -5.7125e+01     -2.0770e+02     1.9067e+06     
4.5751e-01      -2.0767e+02     -5.4908e+02     1.9513e+06     
4.6251e-01      -6.2438e+01     2.7796e+02      1.9925e+06     
4.6751e-01      9.2570e+01      6.4941e+02      2.0369e+06     
4.7251e-01      -7.8484e+01     1.8030e+02      2.0795e+06     
4.7751e-01      1.0675e+02      -3.1949e+02     2.1227e+06     
4.8251e-01      1.7436e+02      3.5256e+02      2.1704e+06     
4.8751e-01      1.6789e+02      -1.3997e+02     2.2138e+06     
4.9251e-01      1.4145e+02      3.1968e+02      2.2594e+06     
4.9751e-01      1.4312e+01      -4.7800e+01     2.3053e+06     
5.0251e-01      1.1526e+02      -1.8530e+02     2.3530e+06     
5.0751e-01      -3.0892e+02     -1.3563e+02     2.3992e+06     
5.1251e-01      -9.7562e+01     -3.2895e+02     2.4464e+06     
5.1751e-01      -2.1508e+01     2.7417e+01      2.4969e+06     
5.2251e-01      -1.9471e+02     -1.2836e+02     2.5441e+06     
5.2751e-01      -4.4227e+01     5.2934e+02      2.5919e+06     
5.3251e-01      -3.2031e-01     -2.9736e+02     2.6408e+06     
5.3751e-01      -2.1094e-01     -2.7380e+02     2.6923e+06     
5.4251e-01      -1.1648e+02     2.2537e+02      2.7415e+06     
5.4751e-01      1.7200e+02      4.1114e+01      2.7933e+06     
5.5251e-01      7.9414e+01      -1.0749e+01     2.8443e+06     
5.5751e-01      1.3685e+02      6.3345e+01      2.8958e+06     
5.6251e-01      -2.1062e+01     -6.3879e+02     2.9476e+06     
5.6751e-01      1.6758e+02      7.1127e+01      3.0000e+06     
5.7251e-01      -9.6766e+01     -1.9812e+02     3.0533e+06     
5.7751e-01      -1.0455e+02     5.0140e+02      3.1073e+06     
5.8251e-01      -1.2434e+02     1.0198e+02      3.1610e+06     
5.8751e-01      -8.9094e+01     2.9185e+00      3.2158e+06     
5.9251e-01      -8.5938e+01     6.1956e+01      3.2711e+06     
5.9751e-01      -7.6469e+01     5.3448e+01      3.3249e+06     
6.0251e-01      -1.3562e+02     3.3538e+02      3.3828e+06     
6.0751e-01      -1.3758e+01     -3.1651e+02     3.4392e+06     
6.1251e-01      1.9656e+01      2.4985e+02      3.4944e+06     
6.1751e-01      -1.2030e+02     2.1221e+02      3.5519e+06     
6.2251e-01      4.6406e+01      7.6892e+00      3.6102e+06     
6.2751e-01      5.9984e+01      1.8854e+02      3.6677e+06     
6.3251e-01      -1.1989e+02     5.6679e+01      3.7272e+06     
