# k P0 P2 modes
3.7054e-03      5.8157e+03      2.2407e+04      8.3000e+01     
8.0027e-03      4.9043e+04      1.5217e+04      5.9600e+02     
1.2850e-02      3.4245e+04      1.8178e+03      1.6480e+03     
1.7764e-02      3.8442e+04      1.0481e+04      3.1560e+03     
2.2684e-02      3.2516e+04      1.7107e+04      5.1760e+03     
2.7646e-02      2.7044e+04      3.1855e+04      7.8040e+03     
3.2636e-02      2.3180e+04      1.7234e+04      1.0874e+04     
3.7623e-02      2.1887e+04      1.7616e+04      1.4442e+04     
4.2607e-02      2.5093e+04      6.6316e+03      1.8544e+04     
4.7584e-02      2.2493e+04      6.3343e+03      2.3040e+04     
5.2572e-02      1.9265e+04      6.4977e+03      2.8366e+04     
5.7566e-02      1.7125e+04      1.0835e+04      3.3818e+04     
6.2559e-02      1.7369e+04      3.7021e+03      4.0130e+04     
6.7563e-02      1.3345e+04      5.5005e+03      4.6838e+04     
7.2561e-02      1.4961e+04      1.0207e+03      5.3826e+04     
7.7552e-02      1.3290e+04      -5.4642e+02     6.1584e+04     
8.2550e-02      1.1485e+04      2.1997e+03      6.9864e+04     
8.7545e-02      9.7263e+03      1.6036e+03      7.8404e+04     
9.2544e-02      9.4154e+03      6.5434e+02      8.7902e+04     
9.7542e-02      7.9374e+03      1.6698e+03      9.7310e+04     
1.0253e-01      8.5439e+03      5.2487e+02      1.0772e+05     
1.0754e-01      7.7528e+03      2.8378e+03      1.1865e+05     
1.1254e-01      7.0579e+03      3.8186e+02      1.2991e+05     
1.1754e-01      6.7239e+03      8.4787e+02      1.4138e+05     
1.2253e-01      5.9868e+03      3.3410e+02      1.5396e+05     
1.2753e-01      5.7492e+03      2.3637e+02      1.6672e+05     
1.3253e-01      5.0303e+03      -1.0560e+02     1.7981e+05     
1.3753e-01      4.3106e+03      -3.4391e+02     1.9428e+05     
1.4253e-01      3.8636e+03      1.0488e+03      2.0777e+05     
1.4753e-01      3.9677e+03      -2.0857e+03     2.2328e+05     
1.5253e-01      3.6430e+03      -1.5633e+03     2.3850e+05     
1.5753e-01      2.9460e+03      -5.8122e+02     2.5444e+05     
1.6253e-01      2.4175e+03      -1.2160e+03     2.7068e+05     
1.6753e-01      1.7848e+03      -1.1895e+03     2.8771e+05     
1.7253e-01      2.2680e+03      -3.2620e+02     3.0520e+05     
1.7753e-01      2.8735e+03      -1.1452e+03     3.2301e+05     
1.8253e-01      2.1879e+03      5.7724e+02      3.4181e+05     
1.8753e-01      1.8315e+03      8.9691e+02      3.6002e+05     
1.9252e-01      1.4981e+03      7.6600e+02      3.7973e+05     
1.9752e-01      1.3636e+03      -3.3904e+02     3.9966e+05     
2.0251e-01      2.1183e+03      -7.7186e+02     4.2032e+05     
2.0752e-01      1.9677e+03      -3.6048e+02     4.4207e+05     
2.1252e-01      1.3965e+03      -2.8901e+02     4.6264e+05     
2.1752e-01      9.9373e+02      9.1089e+02      4.8582e+05     
2.2252e-01      6.3195e+02      -6.5324e+02     5.0730e+05     
2.2752e-01      1.0336e+03      -2.8603e+02     5.3078e+05     
2.3252e-01      1.2957e+03      3.4573e+02      5.5452e+05     
2.3752e-01      1.0557e+03      9.8262e+02      5.7801e+05     
2.4252e-01      7.2701e+02      -2.3403e+02     6.0327e+05     
2.4752e-01      8.9705e+02      -4.5311e+02     6.2775e+05     
2.5252e-01      1.1476e+03      -2.9613e+01     6.5330e+05     
2.5751e-01      8.9316e+02      3.5293e+02      6.7990e+05     
2.6251e-01      5.1109e+02      -3.6594e+01     7.0609e+05     
2.6751e-01      6.9415e+02      8.1926e+02      7.3426e+05     
2.7251e-01      4.3518e+02      3.4418e+02      7.6119e+05     
2.7751e-01      4.6297e+02      2.6285e+01      7.8997e+05     
2.8252e-01      8.0354e+02      -1.4651e+01     8.1825e+05     
2.8751e-01      6.8963e+02      8.3707e+01      8.4702e+05     
2.9251e-01      2.6612e+02      -3.6966e+02     8.7700e+05     
2.9751e-01      7.4116e+02      -4.7358e+02     9.0860e+05     
3.0252e-01      4.3941e+02      -4.0739e+02     9.3780e+05     
3.0752e-01      3.9749e+02      -8.5688e+02     9.6971e+05     
3.1251e-01      6.9853e+02      -7.1390e+02     9.9996e+05     
3.1751e-01      3.2762e+02      1.2683e+02      1.0341e+06     
3.2251e-01      2.6592e+02      2.0559e+02      1.0664e+06     
3.2751e-01      3.3769e+02      4.8191e+02      1.1003e+06     
3.3251e-01      2.3984e+01      4.4291e+02      1.1331e+06     
3.3751e-01      2.8867e+02      -5.2580e+02     1.1681e+06     
3.4251e-01      4.2072e+02      -2.3771e+02     1.2033e+06     
3.4751e-01      2.5053e+02      7.6030e+00      1.2379e+06     
3.5251e-01      -5.8617e+01     3.1458e+02      1.2741e+06     
3.5751e-01      -9.4172e+01     -7.1035e+02     1.3102e+06     
3.6251e-01      3.4342e+02      -3.4443e+01     1.3469e+06     
3.6751e-01      2.4960e+02      -2.4493e+02     1.3853e+06     
3.7251e-01      3.0320e+02      -1.2279e+02     1.4223e+06     
3.7751e-01      3.4078e+02      -1.3294e+02     1.4612e+06     
3.8251e-01      9.7609e+01      -5.3728e+02     1.4995e+06     
3.8751e-01      -6.9438e+01     -3.6639e+02     1.5397e+06     
3.9251e-01      1.5665e+02      -1.5707e+02     1.5799e+06     
3.9751e-01      1.3426e+02      -1.7461e+02     1.6194e+06     
4.0251e-01      2.3056e+02      -1.4396e+02     1.6615e+06     
4.0751e-01      7.7391e+01      1.7900e+02      1.7017e+06     
4.1251e-01      1.4652e+02      1.6912e+02      1.7450e+06     
4.1751e-01      3.0859e+01      -2.8484e+02     1.7875e+06     
4.2251e-01      1.0704e+02      1.6580e+02      1.8304e+06     
4.2751e-01      4.6392e+02      -4.1348e+02     1.8737e+06     
4.3251e-01      3.3650e+02      3.6653e+02      1.9186e+06     
4.3751e-01      1.3520e+02      2.3011e+02      1.9624e+06     
4.4251e-01      6.7844e+01      -4.0650e+02     2.0069e+06     
4.4751e-01      3.6344e+01      -3.8485e+02     2.0536e+06     
4.5251e-01      -4.2586e+01     -8.6447e+01     2.0998e+06     
4.5751e-01      2.3295e+02      -1.8872e+01     2.1451e+06     
4.6251e-01      1.4236e+02      -2.2824e+01     2.1922e+06     
4.6751e-01      7.8047e+00      5.8757e+02      2.2404e+06     
4.7251e-01      -7.2211e+01     2.4920e+02      2.2901e+06     
4.7751e-01      -2.4000e+01     -1.5612e+02     2.3384e+06     
4.8251e-01      4.3992e+01      1.9556e+02      2.3869e+06     
4.8751e-01      6.0781e+00      7.5852e+01      2.4358e+06     
4.9251e-01      -8.5812e+01     -5.5175e+01     2.4872e+06     
4.9751e-01      3.4711e+01      2.2133e+02      2.5389e+06     
5.0251e-01      -1.0237e+02     3.3916e+02      2.5888e+06     
5.0751e-01      4.2492e+01      3.2499e+02      2.6410e+06     
5.1251e-01      1.2780e+02      1.4724e+02      2.6914e+06     
5.1751e-01      3.4117e+01      2.3608e+02      2.7449e+06     
5.2251e-01      1.2672e+01      -4.7043e+02     2.8001e+06     
5.2751e-01      1.3770e+02      -2.1228e+01     2.8530e+06     
5.3251e-01      4.0180e+01      1.1244e+01      2.9080e+06     
5.3751e-01      -2.0516e+01     -1.5786e+01     2.9615e+06     
5.4251e-01      2.0375e+02      -8.4029e+00     3.0181e+06     
5.4751e-01      1.6851e+02      2.8844e+02      3.0734e+06     
5.5251e-01      -1.2241e+02     3.1083e+02      3.1297e+06     
5.5751e-01      4.1156e+01      1.1134e+02      3.1876e+06     
5.6251e-01      1.0600e+02      -3.8490e+01     3.2433e+06     
5.6751e-01      5.3828e+00      -3.5084e+01     3.3011e+06     
5.7251e-01      -6.5961e+01     4.1489e+02      3.3601e+06     
