# k P0 P2 modes
3.7054e-03      -4.3307e+03     -1.0343e+05     8.3000e+01     
8.0027e-03      4.3450e+04      3.0417e+04      5.9600e+02     
1.2850e-02      3.0556e+04      3.5639e+02      1.6480e+03     
1.7764e-02      3.7573e+04      2.0960e+04      3.1560e+03     
2.2684e-02      4.2566e+04      2.4750e+03      5.1760e+03     
2.7646e-02      3.3662e+04      9.8763e+03      7.8040e+03     
3.2636e-02      2.9777e+04      1.3807e+04      1.0874e+04     
3.7623e-02      2.6857e+04      7.9747e+03      1.4442e+04     
4.2607e-02      2.2643e+04      5.7221e+03      1.8544e+04     
4.7584e-02      1.8370e+04      9.2748e+03      2.3040e+04     
5.2572e-02      1.7947e+04      4.6066e+03      2.8366e+04     
5.7566e-02      1.6824e+04      8.4384e+03      3.3818e+04     
6.2559e-02      1.5274e+04      5.1541e+03      4.0130e+04     
6.7563e-02      1.5634e+04      9.3122e+03      4.6838e+04     
7.2561e-02      1.4694e+04      2.3879e+03      5.3826e+04     
7.7552e-02      1.2481e+04      3.6377e+03      6.1584e+04     
8.2550e-02      1.1344e+04      1.1615e+03      6.9864e+04     
8.7545e-02      1.1092e+04      2.1213e+03      7.8404e+04     
9.2544e-02      9.0079e+03      2.9586e+03      8.7902e+04     
9.7542e-02      8.3727e+03      9.4404e+02      9.7310e+04     
1.0253e-01      7.3996e+03      1.9111e+03      1.0772e+05     
1.0754e-01      7.4763e+03      7.7289e+02      1.1865e+05     
1.1254e-01      7.1556e+03      1.5286e+03      1.2991e+05     
1.1754e-01      7.3247e+03      2.4880e+02      1.4138e+05     
1.2253e-01      5.7305e+03      1.2625e+03      1.5396e+05     
1.2753e-01      5.8875e+03      -2.5133e+02     1.6672e+05     
1.3253e-01      5.6659e+03      3.2329e+03      1.7981e+05     
1.3753e-01      4.7940e+03      -6.7505e+02     1.9428e+05     
1.4253e-01      4.3467e+03      1.0465e+03      2.0777e+05     
1.4753e-01      4.3799e+03      1.7322e+03      2.2328e+05     
1.5253e-01      4.4909e+03      6.4005e+02      2.3850e+05     
1.5753e-01      4.1640e+03      -3.2045e+01     2.5444e+05     
1.6253e-01      3.1925e+03      -3.5987e+02     2.7068e+05     
1.6753e-01      3.7377e+03      -6.4130e+01     2.8771e+05     
1.7253e-01      2.6912e+03      7.4224e+02      3.0520e+05     
1.7753e-01      2.9754e+03      -6.0611e+02     3.2301e+05     
1.8253e-01      2.4555e+03      1.2313e+03      3.4181e+05     
1.8753e-01      2.2120e+03      -2.8015e+01     3.6002e+05     
1.9252e-01      2.1830e+03      1.0493e+03      3.7973e+05     
1.9752e-01      2.2051e+03      3.8624e+02      3.9966e+05     
2.0251e-01      1.6319e+03      1.2047e+03      4.2032e+05     
2.0752e-01      1.6721e+03      -8.2173e+02     4.4207e+05     
2.1252e-01      1.7620e+03      -1.3591e+03     4.6264e+05     
2.1752e-01      1.2660e+03      -7.5733e+02     4.8582e+05     
2.2252e-01      1.3159e+03      -8.1838e+02     5.0730e+05     
2.2752e-01      1.2352e+03      -1.1753e+03     5.3078e+05     
2.3252e-01      1.4730e+03      4.5801e+02      5.5452e+05     
2.3752e-01      1.8188e+03      3.5232e+02      5.7801e+05     
2.4252e-01      1.2471e+03      3.1666e+02      6.0327e+05     
2.4752e-01      1.0667e+03      -6.6186e+02     6.2775e+05     
2.5252e-01      8.2832e+02      -6.4227e+02     6.5330e+05     
2.5751e-01      8.8059e+02      -3.1921e+02     6.7990e+05     
2.6251e-01      7.1598e+02      -1.2076e+02     7.0609e+05     
2.6751e-01      9.2241e+02      4.2890e+02      7.3426e+05     
2.7251e-01      1.0649e+03      -3.0668e+02     7.6119e+05     
2.7751e-01      1.0759e+03      -5.0429e+02     7.8997e+05     
2.8252e-01      4.3944e+02      3.1273e+02      8.1825e+05     
2.8751e-01      7.3614e+02      -2.9795e+02     8.4702e+05     
2.9251e-01      3.7318e+02      -1.0044e+03     8.7700e+05     
2.9751e-01      5.0015e+02      -1.5544e+02     9.0860e+05     
3.0252e-01      3.7249e+02      -5.6611e+02     9.3780e+05     
3.0752e-01      4.6983e+02      6.7397e+02      9.6971e+05     
3.1251e-01      5.6083e+02      1.7791e+02      9.9996e+05     
3.1751e-01      5.2605e+02      1.0193e+02      1.0341e+06     
3.2251e-01      5.9458e+02      1.9871e+02      1.0664e+06     
3.2751e-01      2.0629e+02      -5.3754e+02     1.1003e+06     
3.3251e-01      4.4421e+02      -8.4704e+02     1.1331e+06     
3.3751e-01      6.3925e+02      -1.0494e+02     1.1681e+06     
3.4251e-01      5.0208e+02      2.8844e+02      1.2033e+06     
3.4751e-01      2.6160e+02      -1.0005e+02     1.2379e+06     
3.5251e-01      8.1172e+00      -1.8069e+02     1.2741e+06     
3.5751e-01      -4.8383e+01     -2.6256e+01     1.3102e+06     
3.6251e-01      4.0238e+02      2.4657e+02      1.3469e+06     
3.6751e-01      3.3859e+02      7.2841e+01      1.3853e+06     
3.7251e-01      2.8093e+02      -5.1684e+02     1.4223e+06     
3.7751e-01      2.2984e+02      -3.0924e+02     1.4612e+06     
3.8251e-01      2.6976e+02      -6.7566e+02     1.4995e+06     
3.8751e-01      2.0186e+02      4.6349e+02      1.5397e+06     
3.9251e-01      2.0980e+02      1.4202e+02      1.5799e+06     
3.9751e-01      2.4743e+02      3.8011e+02      1.6194e+06     
4.0251e-01      5.3624e+02      2.1364e+02      1.6615e+06     
4.0751e-01      2.3659e+02      1.5546e+01      1.7017e+06     
4.1251e-01      2.2191e+02      -1.1671e+02     1.7450e+06     
4.1751e-01      4.2953e+01      -1.5224e+02     1.7875e+06     
4.2251e-01      3.3594e+01      -1.5296e+02     1.8304e+06     
4.2751e-01      2.4552e+02      -1.7495e+02     1.8737e+06     
4.3251e-01      -1.1915e+02     -5.9120e+02     1.9186e+06     
4.3751e-01      -1.8173e+02     -2.5257e+02     1.9624e+06     
4.4251e-01      -1.1427e+02     4.7990e+02      2.0069e+06     
4.4751e-01      -4.5391e+01     4.7571e+02      2.0536e+06     
4.5251e-01      1.6399e+02      6.9191e+02      2.0998e+06     
4.5751e-01      1.3827e+02      -8.7974e+01     2.1451e+06     
4.6251e-01      2.2808e+02      2.2271e+02      2.1922e+06     
4.6751e-01      -3.8711e+01     3.8256e+02      2.2404e+06     
4.7251e-01      1.2026e+02      -1.7035e+01     2.2901e+06     
4.7751e-01      -2.2858e+02     5.3830e+02      2.3384e+06     
4.8251e-01      -1.5491e+02     2.2161e+02      2.3869e+06     
4.8751e-01      -1.3588e+02     2.3451e+02      2.4358e+06     
4.9251e-01      6.0266e+01      -1.7956e+01     2.4872e+06     
4.9751e-01      -7.5789e+01     -1.7669e+02     2.5389e+06     
5.0251e-01      -5.6500e+01     -3.0674e+02     2.5888e+06     
5.0751e-01      -7.4438e+01     -3.4436e+02     2.6410e+06     
5.1251e-01      6.1570e+01      4.0064e+02      2.6914e+06     
5.1751e-01      2.7648e+01      2.2341e+02      2.7449e+06     
5.2251e-01      2.2536e+02      3.6512e+02      2.8001e+06     
5.2751e-01      6.4023e+01      -1.5185e+01     2.8530e+06     
5.3251e-01      -6.1609e+01     2.3366e+02      2.9080e+06     
5.3751e-01      2.0286e+02      -2.0395e+01     2.9615e+06     
5.4251e-01      -1.5825e+02     2.2962e+02      3.0181e+06     
5.4751e-01      -6.0438e+01     -1.1705e+02     3.0734e+06     
5.5251e-01      -2.5336e+01     -1.2367e+02     3.1297e+06     
5.5751e-01      1.7375e+01      2.0146e+02      3.1876e+06     
5.6251e-01      1.1578e+02      8.0698e+01      3.2433e+06     
5.6751e-01      3.9234e+01      -1.5298e+02     3.3011e+06     
5.7251e-01      3.0359e+01      3.9216e+02      3.3601e+06     
