# k P0 P2 modes
3.7054e-03      8.5317e+04      -6.2061e+04     8.3000e+01     
8.0027e-03      4.7096e+04      -1.7839e+04     5.9600e+02     
1.2850e-02      3.0524e+04      8.3552e+03      1.6480e+03     
1.7764e-02      3.7183e+04      1.4040e+04      3.1560e+03     
2.2684e-02      4.1137e+04      3.4964e+04      5.1760e+03     
2.7646e-02      2.6619e+04      2.1972e+04      7.8040e+03     
3.2636e-02      3.1639e+04      2.1662e+03      1.0874e+04     
3.7623e-02      2.7350e+04      8.1312e+03      1.4442e+04     
4.2607e-02      2.4365e+04      5.8091e+03      1.8544e+04     
4.7584e-02      1.9259e+04      2.6206e+03      2.3040e+04     
5.2572e-02      1.9325e+04      8.2065e+03      2.8366e+04     
5.7566e-02      1.5423e+04      6.5668e+03      3.3818e+04     
6.2559e-02      1.4596e+04      3.8706e+03      4.0130e+04     
6.7563e-02      1.3088e+04      5.4738e+03      4.6838e+04     
7.2561e-02      1.3070e+04      3.0660e+03      5.3826e+04     
7.7552e-02      1.1290e+04      3.9079e+03      6.1584e+04     
8.2550e-02      1.1394e+04      3.9083e+03      6.9864e+04     
8.7545e-02      1.1173e+04      4.6929e+03      7.8404e+04     
9.2544e-02      9.1533e+03      1.5198e+03      8.7902e+04     
9.7542e-02      8.1708e+03      3.0848e+03      9.7310e+04     
1.0253e-01      7.6452e+03      1.7692e+03      1.0772e+05     
1.0754e-01      5.8768e+03      2.2447e+03      1.1865e+05     
1.1254e-01      5.9981e+03      2.8287e+03      1.2991e+05     
1.1754e-01      5.5279e+03      -8.9827e+01     1.4138e+05     
1.2253e-01      6.1005e+03      2.6116e+03      1.5396e+05     
1.2753e-01      5.2107e+03      -2.5268e+01     1.6672e+05     
1.3253e-01      4.6513e+03      -1.3360e+03     1.7981e+05     
1.3753e-01      5.1412e+03      1.3180e+03      1.9428e+05     
1.4253e-01      4.5366e+03      1.3262e+03      2.0777e+05     
1.4753e-01      3.4030e+03      -1.7992e+03     2.2328e+05     
1.5253e-01      4.2191e+03      -3.1603e+02     2.3850e+05     
1.5753e-01      2.9660e+03      4.5228e+02      2.5444e+05     
1.6253e-01      3.2698e+03      -6.8316e+01     2.7068e+05     
1.6753e-01      3.1831e+03      -3.8632e+02     2.8771e+05     
1.7253e-01      1.9494e+03      -6.3694e+02     3.0520e+05     
1.7753e-01      3.2242e+03      -2.3594e+02     3.2301e+05     
1.8253e-01      2.5683e+03      -2.5715e+02     3.4181e+05     
1.8753e-01      2.3863e+03      -7.3016e+02     3.6002e+05     
1.9252e-01      2.1954e+03      -9.6719e+02     3.7973e+05     
1.9752e-01      2.3244e+03      3.9698e+02      3.9966e+05     
2.0251e-01      1.8183e+03      -5.7966e+02     4.2032e+05     
2.0752e-01      2.1805e+03      -6.1205e+02     4.4207e+05     
2.1252e-01      1.8083e+03      -4.1045e+01     4.6264e+05     
2.1752e-01      1.5638e+03      -2.5763e+02     4.8582e+05     
2.2252e-01      7.5129e+02      1.0541e+03      5.0730e+05     
2.2752e-01      1.0332e+03      3.5999e+02      5.3078e+05     
2.3252e-01      8.1291e+02      1.6919e+02      5.5452e+05     
2.3752e-01      1.8578e+03      -1.1344e+02     5.7801e+05     
2.4252e-01      1.2259e+03      -3.0085e+02     6.0327e+05     
2.4752e-01      1.0194e+03      5.3657e+01      6.2775e+05     
2.5252e-01      3.1479e+02      1.3127e+03      6.5330e+05     
2.5751e-01      8.6550e+02      -2.3880e+01     6.7990e+05     
2.6251e-01      1.1333e+03      -6.9449e+02     7.0609e+05     
2.6751e-01      1.1048e+03      -8.3008e+02     7.3426e+05     
2.7251e-01      8.4387e+02      -2.9361e+00     7.6119e+05     
2.7751e-01      6.7522e+02      1.7945e+01      7.8997e+05     
2.8252e-01      9.1995e+02      -5.5798e+01     8.1825e+05     
2.8751e-01      9.1727e+02      -2.0791e+02     8.4702e+05     
2.9251e-01      4.6812e+02      -5.7025e+02     8.7700e+05     
2.9751e-01      5.1828e+02      2.5536e+02      9.0860e+05     
3.0252e-01      5.6873e+02      6.0014e+02      9.3780e+05     
3.0752e-01      4.7774e+02      -4.7331e+02     9.6971e+05     
3.1251e-01      3.2513e+02      1.8695e+02      9.9996e+05     
3.1751e-01      7.5563e+02      4.6638e+02      1.0341e+06     
3.2251e-01      4.8076e+02      1.5809e+02      1.0664e+06     
3.2751e-01      5.1883e+02      -7.9980e+01     1.1003e+06     
3.3251e-01      3.8440e+02      -8.5486e+01     1.1331e+06     
3.3751e-01      2.8199e+02      1.1918e+02      1.1681e+06     
3.4251e-01      3.3330e+02      -1.4446e+02     1.2033e+06     
3.4751e-01      1.8402e+02      -2.9643e+02     1.2379e+06     
3.5251e-01      5.5762e+02      -5.0587e+02     1.2741e+06     
3.5751e-01      3.7872e+02      -2.8036e+01     1.3102e+06     
3.6251e-01      2.9510e+02      3.1424e+02      1.3469e+06     
3.6751e-01      3.4337e+02      -4.0320e+02     1.3853e+06     
3.7251e-01      2.6909e+02      -5.8367e+02     1.4223e+06     
3.7751e-01      8.5125e+01      3.8279e+02      1.4612e+06     
3.8251e-01      1.7862e+02      1.9527e+02      1.4995e+06     
3.8751e-01      -4.6461e+01     -1.0097e+02     1.5397e+06     
3.9251e-01      8.3930e+01      -1.8320e+02     1.5799e+06     
3.9751e-01      1.1544e+02      -2.5972e+02     1.6194e+06     
4.0251e-01      2.7570e+02      -1.9094e+02     1.6615e+06     
4.0751e-01      1.5515e+02      2.8347e+01      1.7017e+06     
4.1251e-01      2.8781e+02      -1.6512e+02     1.7450e+06     
4.1751e-01      2.8184e+02      1.1996e+02      1.7875e+06     
4.2251e-01      1.5811e+02      3.6009e+02      1.8304e+06     
4.2751e-01      2.2571e+02      3.3733e+01      1.8737e+06     
4.3251e-01      1.1226e+02      -1.1072e+02     1.9186e+06     
4.3751e-01      2.0094e+02      -2.1314e+02     1.9624e+06     
4.4251e-01      -1.7137e+02     -6.5485e+02     2.0069e+06     
4.4751e-01      -6.3578e+01     5.7007e-01      2.0536e+06     
4.5251e-01      4.1328e+01      1.9599e+02      2.0998e+06     
4.5751e-01      -1.3273e+02     3.2298e+02      2.1451e+06     
4.6251e-01      4.0570e+01      4.1377e+02      2.1922e+06     
4.6751e-01      8.5641e+01      4.8304e+02      2.2404e+06     
4.7251e-01      -1.8792e+02     -1.2094e+02     2.2901e+06     
4.7751e-01      7.5734e+01      -2.1538e+02     2.3384e+06     
4.8251e-01      1.1412e+02      3.6890e+02      2.3869e+06     
4.8751e-01      -1.5620e+02     2.1711e+02      2.4358e+06     
4.9251e-01      1.8094e+01      4.6492e+02      2.4872e+06     
4.9751e-01      -5.3391e+01     4.1779e+02      2.5389e+06     
5.0251e-01      -1.9159e+02     5.3038e+02      2.5888e+06     
5.0751e-01      -1.6960e+02     -1.0603e+02     2.6410e+06     
5.1251e-01      1.0275e+02      -2.2718e+01     2.6914e+06     
5.1751e-01      1.2047e+02      1.3443e+02      2.7449e+06     
5.2251e-01      -1.0820e+02     1.5681e+02      2.8001e+06     
5.2751e-01      7.6594e+01      -1.6499e+02     2.8530e+06     
5.3251e-01      -1.1982e+02     -3.1062e+02     2.9080e+06     
5.3751e-01      2.0414e+01      2.8836e+01      2.9615e+06     
5.4251e-01      8.7180e+01      3.1031e+02      3.0181e+06     
5.4751e-01      8.8477e+01      3.7455e+02      3.0734e+06     
5.5251e-01      1.2269e+02      -1.8409e+02     3.1297e+06     
5.5751e-01      6.0758e+01      2.3090e+02      3.1876e+06     
5.6251e-01      -9.3289e+01     -3.1186e+02     3.2433e+06     
5.6751e-01      -6.1633e+01     6.7118e+01      3.3011e+06     
5.7251e-01      -1.7915e+02     -1.6560e+01     3.3601e+06     
