# k P0 P2 modes
3.7860e-03      -2.6318e+04     1.0334e+05      2.2300e+02     
8.0557e-03      1.6999e+04      2.6364e+04      1.5160e+03     
1.2839e-02      4.4542e+04      2.5941e+04      4.1300e+03     
1.7758e-02      4.4334e+04      1.6145e+04      8.0580e+03     
2.2686e-02      3.6908e+04      3.1755e+03      1.3118e+04     
2.7645e-02      2.8125e+04      1.1389e+04      1.9784e+04     
3.2626e-02      3.4354e+04      2.1349e+04      2.7482e+04     
3.7615e-02      2.6599e+04      8.6598e+03      3.6794e+04     
4.2612e-02      2.4290e+04      8.6958e+03      4.7060e+04     
4.7588e-02      2.1363e+04      5.9473e+03      5.8466e+04     
5.2576e-02      1.7641e+04      4.8044e+03      7.1934e+04     
5.7577e-02      1.7711e+04      6.8135e+03      8.6096e+04     
6.2571e-02      1.6698e+04      3.9555e+03      1.0167e+05     
6.7564e-02      1.6402e+04      3.4698e+03      1.1849e+05     
7.2555e-02      1.4089e+04      2.7448e+03      1.3659e+05     
7.7552e-02      1.3253e+04      8.9444e+03      1.5654e+05     
8.2550e-02      1.2345e+04      6.5686e+03      1.7690e+05     
8.7547e-02      9.9754e+03      6.4534e+03      1.9940e+05     
9.2546e-02      8.8862e+03      1.6200e+02      2.2258e+05     
9.7541e-02      8.5356e+03      2.0293e+02      2.4711e+05     
1.0254e-01      8.7384e+03      2.3083e+03      2.7352e+05     
1.0754e-01      7.7220e+03      5.1448e+02      3.0053e+05     
1.1254e-01      7.5592e+03      1.2520e+03      3.2983e+05     
1.1754e-01      6.7189e+03      -1.0139e+03     3.5888e+05     
1.2253e-01      5.3676e+03      3.0695e+02      3.9021e+05     
1.2753e-01      5.0649e+03      3.6105e+02      4.2301e+05     
1.3253e-01      4.4823e+03      1.3055e+03      4.5655e+05     
1.3753e-01      4.2333e+03      1.9896e+03      4.9198e+05     
1.4253e-01      3.9378e+03      1.5947e+03      5.2826e+05     
1.4753e-01      4.0475e+03      1.6668e+02      5.6575e+05     
1.5253e-01      3.2066e+03      2.5723e+02      6.0512e+05     
1.5753e-01      3.6244e+03      7.5071e+02      6.4543e+05     
1.6253e-01      3.3504e+03      7.8620e+02      6.8727e+05     
1.6753e-01      2.7696e+03      1.1117e+03      7.2993e+05     
1.7252e-01      2.3589e+03      1.0071e+03      7.7319e+05     
1.7752e-01      2.4537e+03      4.4361e+02      8.2002e+05     
1.8252e-01      2.4934e+03      7.4005e+02      8.6670e+05     
1.8752e-01      2.1877e+03      1.9692e+02      9.1408e+05     
1.9252e-01      1.9259e+03      -1.0231e+03     9.6442e+05     
1.9752e-01      1.9412e+03      -1.6776e+02     1.0148e+06     
2.0252e-01      1.7811e+03      9.2286e+02      1.0664e+06     
2.0752e-01      1.6161e+03      -1.1232e+03     1.1195e+06     
2.1252e-01      2.0547e+03      -2.0777e+02     1.1755e+06     
2.1752e-01      1.7514e+03      -1.0363e+03     1.2297e+06     
2.2252e-01      1.7495e+03      -5.3235e+02     1.2877e+06     
2.2752e-01      1.4341e+03      2.2361e+02      1.3469e+06     
2.3252e-01      1.4517e+03      -3.4964e+02     1.4056e+06     
2.3752e-01      8.5177e+02      -4.8310e+02     1.4678e+06     
2.4252e-01      9.2377e+02      -2.9430e+02     1.5297e+06     
2.4752e-01      1.2935e+03      -6.2966e+02     1.5934e+06     
2.5252e-01      8.3175e+02      -4.9476e+02     1.6588e+06     
2.5752e-01      7.1959e+02      -8.5931e+02     1.7236e+06     
2.6251e-01      1.1310e+03      -1.1707e+03     1.7932e+06     
2.6752e-01      6.9654e+02      5.3210e+02      1.8613e+06     
2.7251e-01      7.5405e+02      -9.0490e+02     1.9309e+06     
2.7751e-01      6.5816e+02      -3.4558e+02     2.0046e+06     
2.8252e-01      5.7609e+02      -5.7166e+02     2.0749e+06     
2.8751e-01      5.8612e+02      -5.1304e+02     2.1505e+06     
2.9251e-01      7.0958e+02      1.9337e+02      2.2248e+06     
2.9751e-01      2.6250e+01      -5.5668e+02     2.3029e+06     
3.0251e-01      6.3320e+02      -1.1356e+02     2.3814e+06     
3.0751e-01      4.7543e+02      -1.0486e+03     2.4590e+06     
3.1251e-01      3.4628e+02      -7.4872e+02     2.5397e+06     
3.1751e-01      1.0802e+02      -7.7731e+01     2.6231e+06     
3.2251e-01      4.6677e+02      3.8396e+02      2.7040e+06     
3.2751e-01      4.3188e+02      -5.0339e+02     2.7905e+06     
3.3251e-01      7.0531e+01      -9.0223e+02     2.8762e+06     
3.3751e-01      -1.6100e+02     3.3083e+02      2.9630e+06     
3.4251e-01      9.8781e+01      3.2872e+02      3.0520e+06     
3.4751e-01      3.0527e+02      2.9061e+02      3.1406e+06     
3.5251e-01      3.1390e+02      -5.4992e+02     3.2325e+06     
3.5751e-01      -1.1863e+02     -2.3394e+02     3.3242e+06     
3.6251e-01      -9.7438e+01     -2.7574e+02     3.4175e+06     
3.6751e-01      4.3852e+01      -1.3035e+02     3.5140e+06     
3.7251e-01      2.0638e+02      -1.9443e+02     3.6094e+06     
3.7751e-01      -4.2359e+01     -9.8849e+01     3.7072e+06     
3.8251e-01      2.2613e+02      -1.3725e+02     3.8061e+06     
3.8751e-01      2.0568e+02      -2.5474e+02     3.9054e+06     
3.9251e-01      2.1766e+02      6.9384e+00      4.0072e+06     
3.9751e-01      1.1428e+02      -1.5684e+02     4.1094e+06     
4.0251e-01      -5.5062e+01     -1.0059e+02     4.2157e+06     
4.0751e-01      3.7705e+02      -4.0384e+01     4.3198e+06     
4.1251e-01      1.4485e+02      -3.3854e+02     4.4253e+06     
4.1751e-01      -1.3598e+02     -2.3359e+02     4.5333e+06     
4.2251e-01      -6.5453e+01     3.8346e+01      4.6377e+06     
