# k P0 P2 modes
3.7054e-03      9.2211e+04      -2.5522e+04     8.3000e+01     
8.0027e-03      3.9936e+04      6.8334e+04      5.9600e+02     
1.2850e-02      3.6998e+04      2.3709e+04      1.6480e+03     
1.7764e-02      3.9460e+04      1.3519e+04      3.1560e+03     
2.2684e-02      3.8985e+04      1.8683e+04      5.1760e+03     
2.7646e-02      3.3623e+04      1.2937e+04      7.8040e+03     
3.2636e-02      2.8572e+04      9.4974e+03      1.0874e+04     
3.7623e-02      2.5064e+04      6.6885e+03      1.4442e+04     
4.2607e-02      2.2351e+04      5.3478e+03      1.8544e+04     
4.7584e-02      1.9538e+04      3.5128e+03      2.3040e+04     
5.2572e-02      1.8647e+04      4.3665e+03      2.8366e+04     
5.7566e-02      1.7326e+04      5.9409e+03      3.3818e+04     
6.2559e-02      1.4270e+04      5.3915e+03      4.0130e+04     
6.7563e-02      1.5416e+04      3.7353e+03      4.6838e+04     
7.2561e-02      1.4242e+04      6.1870e+03      5.3826e+04     
7.7552e-02      1.1293e+04      4.5912e+03      6.1584e+04     
8.2550e-02      1.1559e+04      3.8344e+03      6.9864e+04     
8.7545e-02      1.1606e+04      4.4458e+03      7.8404e+04     
9.2544e-02      9.0375e+03      3.6612e+03      8.7902e+04     
9.7542e-02      8.1438e+03      3.4935e+03      9.7310e+04     
1.0253e-01      7.8411e+03      2.3529e+03      1.0772e+05     
1.0754e-01      6.6322e+03      4.9349e+03      1.1865e+05     
1.1254e-01      5.9522e+03      2.2842e+03      1.2991e+05     
1.1754e-01      6.1839e+03      1.2314e+03      1.4138e+05     
1.2253e-01      5.5470e+03      1.1718e+03      1.5396e+05     
1.2753e-01      5.6489e+03      1.5439e+03      1.6672e+05     
1.3253e-01      4.7223e+03      2.7524e+03      1.7981e+05     
1.3753e-01      4.8870e+03      1.0054e+03      1.9428e+05     
1.4253e-01      4.3443e+03      1.2907e+03      2.0777e+05     
1.4753e-01      4.0131e+03      8.5124e+02      2.2328e+05     
1.5253e-01      4.1914e+03      4.6743e+02      2.3850e+05     
1.5753e-01      3.2351e+03      -3.5554e+02     2.5444e+05     
1.6253e-01      3.6423e+03      1.4559e+03      2.7068e+05     
1.6753e-01      3.3641e+03      1.3143e+03      2.8771e+05     
1.7253e-01      2.8217e+03      9.4977e+02      3.0520e+05     
1.7753e-01      2.8592e+03      1.0176e+03      3.2301e+05     
1.8253e-01      1.9405e+03      2.0307e+03      3.4181e+05     
1.8753e-01      2.0382e+03      7.2882e+02      3.6002e+05     
1.9252e-01      2.4632e+03      1.0143e+03      3.7973e+05     
1.9752e-01      1.4493e+03      1.3848e+02      3.9966e+05     
2.0251e-01      1.5098e+03      8.9926e+02      4.2032e+05     
2.0752e-01      1.6436e+03      2.7316e+02      4.4207e+05     
2.1252e-01      1.3658e+03      -7.3710e+02     4.6264e+05     
2.1752e-01      1.6152e+03      4.2628e+02      4.8582e+05     
2.2252e-01      1.4075e+03      4.1444e+02      5.0730e+05     
2.2752e-01      1.1323e+03      4.5994e+02      5.3078e+05     
2.3252e-01      9.7596e+02      3.7453e+02      5.5452e+05     
2.3752e-01      1.1438e+03      -2.1894e+02     5.7801e+05     
2.4252e-01      1.2396e+03      -2.3399e+02     6.0327e+05     
2.4752e-01      1.0858e+03      -7.7854e+02     6.2775e+05     
2.5252e-01      1.1180e+03      8.4050e+02      6.5330e+05     
2.5751e-01      9.4433e+02      -2.9107e+02     6.7990e+05     
2.6251e-01      5.3009e+02      -8.6753e+02     7.0609e+05     
2.6751e-01      5.2900e+02      -1.5573e+03     7.3426e+05     
2.7251e-01      1.0943e+03      2.2131e+02      7.6119e+05     
2.7751e-01      5.9998e+02      -6.5142e+02     7.8997e+05     
2.8252e-01      7.1917e+02      -5.1776e+02     8.1825e+05     
2.8751e-01      6.9549e+02      2.7235e+02      8.4702e+05     
2.9251e-01      8.1044e+02      2.5857e+02      8.7700e+05     
2.9751e-01      4.4723e+02      8.6356e+01      9.0860e+05     
3.0252e-01      6.1758e+02      -6.0607e+02     9.3780e+05     
3.0752e-01      5.2598e+02      -3.6512e+02     9.6971e+05     
3.1251e-01      7.3123e+02      5.0906e+02      9.9996e+05     
3.1751e-01      6.2774e+02      -7.7368e+01     1.0341e+06     
3.2251e-01      4.4779e+02      4.0116e+02      1.0664e+06     
3.2751e-01      3.2719e+02      -1.4147e+02     1.1003e+06     
3.3251e-01      5.7776e+02      -3.8537e+02     1.1331e+06     
3.3751e-01      6.3757e+02      -3.2462e+01     1.1681e+06     
3.4251e-01      4.7804e+02      -7.2123e+02     1.2033e+06     
3.4751e-01      4.3390e+02      -3.3882e+02     1.2379e+06     
3.5251e-01      2.4305e+02      8.8098e+01      1.2741e+06     
3.5751e-01      5.2067e+02      -3.2662e+02     1.3102e+06     
3.6251e-01      5.2680e+02      4.3463e+02      1.3469e+06     
3.6751e-01      3.7659e+02      7.1251e+02      1.3853e+06     
3.7251e-01      1.0023e+02      5.0098e+02      1.4223e+06     
3.7751e-01      2.7563e+02      -3.1654e+02     1.4612e+06     
3.8251e-01      4.4633e+02      -1.2305e+02     1.4995e+06     
3.8751e-01      8.7344e+00      -1.5577e+01     1.5397e+06     
3.9251e-01      3.0430e+02      4.8300e+02      1.5799e+06     
3.9751e-01      2.1305e+02      -7.2038e+01     1.6194e+06     
4.0251e-01      1.9851e+02      1.0042e+02      1.6615e+06     
4.0751e-01      3.0991e+02      -4.7111e+02     1.7017e+06     
4.1251e-01      3.6004e+02      -4.5237e+02     1.7450e+06     
4.1751e-01      4.2930e+01      -1.0294e+02     1.7875e+06     
4.2251e-01      -2.6424e+02     6.5943e+02      1.8304e+06     
4.2751e-01      -1.5197e+02     2.9596e+02      1.8737e+06     
4.3251e-01      3.3961e+01      2.2873e+02      1.9186e+06     
4.3751e-01      3.5396e+02      3.4960e+02      1.9624e+06     
4.4251e-01      -7.8516e+00     3.6026e+02      2.0069e+06     
4.4751e-01      8.6438e+01      -4.6656e+01     2.0536e+06     
4.5251e-01      7.1430e+01      1.4885e+02      2.0998e+06     
4.5751e-01      -1.0001e+02     5.3935e+02      2.1451e+06     
4.6251e-01      2.1262e+02      -2.1654e+02     2.1922e+06     
4.6751e-01      7.7766e+01      -1.2721e+02     2.2404e+06     
4.7251e-01      6.6484e+01      1.8732e+01      2.2901e+06     
4.7751e-01      -1.6133e+01     -2.4438e+02     2.3384e+06     
4.8251e-01      -1.6870e+02     1.1496e+02      2.3869e+06     
4.8751e-01      7.8359e+00      3.8420e+02      2.4358e+06     
4.9251e-01      1.1776e+02      5.5872e+02      2.4872e+06     
4.9751e-01      1.6920e+02      6.5905e+02      2.5389e+06     
5.0251e-01      -1.1211e+02     3.1787e+02      2.5888e+06     
5.0751e-01      -1.1797e+01     2.0381e+01      2.6410e+06     
5.1251e-01      -8.1188e+01     4.2603e+02      2.6914e+06     
5.1751e-01      -1.5961e+02     6.3667e+01      2.7449e+06     
5.2251e-01      1.6430e+01      2.6383e+02      2.8001e+06     
5.2751e-01      4.4555e+01      -1.1887e+02     2.8530e+06     
5.3251e-01      -9.7117e+01     6.6094e+01      2.9080e+06     
5.3751e-01      -2.5838e+02     1.9708e+02      2.9615e+06     
5.4251e-01      -1.6148e+02     -1.2788e+02     3.0181e+06     
5.4751e-01      -1.2704e+02     9.2611e+01      3.0734e+06     
5.5251e-01      9.7891e+00      -2.8419e+02     3.1297e+06     
5.5751e-01      -1.1488e+02     8.6224e+01      3.1876e+06     
5.6251e-01      -1.0678e+02     5.9649e+00      3.2433e+06     
5.6751e-01      -3.0706e+02     -4.9352e+00     3.3011e+06     
5.7251e-01      -3.5930e+01     -2.0113e+02     3.3601e+06     
