# k P0 P2 modes
3.7538e-03      -9.5386e+03     -3.6153e+04     7.7000e+01     
8.0504e-03      4.0882e+04      1.1965e+04      5.4800e+02     
1.2849e-02      2.8657e+04      7.2676e+03      1.4800e+03     
1.7752e-02      4.7814e+04      7.3179e+03      2.8720e+03     
2.2692e-02      3.4052e+04      8.2145e+03      4.7360e+03     
2.7648e-02      2.6663e+04      4.8531e+03      7.0360e+03     
3.2613e-02      2.3048e+04      6.6689e+03      9.8380e+03     
3.7611e-02      2.1007e+04      -8.4910e+02     1.3208e+04     
4.2613e-02      2.1035e+04      1.0812e+04      1.6858e+04     
4.7605e-02      1.9053e+04      8.8548e+03      2.1080e+04     
5.2591e-02      1.9025e+04      3.1137e+03      2.5624e+04     
5.7568e-02      1.8034e+04      1.0481e+04      3.0728e+04     
6.2562e-02      1.3627e+04      4.2779e+03      3.6498e+04     
6.7567e-02      1.1391e+04      8.8924e+03      4.2528e+04     
7.2573e-02      1.2774e+04      3.2417e+03      4.9152e+04     
7.7565e-02      1.2246e+04      7.6758e+03      5.5744e+04     
8.2548e-02      1.1687e+04      3.9889e+03      6.3346e+04     
8.7544e-02      1.0744e+04      6.5384e+03      7.1388e+04     
9.2544e-02      8.9957e+03      -2.3861e+03     7.9762e+04     
9.7542e-02      7.9788e+03      1.0708e+03      8.8564e+04     
1.0254e-01      6.6088e+03      8.0684e+02      9.7988e+04     
1.0754e-01      6.5758e+03      2.0559e+02      1.0771e+05     
1.1254e-01      5.7838e+03      2.1022e+03      1.1795e+05     
1.1753e-01      5.7754e+03      2.6223e+03      1.2829e+05     
1.2252e-01      4.0563e+03      -2.9248e+02     1.3977e+05     
1.2753e-01      5.0263e+03      7.6987e+02      1.5195e+05     
1.3254e-01      4.9755e+03      1.0239e+03      1.6358e+05     
1.3753e-01      5.8064e+03      1.1835e+03      1.7594e+05     
1.4253e-01      4.9519e+03      9.5768e+02      1.8906e+05     
1.4753e-01      3.6511e+03      2.4651e+03      2.0282e+05     
1.5253e-01      3.2140e+03      2.0076e+03      2.1681e+05     
1.5752e-01      3.4798e+03      1.6312e+03      2.3088e+05     
1.6252e-01      2.9666e+03      1.9454e+03      2.4623e+05     
1.6752e-01      2.2035e+03      1.0913e+03      2.6133e+05     
1.7252e-01      2.7894e+03      -2.6659e+02     2.7728e+05     
1.7752e-01      2.7991e+03      1.3251e+03      2.9332e+05     
1.8252e-01      2.7870e+03      2.1939e+03      3.1057e+05     
1.8752e-01      2.3105e+03      2.3955e+03      3.2756e+05     
1.9252e-01      2.1632e+03      2.0204e+03      3.4527e+05     
1.9752e-01      2.7255e+03      1.0265e+03      3.6354e+05     
2.0252e-01      2.2314e+03      1.9265e+03      3.8166e+05     
2.0752e-01      1.9504e+03      3.2164e+01      4.0085e+05     
2.1252e-01      2.0589e+03      2.1173e+03      4.2101e+05     
2.1752e-01      1.7414e+03      5.5119e+02      4.4116e+05     
2.2252e-01      1.6664e+03      3.1277e+02      4.6130e+05     
2.2752e-01      1.9205e+03      2.5246e+01      4.8219e+05     
2.3252e-01      1.3017e+03      1.2263e+02      5.0386e+05     
2.3752e-01      1.4360e+03      4.1629e+02      5.2502e+05     
2.4252e-01      1.6263e+03      4.5272e+02      5.4795e+05     
2.4752e-01      1.4906e+03      1.3572e+03      5.7054e+05     
2.5252e-01      1.0707e+03      1.9875e+02      5.9437e+05     
2.5752e-01      3.5758e+02      -1.1450e+03     6.1790e+05     
2.6252e-01      7.6567e+02      6.6241e+02      6.4211e+05     
2.6752e-01      1.1088e+03      -7.1452e+02     6.6611e+05     
2.7251e-01      6.4885e+02      -2.5274e+02     6.9179e+05     
2.7752e-01      6.6909e+02      -5.6884e+02     7.1800e+05     
2.8252e-01      4.2149e+02      -5.7308e+02     7.4315e+05     
2.8752e-01      4.9120e+02      7.6234e+02      7.7019e+05     
2.9251e-01      5.5244e+02      1.4615e+02      7.9643e+05     
2.9751e-01      6.2449e+02      3.9917e+02      8.2482e+05     
3.0251e-01      5.3866e+02      -1.0664e+02     8.5256e+05     
3.0751e-01      3.2723e+02      -5.9655e+02     8.8037e+05     
3.1251e-01      4.0644e+02      6.9923e+01      9.1065e+05     
3.1751e-01      3.9252e+02      5.8901e+00      9.3900e+05     
3.2251e-01      3.4871e+02      1.6508e+02      9.6935e+05     
3.2751e-01      4.0001e+02      -2.2873e+02     9.9834e+05     
3.3251e-01      5.1981e+02      -9.1226e+02     1.0299e+06     
3.3751e-01      2.0105e+02      -3.6558e+02     1.0619e+06     
3.4251e-01      -7.9391e+01     1.1238e+02      1.0933e+06     
3.4751e-01      -2.0328e+01     -3.9440e+01     1.1255e+06     
3.5251e-01      3.6717e+02      -7.6990e+02     1.1574e+06     
3.5751e-01      2.8766e+02      -4.2451e+02     1.1902e+06     
3.6251e-01      3.3747e+02      -2.9357e+02     1.2246e+06     
3.6751e-01      3.2430e+02      -1.7745e+02     1.2579e+06     
3.7251e-01      6.4633e+01      2.8686e+02      1.2923e+06     
3.7751e-01      1.7193e+02      -2.7885e+02     1.3285e+06     
3.8251e-01      1.7690e+02      1.7246e+01      1.3628e+06     
3.8751e-01      3.2823e+02      2.2440e+02      1.3992e+06     
3.9251e-01      8.4750e+01      5.3791e+02      1.4344e+06     
3.9751e-01      4.4812e+01      -2.2141e+02     1.4730e+06     
4.0251e-01      3.3672e+00      -2.5335e+02     1.5097e+06     
4.0751e-01      2.3998e+02      -4.6451e+02     1.5466e+06     
4.1251e-01      -1.7516e+01     -6.6904e+02     1.5850e+06     
4.1751e-01      2.0602e+01      -8.6956e+02     1.6236e+06     
4.2251e-01      -2.0995e+02     -3.8912e+02     1.6633e+06     
4.2751e-01      6.3930e+01      1.5009e+02      1.7025e+06     
4.3251e-01      1.1555e+02      -1.4203e+01     1.7437e+06     
4.3751e-01      6.2508e+01      5.9384e+02      1.7830e+06     
4.4251e-01      2.2525e+02      5.9976e+02      1.8248e+06     
4.4751e-01      -1.0029e+02     -7.2829e+01     1.8648e+06     
4.5251e-01      1.4523e+01      -1.3070e+02     1.9067e+06     
4.5751e-01      -1.5995e+02     -3.1317e+01     1.9513e+06     
4.6251e-01      1.3542e+02      2.9834e+02      1.9925e+06     
4.6751e-01      -8.6344e+01     -9.5949e+01     2.0369e+06     
4.7251e-01      -1.2400e+02     -2.6059e+02     2.0795e+06     
4.7751e-01      -9.1281e+01     2.8984e+02      2.1227e+06     
4.8251e-01      1.5954e+02      1.2384e+02      2.1704e+06     
4.8751e-01      -6.3922e+01     -1.8941e+02     2.2138e+06     
4.9251e-01      -2.8879e+02     -4.1003e+02     2.2594e+06     
4.9751e-01      5.0539e+01      7.8347e+01      2.3053e+06     
5.0251e-01      -3.2508e+01     5.0378e+02      2.3530e+06     
5.0751e-01      8.6258e+01      4.9145e+02      2.3992e+06     
5.1251e-01      -7.0648e+01     -5.1554e+02     2.4464e+06     
5.1751e-01      -2.5836e+02     -3.3415e+02     2.4969e+06     
5.2251e-01      -2.2387e+02     -2.9712e+02     2.5441e+06     
5.2751e-01      -1.1081e+02     -3.4116e+01     2.5919e+06     
5.3251e-01      7.4156e+01      -1.9264e+02     2.6408e+06     
5.3751e-01      -6.0359e+01     3.6252e+02      2.6923e+06     
5.4251e-01      -5.5414e+01     3.8510e+01      2.7415e+06     
5.4751e-01      1.2961e+01      1.2258e+02      2.7933e+06     
5.5251e-01      -1.3087e+02     4.5981e+02      2.8443e+06     
5.5751e-01      -4.2641e+01     -4.0992e+01     2.8958e+06     
5.6251e-01      2.6624e+02      -2.3947e+02     2.9476e+06     
5.6751e-01      2.3569e+02      2.8178e+02      3.0000e+06     
5.7251e-01      6.8594e+01      -3.7882e+00     3.0533e+06     
5.7751e-01      1.8786e+02      1.2458e+02      3.1073e+06     
5.8251e-01      3.4086e+01      2.3466e+02      3.1610e+06     
5.8751e-01      -3.5781e+00     -6.1976e+01     3.2158e+06     
5.9251e-01      -3.0727e+02     2.2885e+02      3.2711e+06     
5.9751e-01      -1.4328e+02     -2.6948e+02     3.3249e+06     
6.0251e-01      -1.5538e+02     3.9570e+02      3.3828e+06     
6.0751e-01      2.4242e+01      2.7763e+02      3.4392e+06     
6.1251e-01      -5.3211e+01     1.9452e+02      3.4944e+06     
6.1751e-01      -1.0186e+02     -1.2960e+02     3.5519e+06     
6.2251e-01      -6.6328e+00     4.0759e+01      3.6102e+06     
6.2751e-01      -1.4311e+02     6.6296e+01      3.6677e+06     
6.3251e-01      2.6562e+01      -5.0181e+01     3.7272e+06     
