# k P0 P2 modes
3.7054e-03      3.3021e+04      -5.6895e+04     8.3000e+01     
8.0027e-03      1.9393e+04      -7.5589e+03     5.9600e+02     
1.2850e-02      3.0186e+04      1.7970e+04      1.6480e+03     
1.7764e-02      3.2494e+04      2.4310e+04      3.1560e+03     
2.2684e-02      3.7392e+04      8.8215e+03      5.1760e+03     
2.7646e-02      3.5357e+04      1.5602e+04      7.8040e+03     
3.2636e-02      2.9161e+04      2.2526e+04      1.0874e+04     
3.7623e-02      2.5121e+04      3.3855e+03      1.4442e+04     
4.2607e-02      2.3296e+04      9.4424e+03      1.8544e+04     
4.7584e-02      1.9810e+04      5.3816e+03      2.3040e+04     
5.2572e-02      1.8820e+04      3.0664e+03      2.8366e+04     
5.7566e-02      1.6375e+04      4.7420e+03      3.3818e+04     
6.2559e-02      1.5437e+04      3.5742e+03      4.0130e+04     
6.7563e-02      1.5402e+04      4.7149e+03      4.6838e+04     
7.2561e-02      1.2792e+04      8.1746e+03      5.3826e+04     
7.7552e-02      1.3298e+04      4.6227e+03      6.1584e+04     
8.2550e-02      1.1426e+04      3.8957e+03      6.9864e+04     
8.7545e-02      1.2615e+04      4.1401e+03      7.8404e+04     
9.2544e-02      8.3378e+03      2.6754e+03      8.7902e+04     
9.7542e-02      7.4578e+03      4.8906e+03      9.7310e+04     
1.0253e-01      7.7065e+03      5.9985e+02      1.0772e+05     
1.0754e-01      6.1285e+03      2.6399e+03      1.1865e+05     
1.1254e-01      6.5035e+03      2.5293e+03      1.2991e+05     
1.1754e-01      5.9888e+03      2.2228e+03      1.4138e+05     
1.2253e-01      5.1580e+03      -2.1535e+01     1.5396e+05     
1.2753e-01      4.0259e+03      2.1009e+02      1.6672e+05     
1.3253e-01      3.9831e+03      2.4915e+02      1.7981e+05     
1.3753e-01      4.7730e+03      -4.8267e+02     1.9428e+05     
1.4253e-01      4.4400e+03      -1.3352e+02     2.0777e+05     
1.4753e-01      3.6879e+03      -7.0095e+02     2.2328e+05     
1.5253e-01      2.9028e+03      1.9354e+03      2.3850e+05     
1.5753e-01      2.8300e+03      2.6193e+03      2.5444e+05     
1.6253e-01      2.9508e+03      1.2161e+03      2.7068e+05     
1.6753e-01      2.9508e+03      -7.9975e+02     2.8771e+05     
1.7253e-01      2.9569e+03      2.7043e+03      3.0520e+05     
1.7753e-01      2.5363e+03      6.4751e+02      3.2301e+05     
1.8253e-01      2.5496e+03      8.5319e+02      3.4181e+05     
1.8753e-01      2.5733e+03      -1.0204e+03     3.6002e+05     
1.9252e-01      2.4388e+03      2.7275e+02      3.7973e+05     
1.9752e-01      1.8597e+03      5.9698e+02      3.9966e+05     
2.0251e-01      1.7615e+03      -6.2353e+02     4.2032e+05     
2.0752e-01      1.5434e+03      -5.2424e+02     4.4207e+05     
2.1252e-01      1.2391e+03      -6.0895e+00     4.6264e+05     
2.1752e-01      1.0711e+03      5.5970e+01      4.8582e+05     
2.2252e-01      1.5796e+03      -4.4725e+02     5.0730e+05     
2.2752e-01      1.2310e+03      -9.7482e+02     5.3078e+05     
2.3252e-01      8.0283e+02      -8.0843e+02     5.5452e+05     
2.3752e-01      1.1404e+03      -5.3015e+02     5.7801e+05     
2.4252e-01      7.8748e+02      -1.6118e+03     6.0327e+05     
2.4752e-01      1.1751e+03      -4.6130e+02     6.2775e+05     
2.5252e-01      8.8858e+02      -6.0370e+02     6.5330e+05     
2.5751e-01      1.0481e+03      -3.5151e+02     6.7990e+05     
2.6251e-01      7.5304e+02      -7.1216e+02     7.0609e+05     
2.6751e-01      7.9095e+02      3.0308e+02      7.3426e+05     
2.7251e-01      6.1427e+02      -5.6020e+01     7.6119e+05     
2.7751e-01      5.4387e+02      -3.2689e+02     7.8997e+05     
2.8252e-01      7.1312e+02      3.2682e+01      8.1825e+05     
2.8751e-01      6.0309e+02      2.8008e+02      8.4702e+05     
2.9251e-01      4.3240e+02      -4.5772e+01     8.7700e+05     
2.9751e-01      6.5692e+02      -5.2626e+02     9.0860e+05     
3.0252e-01      5.7562e+02      -2.8562e+02     9.3780e+05     
3.0752e-01      3.6657e+02      5.8151e+02      9.6971e+05     
3.1251e-01      5.8321e+02      1.6630e+02      9.9996e+05     
3.1751e-01      4.1614e+02      -7.3340e+02     1.0341e+06     
3.2251e-01      9.7406e+01      -3.9307e+02     1.0664e+06     
3.2751e-01      3.7752e+02      -3.3693e+02     1.1003e+06     
3.3251e-01      6.4183e+02      -7.9352e+02     1.1331e+06     
3.3751e-01      2.3877e+02      -9.6718e+02     1.1681e+06     
3.4251e-01      4.9569e+02      5.0080e+01      1.2033e+06     
3.4751e-01      8.8234e+01      2.0259e+02      1.2379e+06     
3.5251e-01      -2.5648e+01     3.0532e+02      1.2741e+06     
3.5751e-01      -3.1250e+01     -2.8819e+02     1.3102e+06     
3.6251e-01      2.6162e+02      4.2637e+01      1.3469e+06     
3.6751e-01      1.7886e+02      3.2649e+02      1.3853e+06     
3.7251e-01      2.4162e+02      -4.1279e+02     1.4223e+06     
3.7751e-01      -1.5279e+02     -1.6909e+02     1.4612e+06     
3.8251e-01      2.6529e+02      -2.1830e+02     1.4995e+06     
3.8751e-01      1.9825e+02      3.3085e+02      1.5397e+06     
3.9251e-01      1.7379e+02      -3.6126e+02     1.5799e+06     
3.9751e-01      1.1058e+02      -8.9597e+02     1.6194e+06     
4.0251e-01      3.8380e+02      -3.0073e+02     1.6615e+06     
4.0751e-01      3.7266e+01      1.3383e+02      1.7017e+06     
4.1251e-01      1.6892e+02      -6.8511e+01     1.7450e+06     
4.1751e-01      3.4026e+02      -3.0730e+01     1.7875e+06     
4.2251e-01      3.5594e+02      -2.0548e+02     1.8304e+06     
4.2751e-01      -9.2188e+00     -2.2291e+02     1.8737e+06     
4.3251e-01      -4.7188e+01     -2.5528e+01     1.9186e+06     
4.3751e-01      -9.4773e+01     -3.7948e+02     1.9624e+06     
4.4251e-01      4.7227e+01      -9.5593e+01     2.0069e+06     
4.4751e-01      2.1884e+02      2.9976e+02      2.0536e+06     
4.5251e-01      9.3562e+01      -2.1664e+02     2.0998e+06     
4.5751e-01      1.1002e+02      5.9221e+00      2.1451e+06     
4.6251e-01      2.4844e+00      -1.6529e+02     2.1922e+06     
4.6751e-01      -9.5586e+01     5.3741e+02      2.2404e+06     
4.7251e-01      2.4659e+02      5.5912e+02      2.2901e+06     
4.7751e-01      8.7422e+01      3.3920e+02      2.3384e+06     
4.8251e-01      1.3105e+02      -3.8561e+02     2.3869e+06     
4.8751e-01      -1.5622e+02     -3.8484e+02     2.4358e+06     
4.9251e-01      -2.2831e+02     -7.6068e+02     2.4872e+06     
4.9751e-01      -5.7203e+01     -1.3557e+02     2.5389e+06     
5.0251e-01      -4.5047e+01     -2.1653e+02     2.5888e+06     
5.0751e-01      4.0211e+01      -2.0629e+01     2.6410e+06     
5.1251e-01      8.6656e+01      -1.5884e+02     2.6914e+06     
5.1751e-01      -6.6266e+01     6.4806e+01      2.7449e+06     
5.2251e-01      2.5453e+01      3.7966e+02      2.8001e+06     
5.2751e-01      2.2728e+02      -2.8701e+01     2.8530e+06     
5.3251e-01      2.8653e+02      1.2313e+02      2.9080e+06     
5.3751e-01      3.7859e+01      1.1002e+02      2.9615e+06     
5.4251e-01      -1.7331e+02     -1.6878e+02     3.0181e+06     
5.4751e-01      -1.1981e+02     2.1628e+02      3.0734e+06     
5.5251e-01      1.0241e+02      6.5518e+02      3.1297e+06     
5.5751e-01      -1.9433e+02     4.0844e+02      3.1876e+06     
5.6251e-01      -8.8266e+01     -1.7097e+00     3.2433e+06     
5.6751e-01      -1.8234e+02     1.3865e+02      3.3011e+06     
5.7251e-01      9.7031e+00      -6.0254e+01     3.3601e+06     
