# k P0 P2 modes
3.7054e-03      4.6874e+04      -1.2014e+05     8.3000e+01     
8.0027e-03      3.2460e+04      -1.8592e+04     5.9600e+02     
1.2850e-02      2.5394e+04      3.8837e+04      1.6480e+03     
1.7764e-02      4.5797e+04      2.3477e+03      3.1560e+03     
2.2684e-02      3.6768e+04      6.6285e+03      5.1760e+03     
2.7646e-02      3.3682e+04      1.6051e+04      7.8040e+03     
3.2636e-02      2.9066e+04      1.7048e+04      1.0874e+04     
3.7623e-02      2.5191e+04      1.7016e+04      1.4442e+04     
4.2607e-02      2.2426e+04      7.8191e+03      1.8544e+04     
4.7584e-02      2.0668e+04      9.9373e+03      2.3040e+04     
5.2572e-02      1.9376e+04      5.0045e+03      2.8366e+04     
5.7566e-02      1.6682e+04      1.0663e+03      3.3818e+04     
6.2559e-02      1.7230e+04      3.3569e+03      4.0130e+04     
6.7563e-02      1.5738e+04      6.4833e+03      4.6838e+04     
7.2561e-02      1.5104e+04      3.6575e+03      5.3826e+04     
7.7552e-02      1.3713e+04      4.3520e+03      6.1584e+04     
8.2550e-02      9.1478e+03      6.5515e+03      6.9864e+04     
8.7545e-02      9.0631e+03      3.8610e+03      7.8404e+04     
9.2544e-02      8.7796e+03      3.4099e+03      8.7902e+04     
9.7542e-02      8.5297e+03      2.0861e+03      9.7310e+04     
1.0253e-01      6.8669e+03      3.8017e+03      1.0772e+05     
1.0754e-01      6.9363e+03      3.3141e+03      1.1865e+05     
1.1254e-01      6.4727e+03      2.4827e+03      1.2991e+05     
1.1754e-01      5.2585e+03      2.0613e+03      1.4138e+05     
1.2253e-01      5.9939e+03      2.5874e+03      1.5396e+05     
1.2753e-01      6.2706e+03      1.9466e+03      1.6672e+05     
1.3253e-01      4.5719e+03      3.7196e+02      1.7981e+05     
1.3753e-01      4.5735e+03      1.6031e+03      1.9428e+05     
1.4253e-01      4.5812e+03      2.2571e+03      2.0777e+05     
1.4753e-01      4.9342e+03      4.4921e+02      2.2328e+05     
1.5253e-01      3.4427e+03      5.4618e+02      2.3850e+05     
1.5753e-01      3.1095e+03      2.1868e+03      2.5444e+05     
1.6253e-01      2.7900e+03      6.3583e+02      2.7068e+05     
1.6753e-01      2.5839e+03      1.0089e+03      2.8771e+05     
1.7253e-01      2.5954e+03      9.2559e+02      3.0520e+05     
1.7753e-01      2.3170e+03      3.6858e+02      3.2301e+05     
1.8253e-01      1.8383e+03      -1.0412e+02     3.4181e+05     
1.8753e-01      2.4470e+03      6.6623e+02      3.6002e+05     
1.9252e-01      1.9795e+03      -1.9360e+02     3.7973e+05     
1.9752e-01      2.2242e+03      1.1872e+02      3.9966e+05     
2.0251e-01      1.8196e+03      -3.5497e+02     4.2032e+05     
2.0752e-01      2.1815e+03      1.5430e+03      4.4207e+05     
2.1252e-01      1.3207e+03      -1.2214e+03     4.6264e+05     
2.1752e-01      1.9932e+03      -4.0024e+02     4.8582e+05     
2.2252e-01      2.2657e+03      2.2515e+02      5.0730e+05     
2.2752e-01      1.3601e+03      -4.6890e+02     5.3078e+05     
2.3252e-01      1.0610e+03      3.0815e+02      5.5452e+05     
2.3752e-01      1.1144e+03      -5.5135e+02     5.7801e+05     
2.4252e-01      1.3699e+03      1.6996e+01      6.0327e+05     
2.4752e-01      6.8137e+02      -3.2557e+02     6.2775e+05     
2.5252e-01      9.3520e+02      -7.0265e+02     6.5330e+05     
2.5751e-01      1.0681e+03      -5.7427e+02     6.7990e+05     
2.6251e-01      1.3167e+03      -1.6186e+02     7.0609e+05     
2.6751e-01      5.9746e+02      3.2417e+02      7.3426e+05     
2.7251e-01      6.6407e+02      3.0529e+02      7.6119e+05     
2.7751e-01      6.1380e+02      -2.3526e+01     7.8997e+05     
2.8252e-01      4.8715e+02      4.1533e+02      8.1825e+05     
2.8751e-01      3.7035e+02      -8.1084e+00     8.4702e+05     
2.9251e-01      6.7464e+02      -5.7994e+02     8.7700e+05     
2.9751e-01      3.3014e+02      1.7552e+02      9.0860e+05     
3.0252e-01      5.8332e+02      -4.5410e+02     9.3780e+05     
3.0752e-01      5.6141e+02      -7.9650e+02     9.6971e+05     
3.1251e-01      1.9289e+02      -5.9770e+02     9.9996e+05     
3.1751e-01      4.0324e+02      -8.6993e+01     1.0341e+06     
3.2251e-01      5.8598e+02      3.2133e+01      1.0664e+06     
3.2751e-01      6.6412e+02      3.3441e+01      1.1003e+06     
3.3251e-01      3.7932e+02      -1.7653e+02     1.1331e+06     
3.3751e-01      3.3673e+02      6.6902e+02      1.1681e+06     
3.4251e-01      1.6325e+02      -2.0685e+02     1.2033e+06     
3.4751e-01      3.0859e+00      -6.6472e+02     1.2379e+06     
3.5251e-01      8.7953e+01      -1.5500e+02     1.2741e+06     
3.5751e-01      2.7348e+02      4.1765e+02      1.3102e+06     
3.6251e-01      3.0486e+02      2.3590e+02      1.3469e+06     
3.6751e-01      4.5691e+02      2.7979e+01      1.3853e+06     
3.7251e-01      3.3734e+02      1.3450e+02      1.4223e+06     
3.7751e-01      -5.9508e+01     1.9437e+02      1.4612e+06     
3.8251e-01      4.6199e+02      4.0853e+02      1.4995e+06     
3.8751e-01      3.2845e+02      -4.1142e+02     1.5397e+06     
3.9251e-01      1.9382e+02      -4.0911e+02     1.5799e+06     
3.9751e-01      1.7770e+02      -3.2696e+02     1.6194e+06     
4.0251e-01      2.2026e+02      -3.6646e+02     1.6615e+06     
4.0751e-01      2.7821e+02      -7.9386e+01     1.7017e+06     
4.1251e-01      1.0841e+02      -4.0154e+02     1.7450e+06     
4.1751e-01      -1.3016e+01     -9.6544e+02     1.7875e+06     
4.2251e-01      8.3711e+01      -2.9557e+02     1.8304e+06     
4.2751e-01      1.8719e+02      6.4908e+02      1.8737e+06     
4.3251e-01      4.0250e+01      -5.1230e+01     1.9186e+06     
4.3751e-01      2.2180e+01      -2.2105e+02     1.9624e+06     
4.4251e-01      2.3595e+02      -5.1916e+02     2.0069e+06     
4.4751e-01      -2.2824e+02     5.8262e+02      2.0536e+06     
4.5251e-01      1.7477e+02      -3.0339e+02     2.0998e+06     
4.5751e-01      1.1847e+02      -2.6570e+02     2.1451e+06     
4.6251e-01      -1.3570e+02     3.3336e+02      2.1922e+06     
4.6751e-01      2.1155e+02      -9.3774e+02     2.2404e+06     
4.7251e-01      2.5316e+02      -1.9785e+02     2.2901e+06     
4.7751e-01      2.2820e+01      -5.0752e+01     2.3384e+06     
4.8251e-01      2.0255e+02      2.9280e+02      2.3869e+06     
4.8751e-01      1.1770e+02      -3.8092e+02     2.4358e+06     
4.9251e-01      2.6428e+02      -2.8935e+01     2.4872e+06     
4.9751e-01      -8.1164e+01     -2.7165e+02     2.5389e+06     
5.0251e-01      -1.4781e+01     7.9045e+01      2.5888e+06     
5.0751e-01      -5.6656e+01     -3.5621e+02     2.6410e+06     
5.1251e-01      1.3057e+02      1.1744e+02      2.6914e+06     
5.1751e-01      -7.2531e+01     -5.8821e+01     2.7449e+06     
5.2251e-01      3.9914e+01      1.2341e+02      2.8001e+06     
5.2751e-01      9.9016e+01      6.3136e+01      2.8530e+06     
5.3251e-01      1.4797e+01      4.6666e+02      2.9080e+06     
5.3751e-01      -2.7562e+01     3.3410e+02      2.9615e+06     
5.4251e-01      -3.1227e+01     -2.4840e+02     3.0181e+06     
5.4751e-01      5.9570e+01      5.8604e+01      3.0734e+06     
5.5251e-01      1.6622e+02      2.6162e+02      3.1297e+06     
5.5751e-01      4.3977e+01      2.2050e+02      3.1876e+06     
5.6251e-01      -1.8077e+02     -4.1504e+02     3.2433e+06     
5.6751e-01      -8.5680e+01     -2.3321e+02     3.3011e+06     
5.7251e-01      9.3742e+01      -2.6051e+02     3.3601e+06     
