# k P0 P2 modes
3.7054e-03      4.5102e+04      8.7668e+04      8.3000e+01     
8.0027e-03      4.2244e+04      3.0110e+04      5.9600e+02     
1.2850e-02      4.8341e+04      1.1488e+04      1.6480e+03     
1.7764e-02      4.1626e+04      2.5668e+04      3.1560e+03     
2.2684e-02      4.3667e+04      4.0597e+04      5.1760e+03     
2.7646e-02      3.1621e+04      7.4575e+03      7.8040e+03     
3.2636e-02      2.6205e+04      8.7027e+03      1.0874e+04     
3.7623e-02      2.0223e+04      1.1505e+04      1.4442e+04     
4.2607e-02      2.3467e+04      6.1366e+03      1.8544e+04     
4.7584e-02      2.0139e+04      1.1753e+04      2.3040e+04     
5.2572e-02      1.8829e+04      8.8307e+03      2.8366e+04     
5.7566e-02      1.7430e+04      1.1914e+04      3.3818e+04     
6.2559e-02      1.4533e+04      5.5890e+03      4.0130e+04     
6.7563e-02      1.2892e+04      5.2151e+03      4.6838e+04     
7.2561e-02      1.3105e+04      2.1659e+03      5.3826e+04     
7.7552e-02      1.1687e+04      5.1263e+03      6.1584e+04     
8.2550e-02      1.1497e+04      4.3325e+03      6.9864e+04     
8.7545e-02      9.4659e+03      1.5781e+03      7.8404e+04     
9.2544e-02      7.7561e+03      1.1214e+03      8.7902e+04     
9.7542e-02      7.7759e+03      7.5382e+02      9.7310e+04     
1.0253e-01      7.0876e+03      2.6232e+03      1.0772e+05     
1.0754e-01      6.4789e+03      2.1606e+03      1.1865e+05     
1.1254e-01      6.3196e+03      1.7241e+03      1.2991e+05     
1.1754e-01      5.8133e+03      1.0753e+03      1.4138e+05     
1.2253e-01      5.5773e+03      2.1340e+03      1.5396e+05     
1.2753e-01      4.8351e+03      8.0156e+02      1.6672e+05     
1.3253e-01      4.4323e+03      1.3331e+03      1.7981e+05     
1.3753e-01      4.4959e+03      1.9665e+03      1.9428e+05     
1.4253e-01      3.9323e+03      -8.4295e+01     2.0777e+05     
1.4753e-01      3.9910e+03      1.1532e+03      2.2328e+05     
1.5253e-01      2.5031e+03      1.2170e+03      2.3850e+05     
1.5753e-01      2.7070e+03      6.8145e+02      2.5444e+05     
1.6253e-01      2.5312e+03      1.8984e+03      2.7068e+05     
1.6753e-01      2.5937e+03      -2.5356e+02     2.8771e+05     
1.7253e-01      3.5155e+03      -4.0060e+01     3.0520e+05     
1.7753e-01      1.9263e+03      8.6326e+02      3.2301e+05     
1.8253e-01      2.4291e+03      -3.3724e+02     3.4181e+05     
1.8753e-01      2.1144e+03      1.6439e+03      3.6002e+05     
1.9252e-01      2.5533e+03      -2.1244e+02     3.7973e+05     
1.9752e-01      2.1871e+03      -6.8112e+02     3.9966e+05     
2.0251e-01      1.6338e+03      -6.8724e+02     4.2032e+05     
2.0752e-01      1.4460e+03      -6.6815e+02     4.4207e+05     
2.1252e-01      1.2690e+03      -8.0380e+02     4.6264e+05     
2.1752e-01      1.1372e+03      -5.0238e+02     4.8582e+05     
2.2252e-01      1.5144e+03      -7.3179e+02     5.0730e+05     
2.2752e-01      1.4485e+03      -5.2705e+02     5.3078e+05     
2.3252e-01      1.8891e+03      8.5301e+01      5.5452e+05     
2.3752e-01      1.4736e+03      2.1037e+02      5.7801e+05     
2.4252e-01      1.4459e+03      -4.9879e+02     6.0327e+05     
2.4752e-01      1.3975e+03      -3.5881e+02     6.2775e+05     
2.5252e-01      1.1262e+03      -4.4713e+02     6.5330e+05     
2.5751e-01      1.1137e+03      -2.6717e+02     6.7990e+05     
2.6251e-01      1.1068e+03      -1.1446e+03     7.0609e+05     
2.6751e-01      9.5005e+02      -6.4798e+02     7.3426e+05     
2.7251e-01      9.8038e+02      -1.4522e+03     7.6119e+05     
2.7751e-01      7.1230e+02      -6.6499e+02     7.8997e+05     
2.8252e-01      7.3343e+02      2.7987e+02      8.1825e+05     
2.8751e-01      6.6052e+02      5.5052e+02      8.4702e+05     
2.9251e-01      5.7656e+02      -1.0761e+02     8.7700e+05     
2.9751e-01      4.1800e+02      -7.9844e+00     9.0860e+05     
3.0252e-01      3.6579e+02      -4.6556e+02     9.3780e+05     
3.0752e-01      5.8677e+02      -3.9464e+02     9.6971e+05     
3.1251e-01      2.2497e+02      -2.8738e+02     9.9996e+05     
3.1751e-01      4.1605e+02      -6.5184e+02     1.0341e+06     
3.2251e-01      7.3839e+02      2.1552e+02      1.0664e+06     
3.2751e-01      2.1652e+02      -4.6931e+02     1.1003e+06     
3.3251e-01      3.3436e+02      -9.4624e+02     1.1331e+06     
3.3751e-01      1.4535e+02      4.7969e+02      1.1681e+06     
3.4251e-01      2.6456e+02      9.5520e+01      1.2033e+06     
3.4751e-01      5.2464e+02      3.6447e+02      1.2379e+06     
3.5251e-01      5.0756e+02      -1.3322e+02     1.2741e+06     
3.5751e-01      3.0269e+02      2.9017e+02      1.3102e+06     
3.6251e-01      4.3461e+02      -4.8516e+02     1.3469e+06     
3.6751e-01      3.5245e+02      -3.3525e+02     1.3853e+06     
3.7251e-01      3.1930e+02      1.2033e+02      1.4223e+06     
3.7751e-01      4.0391e+02      -3.1081e+01     1.4612e+06     
3.8251e-01      1.4670e+02      -3.4069e+00     1.4995e+06     
3.8751e-01      2.8634e+02      -3.8523e+02     1.5397e+06     
3.9251e-01      2.8989e+02      -2.9144e+02     1.5799e+06     
3.9751e-01      3.3558e+02      -2.2416e+02     1.6194e+06     
4.0251e-01      1.2912e+02      2.3895e+02      1.6615e+06     
4.0751e-01      -5.7453e+01     1.4998e+01      1.7017e+06     
4.1251e-01      2.1756e+02      1.5145e+02      1.7450e+06     
4.1751e-01      6.5164e+01      -1.8324e+02     1.7875e+06     
4.2251e-01      1.4638e+02      2.8532e+02      1.8304e+06     
4.2751e-01      1.0420e+02      1.7609e+02      1.8737e+06     
4.3251e-01      3.0791e+02      4.8781e+02      1.9186e+06     
4.3751e-01      2.8245e+02      1.7550e+02      1.9624e+06     
4.4251e-01      -1.3205e+02     8.2853e+01      2.0069e+06     
4.4751e-01      -1.2734e+01     2.3088e+02      2.0536e+06     
4.5251e-01      -4.5391e+01     1.0163e+03      2.0998e+06     
4.5751e-01      -6.8742e+01     -9.6834e+00     2.1451e+06     
4.6251e-01      2.8716e+02      -2.2233e+02     2.1922e+06     
4.6751e-01      3.5961e+01      -1.8599e+02     2.2404e+06     
4.7251e-01      7.1953e+00      3.2298e+02      2.2901e+06     
4.7751e-01      1.1272e+02      -1.8027e+02     2.3384e+06     
4.8251e-01      -1.3617e+01     -2.0918e+02     2.3869e+06     
4.8751e-01      -2.7102e+01     5.1160e+01      2.4358e+06     
4.9251e-01      2.1234e+02      1.0539e+02      2.4872e+06     
4.9751e-01      1.3996e+02      2.5102e+02      2.5389e+06     
5.0251e-01      -6.8203e+00     -9.5469e+00     2.5888e+06     
5.0751e-01      1.0840e+02      5.4241e+02      2.6410e+06     
5.1251e-01      8.3812e+01      -9.9554e+01     2.6914e+06     
5.1751e-01      1.3383e+01      -3.9544e+02     2.7449e+06     
5.2251e-01      2.3273e+01      6.5609e+01      2.8001e+06     
5.2751e-01      2.7891e+01      5.3005e+02      2.8530e+06     
5.3251e-01      7.3844e+01      1.4402e+02      2.9080e+06     
5.3751e-01      -6.8312e+01     1.4661e+02      2.9615e+06     
5.4251e-01      -1.1660e+02     1.5174e+01      3.0181e+06     
5.4751e-01      -8.9602e+01     1.5498e+02      3.0734e+06     
5.5251e-01      1.4117e+02      1.0223e+01      3.1297e+06     
5.5751e-01      9.0711e+01      7.2796e+01      3.1876e+06     
5.6251e-01      -2.4842e+02     -2.5017e+02     3.2433e+06     
5.6751e-01      -4.7906e+01     -2.1296e+02     3.3011e+06     
5.7251e-01      -1.8053e+02     2.0943e+02      3.3601e+06     
