# k P0 P2 modes
3.7538e-03      3.0123e+04      -6.1780e+04     7.7000e+01     
8.0504e-03      4.2740e+04      2.0894e+04      5.4800e+02     
1.2849e-02      3.4222e+04      2.1637e+04      1.4800e+03     
1.7752e-02      3.9414e+04      6.2542e+03      2.8720e+03     
2.2692e-02      3.5992e+04      1.2877e+04      4.7360e+03     
2.7648e-02      3.0674e+04      1.7593e+04      7.0360e+03     
3.2613e-02      2.7372e+04      3.9959e+03      9.8380e+03     
3.7611e-02      2.2137e+04      1.0170e+04      1.3208e+04     
4.2613e-02      2.3797e+04      2.5648e+03      1.6858e+04     
4.7605e-02      2.2893e+04      8.0599e+03      2.1080e+04     
5.2591e-02      2.3398e+04      7.9200e+03      2.5624e+04     
5.7568e-02      2.0577e+04      1.0316e+04      3.0728e+04     
6.2562e-02      1.6829e+04      1.2264e+04      3.6498e+04     
6.7567e-02      1.4414e+04      9.3508e+03      4.2528e+04     
7.2573e-02      1.1550e+04      1.0283e+01      4.9152e+04     
7.7565e-02      1.1676e+04      1.5841e+03      5.5744e+04     
8.2548e-02      1.1971e+04      2.5501e+03      6.3346e+04     
8.7544e-02      1.0542e+04      -6.3936e+02     7.1388e+04     
9.2544e-02      1.1264e+04      1.9076e+03      7.9762e+04     
9.7542e-02      8.7738e+03      1.3347e+03      8.8564e+04     
1.0254e-01      7.8128e+03      1.3190e+03      9.7988e+04     
1.0754e-01      7.3074e+03      2.3178e+03      1.0771e+05     
1.1254e-01      6.7827e+03      1.4400e+03      1.1795e+05     
1.1753e-01      5.4004e+03      1.2541e+03      1.2829e+05     
1.2252e-01      4.8530e+03      3.4397e+03      1.3977e+05     
1.2753e-01      5.2254e+03      -1.0218e+03     1.5195e+05     
1.3254e-01      5.1036e+03      -2.1979e+03     1.6358e+05     
1.3753e-01      4.9742e+03      2.9900e+03      1.7594e+05     
1.4253e-01      4.6115e+03      2.8092e+03      1.8906e+05     
1.4753e-01      3.9032e+03      8.6795e+02      2.0282e+05     
1.5253e-01      3.2335e+03      -1.0935e+01     2.1681e+05     
1.5752e-01      4.2148e+03      4.4567e+02      2.3088e+05     
1.6252e-01      3.1464e+03      7.7584e+01      2.4623e+05     
1.6752e-01      3.3602e+03      -3.6355e+02     2.6133e+05     
1.7252e-01      2.6173e+03      1.6860e+03      2.7728e+05     
1.7752e-01      3.1906e+03      5.9271e+02      2.9332e+05     
1.8252e-01      2.5583e+03      1.7465e+03      3.1057e+05     
1.8752e-01      2.3443e+03      3.7362e+02      3.2756e+05     
1.9252e-01      1.9249e+03      -1.5157e+03     3.4527e+05     
1.9752e-01      2.1371e+03      -5.3862e+02     3.6354e+05     
2.0252e-01      1.6314e+03      5.2779e+02      3.8166e+05     
2.0752e-01      1.5824e+03      9.9935e+02      4.0085e+05     
2.1252e-01      1.7513e+03      1.7321e+03      4.2101e+05     
2.1752e-01      2.2472e+03      -1.0915e+03     4.4116e+05     
2.2252e-01      2.0605e+03      6.0836e+01      4.6130e+05     
2.2752e-01      1.1175e+03      -4.8725e+02     4.8219e+05     
2.3252e-01      1.6775e+03      -5.2917e+02     5.0386e+05     
2.3752e-01      1.5722e+03      -1.5651e+02     5.2502e+05     
2.4252e-01      1.2361e+03      1.1206e+02      5.4795e+05     
2.4752e-01      8.8764e+02      7.1189e+02      5.7054e+05     
2.5252e-01      8.9362e+02      -1.3382e+02     5.9437e+05     
2.5752e-01      1.2607e+03      -1.0159e+03     6.1790e+05     
2.6252e-01      1.3027e+03      -1.1523e+01     6.4211e+05     
2.6752e-01      9.1385e+02      9.1921e+02      6.6611e+05     
2.7251e-01      9.7274e+02      -1.6710e+02     6.9179e+05     
2.7752e-01      8.9009e+02      -5.6049e+02     7.1800e+05     
2.8252e-01      3.9938e+02      -4.9960e+02     7.4315e+05     
2.8752e-01      4.9870e+02      -1.4797e+03     7.7019e+05     
2.9251e-01      8.5523e+02      -1.5082e+02     7.9643e+05     
2.9751e-01      4.0591e+02      -4.9626e+02     8.2482e+05     
3.0251e-01      3.0815e+02      -7.0609e+02     8.5256e+05     
3.0751e-01      3.8868e+02      -7.9767e+01     8.8037e+05     
3.1251e-01      6.0667e+02      -6.8024e+02     9.1065e+05     
3.1751e-01      6.7823e+02      1.9292e+02      9.3900e+05     
3.2251e-01      7.0090e+02      -4.9232e+01     9.6935e+05     
3.2751e-01      5.5282e+02      4.0033e+02      9.9834e+05     
3.3251e-01      3.0180e+02      7.5545e+02      1.0299e+06     
3.3751e-01      5.5896e+02      -5.1232e+02     1.0619e+06     
3.4251e-01      1.1806e+02      -1.2512e+02     1.0933e+06     
3.4751e-01      7.1945e+01      -4.1943e+01     1.1255e+06     
3.5251e-01      3.7931e+02      -8.4067e+02     1.1574e+06     
3.5751e-01      1.1609e+01      3.4828e+01      1.1902e+06     
3.6251e-01      2.5920e+02      -6.0736e+02     1.2246e+06     
3.6751e-01      3.5820e+02      -6.8591e+02     1.2579e+06     
3.7251e-01      4.8205e+02      -1.8866e+02     1.2923e+06     
3.7751e-01      -1.6802e+02     -5.0764e+02     1.3285e+06     
3.8251e-01      5.1219e+01      -2.0340e+02     1.3628e+06     
3.8751e-01      -3.3422e+01     -2.6310e+02     1.3992e+06     
3.9251e-01      1.9185e+02      -4.0545e+02     1.4344e+06     
3.9751e-01      -1.5250e+01     -5.4641e+02     1.4730e+06     
4.0251e-01      -3.9034e+02     1.4031e+02      1.5097e+06     
4.0751e-01      -1.5398e+01     -3.0281e+02     1.5466e+06     
4.1251e-01      2.2109e+00      4.7242e+02      1.5850e+06     
4.1751e-01      2.1131e+02      3.0364e+02      1.6236e+06     
4.2251e-01      -7.3656e+01     4.8711e+02      1.6633e+06     
4.2751e-01      -1.3720e+02     -6.1257e+01     1.7025e+06     
4.3251e-01      3.3656e+01      -3.7215e+01     1.7437e+06     
4.3751e-01      1.8841e+02      -4.4182e+02     1.7830e+06     
4.4251e-01      -9.2172e+01     7.9235e+01      1.8248e+06     
4.4751e-01      -1.0277e+02     -1.9111e+02     1.8648e+06     
4.5251e-01      1.7293e+02      -5.6042e+02     1.9067e+06     
4.5751e-01      -5.8484e+01     4.0596e+02      1.9513e+06     
4.6251e-01      1.2680e+02      -3.9365e+02     1.9925e+06     
4.6751e-01      -1.4445e+01     2.4967e+02      2.0369e+06     
4.7251e-01      1.9593e+02      3.0990e+02      2.0795e+06     
4.7751e-01      1.2023e+01      5.0318e+02      2.1227e+06     
4.8251e-01      -6.8664e+01     2.8102e+02      2.1704e+06     
4.8751e-01      3.0553e+02      -1.7245e+02     2.2138e+06     
4.9251e-01      1.8384e+02      -1.1208e+02     2.2594e+06     
4.9751e-01      -6.9133e+01     7.1526e+00      2.3053e+06     
5.0251e-01      -3.5404e+02     2.1841e+02      2.3530e+06     
5.0751e-01      -4.6807e+02     1.7532e+02      2.3992e+06     
5.1251e-01      -2.4475e+02     -1.3341e+01     2.4464e+06     
5.1751e-01      -2.3927e+02     -3.2895e+02     2.4969e+06     
5.2251e-01      3.3442e+02      -4.9766e+02     2.5441e+06     
5.2751e-01      -1.4547e+01     -1.8391e+02     2.5919e+06     
5.3251e-01      -1.5440e+02     -1.0355e+02     2.6408e+06     
5.3751e-01      7.9844e+01      -1.0588e+02     2.6923e+06     
5.4251e-01      -1.6359e+02     2.4619e+01      2.7415e+06     
5.4751e-01      -1.0909e+02     4.4273e+02      2.7933e+06     
5.5251e-01      1.9197e+02      -1.1420e+02     2.8443e+06     
5.5751e-01      9.8391e+01      -1.0829e+02     2.8958e+06     
5.6251e-01      1.6157e+02      3.9834e+02      2.9476e+06     
5.6751e-01      -2.2641e+01     1.0390e+02      3.0000e+06     
5.7251e-01      -1.9849e+02     5.4467e+02      3.0533e+06     
5.7751e-01      -3.1809e+02     6.7999e+02      3.1073e+06     
5.8251e-01      7.3414e+01      -1.2385e+02     3.1610e+06     
5.8751e-01      -1.2081e+02     -1.3374e+02     3.2158e+06     
5.9251e-01      -1.2038e+02     -2.5857e+02     3.2711e+06     
5.9751e-01      1.6430e+02      3.3228e+02      3.3249e+06     
6.0251e-01      5.6516e+01      -1.4506e+02     3.3828e+06     
6.0751e-01      1.9133e+01      1.3914e+02      3.4392e+06     
6.1251e-01      -2.8648e+01     3.6082e+02      3.4944e+06     
6.1751e-01      -7.3648e+01     2.0261e+01      3.5519e+06     
6.2251e-01      1.4050e+02      -1.9203e+02     3.6102e+06     
6.2751e-01      -4.4727e+01     9.0815e+01      3.6677e+06     
6.3251e-01      -3.5602e+01     8.3077e+01      3.7272e+06     
