# k P0 P2 modes
3.7538e-03      1.1251e+05      3.5138e+03      7.7000e+01     
8.0504e-03      6.2719e+04      -3.3681e+03     5.4800e+02     
1.2849e-02      4.1844e+04      5.5410e+03      1.4800e+03     
1.7752e-02      5.1954e+04      4.4469e+03      2.8720e+03     
2.2692e-02      3.2119e+04      3.1569e+04      4.7360e+03     
2.7648e-02      3.0381e+04      1.1132e+04      7.0360e+03     
3.2613e-02      2.7173e+04      2.8535e+04      9.8380e+03     
3.7611e-02      2.7686e+04      1.4418e+04      1.3208e+04     
4.2613e-02      2.2958e+04      5.4221e+03      1.6858e+04     
4.7605e-02      1.8965e+04      1.5458e+04      2.1080e+04     
5.2591e-02      1.8388e+04      9.2481e+03      2.5624e+04     
5.7568e-02      1.7535e+04      1.1147e+04      3.0728e+04     
6.2562e-02      1.4926e+04      8.6406e+03      3.6498e+04     
6.7567e-02      1.1784e+04      9.1341e+03      4.2528e+04     
7.2573e-02      1.3202e+04      2.4434e+03      4.9152e+04     
7.7565e-02      1.1440e+04      3.5439e+03      5.5744e+04     
8.2548e-02      8.7121e+03      4.4056e+03      6.3346e+04     
8.7544e-02      8.9453e+03      5.5738e+03      7.1388e+04     
9.2544e-02      9.3908e+03      2.9968e+03      7.9762e+04     
9.7542e-02      8.2303e+03      1.2893e+03      8.8564e+04     
1.0254e-01      7.1178e+03      -9.9243e+02     9.7988e+04     
1.0754e-01      6.1100e+03      1.0408e+03      1.0771e+05     
1.1254e-01      6.7582e+03      2.9048e+03      1.1795e+05     
1.1753e-01      6.6229e+03      -2.3708e+03     1.2829e+05     
1.2252e-01      5.3307e+03      1.9781e+02      1.3977e+05     
1.2753e-01      5.1259e+03      3.6906e+03      1.5195e+05     
1.3254e-01      6.1164e+03      1.0789e+03      1.6358e+05     
1.3753e-01      5.9977e+03      1.9768e+03      1.7594e+05     
1.4253e-01      4.2363e+03      2.6499e+03      1.8906e+05     
1.4753e-01      3.1982e+03      2.2666e+03      2.0282e+05     
1.5253e-01      3.5779e+03      3.0550e+03      2.1681e+05     
1.5752e-01      3.6853e+03      2.1722e+03      2.3088e+05     
1.6252e-01      2.4938e+03      5.8284e+02      2.4623e+05     
1.6752e-01      2.7817e+03      1.9138e+03      2.6133e+05     
1.7252e-01      3.1507e+03      3.0557e+03      2.7728e+05     
1.7752e-01      2.6096e+03      1.0092e+03      2.9332e+05     
1.8252e-01      2.5468e+03      -1.3888e+03     3.1057e+05     
1.8752e-01      2.4348e+03      1.0151e+03      3.2756e+05     
1.9252e-01      2.5500e+03      4.9760e+02      3.4527e+05     
1.9752e-01      2.1115e+03      -8.0367e+02     3.6354e+05     
2.0252e-01      2.0291e+03      1.1205e+03      3.8166e+05     
2.0752e-01      1.9645e+03      -9.4214e+02     4.0085e+05     
2.1252e-01      2.0876e+03      -3.3629e+02     4.2101e+05     
2.1752e-01      1.3971e+03      -5.5853e+02     4.4116e+05     
2.2252e-01      9.0677e+02      -9.8554e+02     4.6130e+05     
2.2752e-01      1.0776e+03      -1.7107e+02     4.8219e+05     
2.3252e-01      1.3776e+03      5.5147e+02      5.0386e+05     
2.3752e-01      6.6095e+02      -1.9929e+02     5.2502e+05     
2.4252e-01      9.9327e+02      -3.2264e+02     5.4795e+05     
2.4752e-01      7.3914e+02      -4.6247e+02     5.7054e+05     
2.5252e-01      9.9690e+02      6.7987e+02      5.9437e+05     
2.5752e-01      9.0596e+02      2.2685e+02      6.1790e+05     
2.6252e-01      7.6341e+02      -1.4376e+03     6.4211e+05     
2.6752e-01      8.9597e+02      8.3144e+02      6.6611e+05     
2.7251e-01      1.0561e+03      6.8768e+02      6.9179e+05     
2.7752e-01      1.2408e+03      2.7911e+02      7.1800e+05     
2.8252e-01      9.7445e+02      7.3336e+02      7.4315e+05     
2.8752e-01      1.3067e+03      1.6960e+02      7.7019e+05     
2.9251e-01      7.9547e+02      -2.6067e+02     7.9643e+05     
2.9751e-01      9.4343e+02      -1.0477e+03     8.2482e+05     
3.0251e-01      6.2341e+02      3.9504e+02      8.5256e+05     
3.0751e-01      3.7740e+02      6.5650e+02      8.8037e+05     
3.1251e-01      6.5070e+02      4.7990e+02      9.1065e+05     
3.1751e-01      3.6984e+02      -5.6065e+02     9.3900e+05     
3.2251e-01      3.4356e+02      -1.7469e+02     9.6935e+05     
3.2751e-01      3.6451e+02      -2.8183e+02     9.9834e+05     
3.3251e-01      3.5942e+02      -2.3361e+02     1.0299e+06     
3.3751e-01      3.4692e+02      -2.3285e+02     1.0619e+06     
3.4251e-01      5.1634e+02      2.3854e+01      1.0933e+06     
3.4751e-01      8.0662e+02      -5.2371e+02     1.1255e+06     
3.5251e-01      8.8373e+02      -2.6178e+02     1.1574e+06     
3.5751e-01      3.3330e+02      4.1226e+02      1.1902e+06     
3.6251e-01      4.5231e+02      8.4779e+02      1.2246e+06     
3.6751e-01      -2.9226e+02     6.9482e+02      1.2579e+06     
3.7251e-01      -7.7641e+01     3.2289e+02      1.2923e+06     
3.7751e-01      1.7247e+02      3.1266e+01      1.3285e+06     
3.8251e-01      1.4141e+02      6.3766e+01      1.3628e+06     
3.8751e-01      4.0998e+02      -1.9961e+01     1.3992e+06     
3.9251e-01      3.9298e+02      -1.2606e+02     1.4344e+06     
3.9751e-01      5.4536e+02      -3.7344e+02     1.4730e+06     
4.0251e-01      4.3797e+02      4.5324e+02      1.5097e+06     
4.0751e-01      -2.0438e+02     3.5176e+02      1.5466e+06     
4.1251e-01      2.9125e+02      5.8470e+02      1.5850e+06     
4.1751e-01      1.2395e+02      1.0819e+03      1.6236e+06     
4.2251e-01      5.3591e+02      1.4997e+02      1.6633e+06     
4.2751e-01      2.2903e+02      -2.5103e+02     1.7025e+06     
4.3251e-01      -9.7500e+00     1.0407e+02      1.7437e+06     
4.3751e-01      -3.5734e+01     5.9718e+02      1.7830e+06     
4.4251e-01      1.8748e+02      3.3646e+02      1.8248e+06     
4.4751e-01      2.7934e+02      7.0794e+02      1.8648e+06     
4.5251e-01      3.5000e+00      -7.2955e+01     1.9067e+06     
4.5751e-01      3.7829e+02      -4.6956e+02     1.9513e+06     
4.6251e-01      1.4758e+02      -7.2378e+00     1.9925e+06     
4.6751e-01      -4.4430e+01     1.7586e+02      2.0369e+06     
4.7251e-01      -2.4164e+01     -9.5591e+01     2.0795e+06     
4.7751e-01      4.8094e+01      4.0613e+02      2.1227e+06     
4.8251e-01      -2.9336e+01     1.3474e+02      2.1704e+06     
4.8751e-01      6.5344e+01      2.9739e+02      2.2138e+06     
4.9251e-01      -3.7852e+01     2.4061e+01      2.2594e+06     
4.9751e-01      2.0170e+02      3.7002e+02      2.3053e+06     
5.0251e-01      1.8184e+02      1.5230e+02      2.3530e+06     
5.0751e-01      7.4531e+01      -8.9444e+01     2.3992e+06     
5.1251e-01      9.0273e+01      4.1177e+02      2.4464e+06     
5.1751e-01      6.2055e+01      6.9725e+01      2.4969e+06     
5.2251e-01      3.9044e+02      -3.1981e+02     2.5441e+06     
5.2751e-01      1.6066e+02      -8.0535e+02     2.5919e+06     
5.3251e-01      9.7734e+00      2.9467e+02      2.6408e+06     
5.3751e-01      1.3641e+02      2.4459e+02      2.6923e+06     
5.4251e-01      2.0239e+02      -1.7813e+02     2.7415e+06     
5.4751e-01      2.6539e+01      -4.1333e+01     2.7933e+06     
5.5251e-01      -1.3516e+02     -3.5237e+01     2.8443e+06     
5.5751e-01      -2.1886e+02     -6.8099e+01     2.8958e+06     
5.6251e-01      -1.0695e+01     2.7291e+02      2.9476e+06     
5.6751e-01      8.4602e+01      -4.1905e+02     3.0000e+06     
5.7251e-01      2.4196e+02      -3.8479e+02     3.0533e+06     
5.7751e-01      1.9797e+02      1.3420e+02      3.1073e+06     
5.8251e-01      1.5297e+02      3.1053e+02      3.1610e+06     
5.8751e-01      6.2539e+01      2.5885e+02      3.2158e+06     
5.9251e-01      -5.9555e+01     1.9780e+02      3.2711e+06     
5.9751e-01      -1.3188e+02     -1.2816e+01     3.3249e+06     
6.0251e-01      -1.0125e+01     3.2040e+01      3.3828e+06     
6.0751e-01      -2.2633e+01     8.7318e+01      3.4392e+06     
6.1251e-01      -1.5604e+02     1.0514e+02      3.4944e+06     
6.1751e-01      -2.5234e+00     -1.5148e+02     3.5519e+06     
6.2251e-01      -1.7048e+02     -6.0391e+01     3.6102e+06     
6.2751e-01      -3.4078e+01     -1.9452e+02     3.6677e+06     
6.3251e-01      1.3803e+02      8.8461e+01      3.7272e+06     
