# k P0 P2 modes
3.7054e-03      3.5511e+04      2.1064e+04      8.3000e+01     
8.0027e-03      3.7440e+04      2.7799e+03      5.9600e+02     
1.2850e-02      4.3196e+04      5.6399e+03      1.6480e+03     
1.7764e-02      3.6198e+04      3.1718e+04      3.1560e+03     
2.2684e-02      4.1856e+04      1.3719e+04      5.1760e+03     
2.7646e-02      4.0338e+04      1.9214e+04      7.8040e+03     
3.2636e-02      3.2544e+04      1.0655e+04      1.0874e+04     
3.7623e-02      2.1137e+04      2.0847e+04      1.4442e+04     
4.2607e-02      2.0563e+04      5.7592e+03      1.8544e+04     
4.7584e-02      1.8587e+04      3.1287e+03      2.3040e+04     
5.2572e-02      1.9859e+04      7.6002e+03      2.8366e+04     
5.7566e-02      1.7242e+04      5.9525e+03      3.3818e+04     
6.2559e-02      1.6542e+04      5.0235e+03      4.0130e+04     
6.7563e-02      1.6070e+04      4.7724e+03      4.6838e+04     
7.2561e-02      1.3895e+04      1.1219e+03      5.3826e+04     
7.7552e-02      1.2089e+04      -6.2756e+01     6.1584e+04     
8.2550e-02      1.1966e+04      3.1990e+03      6.9864e+04     
8.7545e-02      1.1037e+04      1.3208e+03      7.8404e+04     
9.2544e-02      8.9546e+03      1.4971e+03      8.7902e+04     
9.7542e-02      7.9328e+03      -1.1573e+03     9.7310e+04     
1.0253e-01      6.7440e+03      4.1583e+02      1.0772e+05     
1.0754e-01      6.3000e+03      1.8385e+03      1.1865e+05     
1.1254e-01      6.0101e+03      -4.6762e+02     1.2991e+05     
1.1754e-01      5.5059e+03      1.4377e+02      1.4138e+05     
1.2253e-01      6.0515e+03      2.2063e+03      1.5396e+05     
1.2753e-01      4.8545e+03      7.3912e+02      1.6672e+05     
1.3253e-01      5.2872e+03      3.4951e+01      1.7981e+05     
1.3753e-01      4.0506e+03      2.1551e+03      1.9428e+05     
1.4253e-01      3.4887e+03      1.3377e+03      2.0777e+05     
1.4753e-01      4.2073e+03      2.8982e+02      2.2328e+05     
1.5253e-01      4.1815e+03      -1.0455e+03     2.3850e+05     
1.5753e-01      2.9057e+03      1.2942e+03      2.5444e+05     
1.6253e-01      3.4022e+03      -1.5432e+03     2.7068e+05     
1.6753e-01      3.1272e+03      -9.2111e+00     2.8771e+05     
1.7253e-01      2.8248e+03      -8.3037e+02     3.0520e+05     
1.7753e-01      2.9287e+03      -9.2176e+02     3.2301e+05     
1.8253e-01      2.4773e+03      -2.0905e+02     3.4181e+05     
1.8753e-01      2.2662e+03      3.8575e+02      3.6002e+05     
1.9252e-01      2.5755e+03      -8.5758e+02     3.7973e+05     
1.9752e-01      1.6357e+03      9.3145e+02      3.9966e+05     
2.0251e-01      1.8646e+03      -5.8513e+01     4.2032e+05     
2.0752e-01      2.0386e+03      -2.0306e+02     4.4207e+05     
2.1252e-01      2.0366e+03      -6.8864e+02     4.6264e+05     
2.1752e-01      1.2058e+03      3.9076e+02      4.8582e+05     
2.2252e-01      9.6417e+02      -6.3700e+02     5.0730e+05     
2.2752e-01      1.3447e+03      3.6512e+01      5.3078e+05     
2.3252e-01      1.2685e+03      1.0939e+03      5.5452e+05     
2.3752e-01      8.3069e+02      5.6427e+02      5.7801e+05     
2.4252e-01      6.5020e+02      -2.9486e+02     6.0327e+05     
2.4752e-01      7.4707e+02      6.8598e+01      6.2775e+05     
2.5252e-01      9.5833e+02      2.7647e+01      6.5330e+05     
2.5751e-01      6.6872e+02      -3.5216e+02     6.7990e+05     
2.6251e-01      5.5991e+02      -1.2814e+03     7.0609e+05     
2.6751e-01      4.8023e+02      -4.8102e+01     7.3426e+05     
2.7251e-01      6.2996e+02      -3.1933e+02     7.6119e+05     
2.7751e-01      8.0948e+02      -3.9127e+02     7.8997e+05     
2.8252e-01      5.1905e+02      -3.2170e+02     8.1825e+05     
2.8751e-01      5.8875e+02      5.1848e+02      8.4702e+05     
2.9251e-01      3.6998e+02      -5.7394e+02     8.7700e+05     
2.9751e-01      5.9036e+02      -3.9256e+02     9.0860e+05     
3.0252e-01      4.2862e+02      -1.1659e+02     9.3780e+05     
3.0752e-01      2.7213e+02      -5.7331e+02     9.6971e+05     
3.1251e-01      5.4609e+02      -1.6525e+02     9.9996e+05     
3.1751e-01      6.1798e+02      -7.6067e+02     1.0341e+06     
3.2251e-01      3.6302e+02      -1.7628e+02     1.0664e+06     
3.2751e-01      4.8349e+02      -1.4016e+02     1.1003e+06     
3.3251e-01      2.7733e+02      -2.8406e+02     1.1331e+06     
3.3751e-01      1.6045e+02      -4.3989e+02     1.1681e+06     
3.4251e-01      5.0227e+02      -3.5398e+02     1.2033e+06     
3.4751e-01      7.4638e+02      -3.8584e+02     1.2379e+06     
3.5251e-01      8.8242e+01      -1.9035e+01     1.2741e+06     
3.5751e-01      4.1622e+02      -6.2128e+02     1.3102e+06     
3.6251e-01      3.5201e+02      -3.7992e+01     1.3469e+06     
3.6751e-01      1.3794e+02      2.2083e+02      1.3853e+06     
3.7251e-01      1.5402e+02      -4.9186e+01     1.4223e+06     
3.7751e-01      2.9773e+02      -2.9137e+02     1.4612e+06     
3.8251e-01      2.4353e+02      8.3999e+02      1.4995e+06     
3.8751e-01      4.8359e+00      2.8226e+02      1.5397e+06     
3.9251e-01      1.0362e+02      -4.2584e+02     1.5799e+06     
3.9751e-01      2.9848e+02      1.3873e+02      1.6194e+06     
4.0251e-01      2.7083e+02      7.6681e+01      1.6615e+06     
4.0751e-01      2.0883e+01      4.8432e+02      1.7017e+06     
4.1251e-01      3.3321e+02      -2.3889e+02     1.7450e+06     
4.1751e-01      2.4259e+02      -3.0137e+02     1.7875e+06     
4.2251e-01      2.3781e+02      -1.6884e+02     1.8304e+06     
4.2751e-01      1.8033e+02      -3.7621e+01     1.8737e+06     
4.3251e-01      2.8944e+02      1.5822e+02      1.9186e+06     
4.3751e-01      3.3961e+02      3.6816e+02      1.9624e+06     
4.4251e-01      2.0057e+02      -4.1013e+02     2.0069e+06     
4.4751e-01      2.1188e+01      -7.8844e+00     2.0536e+06     
4.5251e-01      2.6750e+01      -2.0132e+01     2.0998e+06     
4.5751e-01      -7.6422e+01     -1.3143e+02     2.1451e+06     
4.6251e-01      -2.1910e+02     1.4378e+02      2.1922e+06     
4.6751e-01      4.2836e+01      2.2504e+02      2.2404e+06     
4.7251e-01      1.6997e+02      2.0886e+02      2.2901e+06     
4.7751e-01      9.1430e+01      -3.6655e+02     2.3384e+06     
4.8251e-01      2.3760e+02      2.2598e+01      2.3869e+06     
4.8751e-01      -1.9992e+01     -4.8724e+01     2.4358e+06     
4.9251e-01      -1.0615e+02     2.5950e+02      2.4872e+06     
4.9751e-01      5.9367e+01      -1.7581e+02     2.5389e+06     
5.0251e-01      9.7172e+01      2.5873e+02      2.5888e+06     
5.0751e-01      2.3294e+02      -1.1404e+02     2.6410e+06     
5.1251e-01      8.0312e+01      -3.1071e+02     2.6914e+06     
5.1751e-01      2.6898e+01      -3.9861e+02     2.7449e+06     
5.2251e-01      1.5817e+02      1.5824e+02      2.8001e+06     
5.2751e-01      4.6164e+01      -3.4852e+02     2.8530e+06     
5.3251e-01      -1.3804e+02     -5.5976e+02     2.9080e+06     
5.3751e-01      -2.7906e+01     5.0439e+01      2.9615e+06     
5.4251e-01      1.3789e+01      -3.0433e+02     3.0181e+06     
5.4751e-01      -5.2117e+01     2.5316e+01      3.0734e+06     
5.5251e-01      -2.0256e+02     -1.5440e+01     3.1297e+06     
5.5751e-01      -1.9014e+02     1.4420e+02      3.1876e+06     
5.6251e-01      -1.1716e+02     6.7673e+01      3.2433e+06     
5.6751e-01      6.8961e+01      6.3564e+01      3.3011e+06     
5.7251e-01      1.6439e+02      -3.5166e+02     3.3601e+06     
