# k P0 P2 modes
3.7054e-03      7.2925e+04      -3.8719e+04     8.3000e+01     
8.0027e-03      2.4262e+04      1.2007e+03      5.9600e+02     
1.2850e-02      4.8935e+04      -2.7211e+03     1.6480e+03     
1.7764e-02      4.7027e+04      2.4921e+04      3.1560e+03     
2.2684e-02      3.0705e+04      2.7624e+04      5.1760e+03     
2.7646e-02      3.1710e+04      1.2002e+04      7.8040e+03     
3.2636e-02      2.4182e+04      1.2070e+04      1.0874e+04     
3.7623e-02      2.7605e+04      1.2339e+04      1.4442e+04     
4.2607e-02      2.0704e+04      7.1205e+03      1.8544e+04     
4.7584e-02      1.9692e+04      1.3605e+03      2.3040e+04     
5.2572e-02      1.6780e+04      6.2442e+03      2.8366e+04     
5.7566e-02      1.5468e+04      2.0335e+03      3.3818e+04     
6.2559e-02      1.4842e+04      -5.5924e+02     4.0130e+04     
6.7563e-02      1.3202e+04      4.9895e+03      4.6838e+04     
7.2561e-02      1.4004e+04      1.8507e+03      5.3826e+04     
7.7552e-02      1.3910e+04      1.5132e+03      6.1584e+04     
8.2550e-02      1.3244e+04      4.2987e+03      6.9864e+04     
8.7545e-02      9.3853e+03      4.1242e+03      7.8404e+04     
9.2544e-02      7.2545e+03      4.7459e+03      8.7902e+04     
9.7542e-02      8.0340e+03      5.3786e+03      9.7310e+04     
1.0253e-01      6.9816e+03      3.2322e+03      1.0772e+05     
1.0754e-01      7.3014e+03      4.4531e+03      1.1865e+05     
1.1254e-01      6.4245e+03      2.3264e+03      1.2991e+05     
1.1754e-01      5.2348e+03      7.4189e+02      1.4138e+05     
1.2253e-01      5.9037e+03      1.5689e+03      1.5396e+05     
1.2753e-01      5.4433e+03      -2.1551e+02     1.6672e+05     
1.3253e-01      4.6050e+03      -8.0484e+02     1.7981e+05     
1.3753e-01      4.6062e+03      2.6977e+02      1.9428e+05     
1.4253e-01      4.6236e+03      -1.0499e+03     2.0777e+05     
1.4753e-01      4.2759e+03      1.8505e+03      2.2328e+05     
1.5253e-01      3.2167e+03      -7.6400e+02     2.3850e+05     
1.5753e-01      2.7922e+03      2.1021e+03      2.5444e+05     
1.6253e-01      3.3120e+03      2.2012e+03      2.7068e+05     
1.6753e-01      2.6687e+03      6.8672e+02      2.8771e+05     
1.7253e-01      2.4559e+03      1.4066e+03      3.0520e+05     
1.7753e-01      2.7904e+03      -8.6506e+02     3.2301e+05     
1.8253e-01      2.2983e+03      -4.6172e+02     3.4181e+05     
1.8753e-01      2.2628e+03      -6.3328e+02     3.6002e+05     
1.9252e-01      1.8019e+03      -6.8616e+01     3.7973e+05     
1.9752e-01      2.0755e+03      -2.2754e+02     3.9966e+05     
2.0251e-01      1.8244e+03      -3.7260e+02     4.2032e+05     
2.0752e-01      1.8149e+03      -1.3011e+03     4.4207e+05     
2.1252e-01      1.6245e+03      -6.7408e+02     4.6264e+05     
2.1752e-01      1.6441e+03      -7.2734e+02     4.8582e+05     
2.2252e-01      1.5729e+03      -1.1611e+03     5.0730e+05     
2.2752e-01      1.6126e+03      -9.5868e+02     5.3078e+05     
2.3252e-01      1.1682e+03      -1.2929e+03     5.5452e+05     
2.3752e-01      1.1148e+03      -1.0244e+02     5.7801e+05     
2.4252e-01      1.6077e+03      2.2977e+02      6.0327e+05     
2.4752e-01      1.2947e+03      -1.4218e+03     6.2775e+05     
2.5252e-01      1.2049e+03      -5.2513e+02     6.5330e+05     
2.5751e-01      4.9157e+02      -8.3459e+02     6.7990e+05     
2.6251e-01      6.4360e+02      -5.0150e+02     7.0609e+05     
2.6751e-01      8.4595e+02      -4.0470e+02     7.3426e+05     
2.7251e-01      8.3400e+02      -1.1034e+03     7.6119e+05     
2.7751e-01      3.6897e+02      -1.7779e+02     7.8997e+05     
2.8252e-01      6.3652e+02      -2.8890e+02     8.1825e+05     
2.8751e-01      1.9112e+02      -1.5983e+02     8.4702e+05     
2.9251e-01      3.4648e+02      -5.1455e+02     8.7700e+05     
2.9751e-01      6.0196e+02      -1.2319e+03     9.0860e+05     
3.0252e-01      5.2031e+02      -3.5248e+02     9.3780e+05     
3.0752e-01      3.1608e+02      -1.1301e+02     9.6971e+05     
3.1251e-01      3.7331e+02      -6.3571e+02     9.9996e+05     
3.1751e-01      4.0841e+02      -2.2318e+02     1.0341e+06     
3.2251e-01      4.0106e+02      -3.5000e+02     1.0664e+06     
3.2751e-01      1.0625e+00      -4.6404e+02     1.1003e+06     
3.3251e-01      1.4262e+02      -7.1611e+02     1.1331e+06     
3.3751e-01      1.1352e+02      1.3124e+02      1.1681e+06     
3.4251e-01      1.4038e+02      3.7341e+02      1.2033e+06     
3.4751e-01      -6.0312e+01     1.1611e+02      1.2379e+06     
3.5251e-01      3.8477e+02      -3.9360e+02     1.2741e+06     
3.5751e-01      1.0746e+02      1.3330e+02      1.3102e+06     
3.6251e-01      3.2164e+02      -2.8019e+01     1.3469e+06     
3.6751e-01      2.1430e+02      -2.5755e+02     1.3853e+06     
3.7251e-01      8.1766e+01      -3.2978e+02     1.4223e+06     
3.7751e-01      1.4669e+02      -1.6157e+02     1.4612e+06     
3.8251e-01      -1.1780e+02     1.2697e+02      1.4995e+06     
3.8751e-01      2.9885e+02      -3.4745e+02     1.5397e+06     
3.9251e-01      2.9726e+02      -3.5949e+02     1.5799e+06     
3.9751e-01      1.4762e+02      -3.7324e+02     1.6194e+06     
4.0251e-01      1.6287e+02      5.1709e+02      1.6615e+06     
4.0751e-01      2.9173e+02      6.8008e+02      1.7017e+06     
4.1251e-01      5.3234e+01      -6.5480e+02     1.7450e+06     
4.1751e-01      5.3078e+01      2.4242e+02      1.7875e+06     
4.2251e-01      1.6241e+02      2.0561e+02      1.8304e+06     
4.2751e-01      1.8927e+02      -4.6983e+02     1.8737e+06     
4.3251e-01      -5.9141e+01     -3.1683e+02     1.9186e+06     
4.3751e-01      -8.6398e+01     -9.0903e+01     1.9624e+06     
4.4251e-01      9.1219e+01      1.0392e+02      2.0069e+06     
4.4751e-01      2.7452e+02      3.3107e+02      2.0536e+06     
4.5251e-01      1.8053e+02      4.7570e+02      2.0998e+06     
4.5751e-01      1.8473e+02      -8.0526e+01     2.1451e+06     
4.6251e-01      7.1734e+01      -3.9300e+02     2.1922e+06     
4.6751e-01      -1.6648e+01     2.4027e+02      2.2404e+06     
4.7251e-01      3.0469e-01      4.3768e+02      2.2901e+06     
4.7751e-01      -1.8329e+02     -2.4466e+02     2.3384e+06     
4.8251e-01      2.1680e+02      -2.9410e+02     2.3869e+06     
4.8751e-01      -1.0137e+02     -6.6935e+01     2.4358e+06     
4.9251e-01      9.7180e+01      1.0520e+02      2.4872e+06     
4.9751e-01      7.8031e+01      -4.5096e+02     2.5389e+06     
5.0251e-01      2.1868e+02      -3.8537e+02     2.5888e+06     
5.0751e-01      1.0089e+02      -9.2406e+01     2.6410e+06     
5.1251e-01      7.4062e+01      -3.1158e+02     2.6914e+06     
5.1751e-01      4.6406e+01      -3.1079e+02     2.7449e+06     
5.2251e-01      -1.0362e+02     -7.3135e+01     2.8001e+06     
5.2751e-01      -7.1945e+01     5.4322e+01      2.8530e+06     
5.3251e-01      3.0367e+01      -4.0686e+01     2.9080e+06     
5.3751e-01      -3.3125e+01     -1.1474e+02     2.9615e+06     
5.4251e-01      5.1602e+01      -1.7389e+02     3.0181e+06     
5.4751e-01      1.1172e+01      1.3256e+02      3.0734e+06     
5.5251e-01      -5.7180e+01     -1.2534e+02     3.1297e+06     
5.5751e-01      -1.6312e+02     7.7039e+01      3.1876e+06     
5.6251e-01      1.3008e+01      -3.1288e+02     3.2433e+06     
5.6751e-01      3.4141e+01      1.1060e+02      3.3011e+06     
5.7251e-01      -1.4453e+02     2.3425e+02      3.3601e+06     
