# k P0 P2 modes
3.7054e-03      5.3159e+04      -4.3820e+04     8.3000e+01     
8.0027e-03      3.8825e+04      -2.6439e+03     5.9600e+02     
1.2850e-02      4.5521e+04      1.1013e+04      1.6480e+03     
1.7764e-02      3.1366e+04      8.9084e+03      3.1560e+03     
2.2684e-02      3.6446e+04      2.2622e+04      5.1760e+03     
2.7646e-02      2.9437e+04      1.4972e+04      7.8040e+03     
3.2636e-02      2.6346e+04      4.8840e+03      1.0874e+04     
3.7623e-02      2.1838e+04      9.5027e+03      1.4442e+04     
4.2607e-02      2.2318e+04      1.4748e+04      1.8544e+04     
4.7584e-02      1.8794e+04      1.3406e+04      2.3040e+04     
5.2572e-02      1.7874e+04      8.8812e+03      2.8366e+04     
5.7566e-02      1.6185e+04      3.7238e+03      3.3818e+04     
6.2559e-02      1.4640e+04      8.5458e+03      4.0130e+04     
6.7563e-02      1.3143e+04      9.1229e+03      4.6838e+04     
7.2561e-02      1.3092e+04      6.2969e+03      5.3826e+04     
7.7552e-02      1.2256e+04      7.8170e+03      6.1584e+04     
8.2550e-02      1.2666e+04      1.0107e+04      6.9864e+04     
8.7545e-02      1.0516e+04      4.0764e+03      7.8404e+04     
9.2544e-02      8.5675e+03      2.2346e+03      8.7902e+04     
9.7542e-02      8.1953e+03      -5.4853e+02     9.7310e+04     
1.0253e-01      7.5912e+03      -2.5980e+02     1.0772e+05     
1.0754e-01      6.4828e+03      -2.4348e+02     1.1865e+05     
1.1254e-01      5.7945e+03      -1.8225e+03     1.2991e+05     
1.1754e-01      6.1776e+03      -3.6802e+02     1.4138e+05     
1.2253e-01      6.1884e+03      2.6549e+03      1.5396e+05     
1.2753e-01      5.5018e+03      7.6277e+02      1.6672e+05     
1.3253e-01      4.8152e+03      -3.2549e+02     1.7981e+05     
1.3753e-01      5.0229e+03      3.0238e+03      1.9428e+05     
1.4253e-01      4.3493e+03      2.5590e+03      2.0777e+05     
1.4753e-01      4.3591e+03      -7.5039e+02     2.2328e+05     
1.5253e-01      3.8664e+03      -2.7515e+02     2.3850e+05     
1.5753e-01      3.9370e+03      6.9345e+02      2.5444e+05     
1.6253e-01      3.0762e+03      5.9023e+02      2.7068e+05     
1.6753e-01      3.0232e+03      -1.3619e+03     2.8771e+05     
1.7253e-01      2.8724e+03      6.4162e+02      3.0520e+05     
1.7753e-01      1.8065e+03      6.2785e+02      3.2301e+05     
1.8253e-01      1.8846e+03      -9.2826e+02     3.4181e+05     
1.8753e-01      1.9826e+03      -1.2201e+03     3.6002e+05     
1.9252e-01      2.2562e+03      -5.5096e+02     3.7973e+05     
1.9752e-01      1.6616e+03      6.7060e+01      3.9966e+05     
2.0251e-01      1.9439e+03      4.8327e+02      4.2032e+05     
2.0752e-01      2.3973e+03      -1.3027e+03     4.4207e+05     
2.1252e-01      1.4597e+03      -7.5496e+02     4.6264e+05     
2.1752e-01      1.5394e+03      3.5148e+01      4.8582e+05     
2.2252e-01      1.3640e+03      1.8820e+02      5.0730e+05     
2.2752e-01      1.3956e+03      2.1804e+01      5.3078e+05     
2.3252e-01      1.3931e+03      -3.5254e+02     5.5452e+05     
2.3752e-01      1.0613e+03      -6.1409e+01     5.7801e+05     
2.4252e-01      1.0158e+03      -9.8759e+02     6.0327e+05     
2.4752e-01      1.3093e+03      -4.2436e+02     6.2775e+05     
2.5252e-01      6.5723e+02      -5.9760e+02     6.5330e+05     
2.5751e-01      9.7266e+02      1.2321e+01      6.7990e+05     
2.6251e-01      9.5034e+02      1.0128e+03      7.0609e+05     
2.6751e-01      5.0130e+02      -2.2634e+02     7.3426e+05     
2.7251e-01      1.1559e+03      -4.8795e+02     7.6119e+05     
2.7751e-01      5.7479e+02      1.3262e+02      7.8997e+05     
2.8252e-01      4.1834e+02      -4.9440e+02     8.1825e+05     
2.8751e-01      8.6138e+02      -8.8837e+02     8.4702e+05     
2.9251e-01      1.2259e+02      -9.2238e+01     8.7700e+05     
2.9751e-01      6.6984e+02      4.6917e+00      9.0860e+05     
3.0252e-01      5.1076e+02      1.3330e+02      9.3780e+05     
3.0752e-01      3.9362e+02      2.6834e+02      9.6971e+05     
3.1251e-01      4.5060e+02      8.5514e+01      9.9996e+05     
3.1751e-01      5.3957e+02      6.1496e+02      1.0341e+06     
3.2251e-01      3.5804e+02      -3.1466e+01     1.0664e+06     
3.2751e-01      2.7704e+02      -8.1449e+01     1.1003e+06     
3.3251e-01      1.3273e+02      -1.2898e+03     1.1331e+06     
3.3751e-01      5.3473e+02      -3.7472e+02     1.1681e+06     
3.4251e-01      1.8105e+02      2.5547e+02      1.2033e+06     
3.4751e-01      1.4493e+02      3.5823e+02      1.2379e+06     
3.5251e-01      6.3938e+01      3.1211e+02      1.2741e+06     
3.5751e-01      3.9678e+02      1.2553e+02      1.3102e+06     
3.6251e-01      3.7202e+02      -4.0962e+02     1.3469e+06     
3.6751e-01      3.3801e+02      -2.5475e+02     1.3853e+06     
3.7251e-01      3.9820e+01      6.6167e+02      1.4223e+06     
3.7751e-01      -3.2500e+01     -2.9675e+02     1.4612e+06     
3.8251e-01      4.5485e+02      -4.4700e+02     1.4995e+06     
3.8751e-01      1.6406e+00      4.5964e+02      1.5397e+06     
3.9251e-01      1.4072e+02      4.3647e+02      1.5799e+06     
3.9751e-01      3.9237e+02      5.1558e+02      1.6194e+06     
4.0251e-01      -5.8930e+01     4.0782e+02      1.6615e+06     
4.0751e-01      -2.8148e+02     -3.1877e+02     1.7017e+06     
4.1251e-01      3.9766e+00      -2.3022e+02     1.7450e+06     
4.1751e-01      -1.4577e+02     3.9107e+02      1.7875e+06     
4.2251e-01      -4.3922e+01     -2.6316e+02     1.8304e+06     
4.2751e-01      -1.6031e+01     4.7670e+02      1.8737e+06     
4.3251e-01      -1.0345e+02     -4.1308e+02     1.9186e+06     
4.3751e-01      5.7281e+01      2.0097e+02      1.9624e+06     
4.4251e-01      1.3212e+02      2.7417e+02      2.0069e+06     
4.4751e-01      1.2423e+02      2.5553e+01      2.0536e+06     
4.5251e-01      -2.1156e+02     2.7873e+02      2.0998e+06     
4.5751e-01      -3.9836e+01     3.1899e+02      2.1451e+06     
4.6251e-01      -3.1810e+02     9.7728e+01      2.1922e+06     
4.6751e-01      -1.6874e+02     -2.0184e+02     2.2404e+06     
4.7251e-01      2.8062e+01      3.3727e+02      2.2901e+06     
4.7751e-01      3.1064e+02      -1.6060e+02     2.3384e+06     
4.8251e-01      6.6320e+01      -3.1116e+02     2.3869e+06     
4.8751e-01      9.8000e+01      -4.5469e+02     2.4358e+06     
4.9251e-01      9.2500e+00      6.4945e+02      2.4872e+06     
4.9751e-01      3.3798e+02      -4.5872e+01     2.5389e+06     
5.0251e-01      2.9914e+01      -3.5584e+02     2.5888e+06     
5.0751e-01      -3.1837e+02     -5.0815e+02     2.6410e+06     
5.1251e-01      -3.5941e+02     -2.6380e+02     2.6914e+06     
5.1751e-01      -9.9367e+01     -5.4858e+02     2.7449e+06     
5.2251e-01      -5.3359e+01     -8.2412e+01     2.8001e+06     
5.2751e-01      -1.7702e+02     -2.0533e+02     2.8530e+06     
5.3251e-01      -9.0523e+01     1.4623e+02      2.9080e+06     
5.3751e-01      2.6828e+01      1.0353e+02      2.9615e+06     
5.4251e-01      8.2648e+01      -1.0499e+02     3.0181e+06     
5.4751e-01      -7.8906e+00     -6.6058e+00     3.0734e+06     
5.5251e-01      -2.1891e+02     2.3066e+02      3.1297e+06     
5.5751e-01      1.0165e+02      -2.3544e+01     3.1876e+06     
5.6251e-01      7.3633e+01      1.9191e+02      3.2433e+06     
5.6751e-01      -8.0516e+01     9.5455e+01      3.3011e+06     
5.7251e-01      1.7586e+01      1.7901e+02      3.3601e+06     
