# k P0 P2 modes
3.7081e-03      -9.3255e+03     2.1186e+04      1.9100e+02     
8.0186e-03      4.1615e+04      4.7988e+03      1.3800e+03     
1.2844e-02      4.0138e+04      -4.7387e+03     3.7700e+03     
1.7751e-02      3.5088e+04      -1.1782e+04     7.2560e+03     
2.2691e-02      3.0052e+04      8.3359e+03      1.2010e+04     
2.7661e-02      2.9288e+04      1.0954e+04      1.7924e+04     
3.2632e-02      2.3870e+04      8.4058e+03      2.4910e+04     
3.7609e-02      2.2489e+04      7.5422e+03      3.3240e+04     
4.2590e-02      2.3826e+04      1.5382e+03      4.2566e+04     
4.7584e-02      2.1191e+04      1.1191e+04      5.3478e+04     
5.2589e-02      1.7421e+04      1.5890e+04      6.5258e+04     
5.7577e-02      1.8272e+04      1.2538e+04      7.7788e+04     
6.2568e-02      1.5968e+04      4.6297e+03      9.2438e+04     
6.7564e-02      1.6911e+04      8.8018e+03      1.0741e+05     
7.2559e-02      1.3327e+04      7.9161e+02      1.2424e+05     
7.7553e-02      1.3422e+04      1.9763e+03      1.4157e+05     
8.2549e-02      1.0213e+04      1.7593e+03      1.6089e+05     
8.7547e-02      8.9909e+03      3.7199e+03      1.8054e+05     
9.2542e-02      7.9660e+03      2.8257e+03      2.0200e+05     
9.7542e-02      9.3075e+03      3.0343e+03      2.2454e+05     
1.0254e-01      7.7120e+03      9.2805e+02      2.4804e+05     
1.0754e-01      7.8913e+03      -1.0060e+03     2.7288e+05     
1.1254e-01      6.6432e+03      -1.3149e+03     2.9859e+05     
1.1754e-01      5.5797e+03      -7.1692e+02     3.2592e+05     
1.2254e-01      5.5212e+03      -1.5898e+02     3.5433e+05     
1.2753e-01      5.8605e+03      -1.8840e+03     3.8342e+05     
1.3253e-01      4.3976e+03      9.6670e+01      4.1423e+05     
1.3753e-01      3.7413e+03      8.2028e+01      4.4637e+05     
1.4253e-01      4.0437e+03      3.3023e+02      4.7956e+05     
1.4753e-01      4.7721e+03      1.9129e+03      5.1353e+05     
1.5253e-01      4.6317e+03      -7.3451e+02     5.4893e+05     
1.5753e-01      3.6434e+03      2.0575e+02      5.8555e+05     
1.6253e-01      3.4205e+03      -6.4347e+02     6.2309e+05     
1.6753e-01      1.9404e+03      -2.0008e+03     6.6262e+05     
1.7253e-01      2.7282e+03      -1.0515e+03     7.0167e+05     
1.7752e-01      2.7372e+03      -2.9066e+02     7.4376e+05     
1.8252e-01      1.6419e+03      2.3609e+01      7.8562e+05     
1.8752e-01      1.8586e+03      -4.4576e+02     8.3010e+05     
1.9252e-01      2.1707e+03      1.0524e+03      8.7442e+05     
1.9752e-01      1.6553e+03      8.9813e+02      9.2068e+05     
2.0252e-01      2.1282e+03      2.6436e+02      9.6772e+05     
2.0752e-01      1.6797e+03      3.8369e+02      1.0166e+06     
2.1252e-01      1.7776e+03      1.5734e+02      1.0655e+06     
2.1752e-01      2.0296e+03      -3.8131e+02     1.1167e+06     
2.2252e-01      1.8692e+03      5.7988e+02      1.1679e+06     
2.2752e-01      1.6121e+03      -1.0094e+02     1.2220e+06     
2.3252e-01      1.6538e+03      -4.4433e+02     1.2756e+06     
2.3752e-01      2.2644e+03      5.7702e+02      1.3322e+06     
2.4252e-01      1.4421e+03      -9.9723e+02     1.3876e+06     
2.4752e-01      9.9275e+02      -5.9138e+02     1.4460e+06     
2.5252e-01      1.2001e+03      3.8487e+02      1.5040e+06     
2.5752e-01      1.1883e+03      6.5537e+02      1.5648e+06     
2.6252e-01      7.1180e+02      -1.5465e+02     1.6261e+06     
2.6751e-01      8.6416e+02      3.9699e+02      1.6885e+06     
2.7251e-01      1.2697e+03      -1.3545e+02     1.7529e+06     
2.7751e-01      1.2645e+03      1.8484e+02      1.8179e+06     
2.8252e-01      9.3214e+02      9.6543e+02      1.8833e+06     
2.8752e-01      4.8035e+02      4.6405e+02      1.9511e+06     
2.9251e-01      6.0607e+02      2.8236e+01      2.0185e+06     
2.9751e-01      5.7275e+02      6.9413e+00      2.0886e+06     
3.0251e-01      5.1677e+02      -1.1886e+03     2.1598e+06     
3.0751e-01      7.4037e+02      -1.9763e+03     2.2320e+06     
3.1251e-01      4.3283e+02      -1.6637e+03     2.3040e+06     
3.1751e-01      2.4196e+02      -4.3182e+02     2.3796e+06     
3.2251e-01      3.5446e+02      -4.3176e+02     2.4550e+06     
3.2751e-01      5.5161e+02      -6.5312e+02     2.5320e+06     
3.3251e-01      4.5403e+02      -6.6432e+02     2.6095e+06     
3.3751e-01      5.3875e+02      6.4307e+01      2.6876e+06     
3.4251e-01      3.9915e+02      -1.2115e+02     2.7682e+06     
3.4751e-01      5.6654e+02      -4.6240e+02     2.8494e+06     
3.5251e-01      1.1688e+02      -8.2897e+02     2.9332e+06     
3.5751e-01      2.6033e+02      -3.0283e+02     3.0162e+06     
3.6251e-01      6.9922e+01      -9.8614e+02     3.1017e+06     
3.6751e-01      9.2734e+00      -7.4883e+02     3.1877e+06     
3.7251e-01      7.6211e+01      -1.4921e+02     3.2753e+06     
3.7751e-01      1.4155e+02      -7.2675e+02     3.3626e+06     
3.8251e-01      2.1465e+02      -3.2761e+02     3.4523e+06     
3.8751e-01      2.9305e+02      1.0541e+02      3.5442e+06     
3.9251e-01      1.2688e+02      -1.2977e+02     3.6361e+06     
3.9751e-01      -1.4208e+02     3.6769e+00      3.7286e+06     
4.0251e-01      1.0149e+02      -1.3337e+03     3.8232e+06     
4.0751e-01      -2.7195e+01     -1.3547e+03     3.9189e+06     
4.1251e-01      1.8198e+02      -1.5131e+02     4.0169e+06     
4.1751e-01      3.3701e+02      -5.2964e+02     4.1126e+06     
4.2251e-01      1.4693e+02      8.4528e+01      4.2134e+06     
4.2751e-01      4.6315e+02      1.3559e+02      4.3129e+06     
4.3251e-01      5.1288e+02      -8.1551e+01     4.4155e+06     
4.3751e-01      2.8637e+02      -2.2857e+02     4.5171e+06     
4.4251e-01      3.7922e+02      -6.6635e+02     4.6208e+06     
4.4751e-01      8.5547e+01      -5.8625e+02     4.7267e+06     
4.5251e-01      -1.0998e+02     -4.1691e+01     4.8327e+06     
4.5751e-01      2.5549e+02      -4.6323e+02     4.9386e+06     
4.6251e-01      2.8368e+02      8.5394e+01      5.0482e+06     
