# k P0 P2
# reduced chi2 = 0.9667
3.7054e-03      3.4415e+04      4.8296e+03     
8.0027e-03      3.5209e+04      1.1710e+04     
1.2850e-02      3.7972e+04      1.4811e+04     
1.7764e-02      3.7820e+04      1.5630e+04     
2.2684e-02      3.5473e+04      1.4981e+04     
2.7646e-02      3.1969e+04      1.3577e+04     
3.2636e-02      2.8204e+04      1.1954e+04     
3.7623e-02      2.4781e+04      1.0460e+04     
4.2607e-02      2.1982e+04      9.2526e+03     
4.7584e-02      1.9835e+04      8.3457e+03     
5.2572e-02      1.8229e+04      7.6810e+03     
5.7566e-02      1.6987e+04      7.1674e+03     
6.2559e-02      1.5925e+04      6.7129e+03     
6.7563e-02      1.4886e+04      6.2456e+03     
7.2560e-02      1.3787e+04      5.7319e+03     
7.7552e-02      1.2613e+04      5.1733e+03     
8.2550e-02      1.1400e+04      4.5968e+03     
8.7545e-02      1.0226e+04      4.0438e+03     
9.2544e-02      9.1619e+03      3.5496e+03     
9.7542e-02      8.2583e+03      3.1368e+03     
1.0253e-01      7.5347e+03      2.8105e+03     
1.0754e-01      6.9770e+03      2.5601e+03     
1.1254e-01      6.5516e+03      2.3667e+03     
1.1754e-01      6.2123e+03      2.2076e+03     
1.2253e-01      5.9104e+03      2.0611e+03     
1.2753e-01      5.6063e+03      1.9114e+03     
1.3253e-01      5.2766e+03      1.7514e+03     
1.3753e-01      4.9153e+03      1.5813e+03     
1.4253e-01      4.5339e+03      1.4080e+03     
1.4753e-01      4.1529e+03      1.2409e+03     
1.5253e-01      3.7939e+03      1.0882e+03     
1.5753e-01      3.4750e+03      9.5524e+02     
1.6253e-01      3.2060e+03      8.4378e+02     
1.6753e-01      2.9870e+03      7.5185e+02     
1.7253e-01      2.8110e+03      6.7528e+02     
1.7753e-01      2.6662e+03      6.0911e+02     
1.8253e-01      2.5389e+03      5.4868e+02     
1.8752e-01      2.4167e+03      4.9049e+02     
1.9252e-01      2.2899e+03      4.3248e+02     
1.9752e-01      2.1544e+03      3.7437e+02     
2.0251e-01      2.0104e+03      3.1709e+02     
2.0752e-01      1.8631e+03      2.6233e+02     
2.1252e-01      1.7192e+03      2.1170e+02     
2.1752e-01      1.5845e+03      1.6611e+02     
2.2252e-01      1.4633e+03      1.2582e+02     
2.2752e-01      1.3575e+03      9.0490e+01     
2.3252e-01      1.2668e+03      5.9291e+01     
2.3752e-01      1.1888e+03      3.1318e+01     
2.4252e-01      1.1201e+03      5.6753e+00     
2.4752e-01      1.0568e+03      -1.8294e+01    
2.5252e-01      9.9524e+02      -4.0925e+01    
2.5751e-01      9.3336e+02      -6.2271e+01    
2.6251e-01      8.7004e+02      -8.2200e+01    
2.6751e-01      8.0550e+02      -1.0050e+02    
2.7251e-01      7.4115e+02      -1.1704e+02    
2.7752e-01      6.7854e+02      -1.3180e+02    
2.8252e-01      6.1929e+02      -1.4489e+02    
2.8751e-01      5.6486e+02      -1.5657e+02    
2.9251e-01      5.1573e+02      -1.6714e+02    
2.9751e-01      4.7145e+02      -1.7684e+02    
