# k P0 P2
# reduced chi2 = 1.0697
8.0504e-03      3.7094e+04      1.0258e+04     
1.2849e-02      3.8319e+04      1.4127e+04     
1.7752e-02      3.7723e+04      1.5054e+04     
2.2692e-02      3.5212e+04      1.4482e+04     
2.7648e-02      3.1685e+04      1.3150e+04     
3.2613e-02      2.7960e+04      1.1604e+04     
3.7611e-02      2.4562e+04      1.0169e+04     
4.2613e-02      2.1780e+04      9.0121e+03     
4.7605e-02      1.9650e+04      8.1477e+03     
5.2591e-02      1.8059e+04      7.5194e+03     
5.7568e-02      1.6831e+04      7.0368e+03     
6.2562e-02      1.5776e+04      6.6069e+03     
6.7567e-02      1.4749e+04      6.1615e+03     
7.2573e-02      1.3665e+04      5.6663e+03     
7.7565e-02      1.2510e+04      5.1252e+03     
8.2548e-02      1.1325e+04      4.5663e+03     
8.7544e-02      1.0174e+04      4.0272e+03     
9.2544e-02      9.1302e+03      3.5455e+03     
9.7542e-02      8.2432e+03      3.1440e+03     
1.0254e-01      7.5313e+03      2.8277e+03     
1.0754e-01      6.9828e+03      2.5871e+03     
1.1254e-01      6.5642e+03      2.4032e+03     
1.1753e-01      6.2300e+03      2.2530e+03     
1.2252e-01      5.9328e+03      2.1148e+03     
1.2753e-01      5.6332e+03      1.9720e+03     
1.3254e-01      5.3084e+03      1.8172e+03     
1.3753e-01      4.9539e+03      1.6511e+03     
1.4253e-01      4.5795e+03      1.4805e+03     
1.4752e-01      4.2046e+03      1.3146e+03     
1.5253e-01      3.8511e+03      1.1627e+03     
1.5752e-01      3.5369e+03      1.0307e+03     
1.6252e-01      3.2712e+03      9.2028e+02     
1.6752e-01      3.0547e+03      8.2994e+02     
1.7252e-01      2.8804e+03      7.5540e+02     
1.7752e-01      2.7369e+03      6.9154e+02     
1.8252e-01      2.6107e+03      6.3335e+02     
1.8752e-01      2.4895e+03      5.7695e+02     
1.9252e-01      2.3637e+03      5.1990e+02     
1.9752e-01      2.2291e+03      4.6182e+02     
2.0252e-01      2.0863e+03      4.0369e+02     
2.0752e-01      1.9403e+03      3.4755e+02     
2.1252e-01      1.7973e+03      2.9509e+02     
2.1752e-01      1.6632e+03      2.4758e+02     
2.2252e-01      1.5424e+03      2.0551e+02     
2.2752e-01      1.4369e+03      1.6871e+02     
2.3252e-01      1.3462e+03      1.3638e+02     
2.3752e-01      1.2682e+03      1.0757e+02     
2.4252e-01      1.1995e+03      8.1292e+01     
2.4752e-01      1.1360e+03      5.6651e+01     
2.5252e-01      1.0744e+03      3.3143e+01     
2.5752e-01      1.0123e+03      1.0666e+01     
2.6252e-01      9.4873e+02      -1.0747e+01    
2.6752e-01      8.8399e+02      -3.0807e+01    
2.7252e-01      8.1936e+02      -4.9301e+01    
2.7752e-01      7.5639e+02      -6.6133e+01    
2.8252e-01      6.9675e+02      -8.1274e+01    
2.8752e-01      6.4185e+02      -9.4839e+01    
2.9251e-01      5.9223e+02      -1.0713e+02    
2.9751e-01      5.4749e+02      -1.1839e+02    
