# k P0 P2
# reduced chi2 = 0.9965
8.0504e-03      5.3175e+04      6.5643e+03     
1.2849e-02      4.5326e+04      1.4127e+04     
1.7752e-02      4.1887e+04      1.5174e+04     
2.2692e-02      3.7889e+04      1.4611e+04     
2.7648e-02      3.3511e+04      1.3241e+04     
3.2613e-02      2.9252e+04      1.1647e+04     
3.7611e-02      2.5498e+04      1.0173e+04     
4.2613e-02      2.2476e+04      8.9832e+03     
4.7605e-02      2.0176e+04      8.0921e+03     
5.2591e-02      1.8462e+04      7.4388e+03     
5.7568e-02      1.7141e+04      6.9318e+03     
6.2562e-02      1.6013e+04      6.4789e+03     
6.7567e-02      1.4927e+04      6.0127e+03     
7.2573e-02      1.3794e+04      5.5005e+03     
7.7565e-02      1.2601e+04      4.9468e+03     
8.2548e-02      1.1384e+04      4.3799e+03     
8.7544e-02      1.0208e+04      3.8367e+03     
9.2544e-02      9.1432e+03      3.3529e+03     
9.7542e-02      8.2394e+03      2.9498e+03     
1.0254e-01      7.5130e+03      2.6310e+03     
1.0754e-01      6.9516e+03      2.3861e+03     
1.1254e-01      6.5211e+03      2.1961e+03     
1.1753e-01      6.1759e+03      2.0388e+03     
1.2252e-01      5.8688e+03      1.8938e+03     
1.2753e-01      5.5605e+03      1.7457e+03     
1.3254e-01      5.2289e+03      1.5881e+03     
1.3753e-01      4.8694e+03      1.4224e+03     
1.4253e-01      4.4917e+03      1.2549e+03     
1.4752e-01      4.1148e+03      1.0941e+03     
1.5253e-01      3.7601e+03      9.4796e+02     
1.5752e-01      3.4450e+03      8.2138e+02     
1.6252e-01      3.1782e+03      7.1531e+02     
1.6752e-01      2.9602e+03      6.2773e+02     
1.7252e-01      2.7841e+03      5.5450e+02     
1.7752e-01      2.6384e+03      4.9094e+02     
1.8252e-01      2.5100e+03      4.3276e+02     
1.8752e-01      2.3869e+03      3.7680e+02     
1.9252e-01      2.2599e+03      3.2130e+02     
1.9752e-01      2.1249e+03      2.6619e+02     
2.0252e-01      1.9824e+03      2.1248e+02     
2.0752e-01      1.8374e+03      1.6180e+02     
2.1252e-01      1.6957e+03      1.1533e+02     
2.1752e-01      1.5630e+03      7.3796e+01     
2.2252e-01      1.4436e+03      3.7234e+01     
2.2752e-01      1.3392e+03      5.2090e+00     
2.3252e-01      1.2493e+03      -2.3139e+01    
2.3752e-01      1.1717e+03      -4.8651e+01    
2.4252e-01      1.1033e+03      -7.2071e+01    
2.4752e-01      1.0401e+03      -9.3973e+01    
2.5252e-01      9.7882e+02      -1.1454e+02    
2.5752e-01      9.1737e+02      -1.3369e+02    
2.6252e-01      8.5479e+02      -1.5129e+02    
2.6752e-01      7.9128e+02      -1.6710e+02    
2.7252e-01      7.2810e+02      -1.8106e+02    
2.7752e-01      6.6668e+02      -1.9326e+02    
2.8252e-01      6.0859e+02      -2.0387e+02    
2.8752e-01      5.5517e+02      -2.1317e+02    
2.9251e-01      5.0686e+02      -2.2157e+02    
2.9751e-01      4.6328e+02      -2.2926e+02    
