# k P0 P2
# reduced chi2 = 0.9617
3.7538e-03      6.8860e+04      -1.7278e+04    
8.0504e-03      4.5901e+04      9.5373e+03     
1.2849e-02      4.3871e+04      1.4694e+04     
1.7752e-02      4.2086e+04      1.5665e+04     
2.2692e-02      3.8782e+04      1.5055e+04     
2.7648e-02      3.4645e+04      1.3648e+04     
3.2613e-02      3.0425e+04      1.2023e+04     
3.7611e-02      2.6630e+04      1.0520e+04     
4.2613e-02      2.3546e+04      9.3093e+03     
4.7605e-02      2.1190e+04      8.4056e+03     
5.2591e-02      1.9432e+04      7.7480e+03     
5.7568e-02      1.8076e+04      7.2415e+03     
6.2562e-02      1.6915e+04      6.7897e+03     
6.7567e-02      1.5789e+04      6.3219e+03     
7.2573e-02      1.4606e+04      5.8033e+03     
7.7565e-02      1.3352e+04      5.2381e+03     
8.2548e-02      1.2068e+04      4.6558e+03     
8.7544e-02      1.0822e+04      4.0955e+03     
9.2544e-02      9.6939e+03      3.5956e+03     
9.7542e-02      8.7353e+03      3.1792e+03     
1.0254e-01      7.9656e+03      2.8510e+03     
1.0754e-01      7.3721e+03      2.6008e+03     
1.1254e-01      6.9185e+03      2.4088e+03     
1.1753e-01      6.5558e+03      2.2513e+03     
1.2252e-01      6.2333e+03      2.1060e+03     
1.2753e-01      5.9087e+03      1.9564e+03     
1.3254e-01      5.5577e+03      1.7949e+03     
1.3753e-01      5.1752e+03      1.6228e+03     
1.4253e-01      4.7720e+03      1.4468e+03     
1.4752e-01      4.3686e+03      1.2765e+03     
1.5253e-01      3.9885e+03      1.1208e+03     
1.5752e-01      3.6506e+03      9.8580e+02     
1.6252e-01      3.3648e+03      8.7287e+02     
1.6752e-01      3.1317e+03      7.8020e+02     
1.7252e-01      2.9440e+03      7.0339e+02     
1.7752e-01      2.7892e+03      6.3726e+02     
1.8252e-01      2.6529e+03      5.7685e+02     
1.8752e-01      2.5221e+03      5.1838e+02     
1.9252e-01      2.3866e+03      4.5959e+02     
1.9752e-01      2.2418e+03      4.0020e+02     
2.0252e-01      2.0885e+03      3.4129e+02     
2.0752e-01      1.9319e+03      2.8483e+02     
2.1252e-01      1.7786e+03      2.3240e+02     
2.1752e-01      1.6349e+03      1.8514e+02     
2.2252e-01      1.5055e+03      1.4337e+02     
2.2752e-01      1.3924e+03      1.0680e+02     
2.3252e-01      1.2951e+03      7.4583e+01     
2.3752e-01      1.2114e+03      4.5749e+01     
2.4252e-01      1.1376e+03      1.9365e+01     
2.4752e-01      1.0695e+03      -5.3824e+00    
2.5252e-01      1.0033e+03      -2.8888e+01    
2.5752e-01      9.3678e+02      -5.1176e+01    
2.6252e-01      8.6876e+02      -7.2170e+01    
2.6752e-01      7.9952e+02      -9.1574e+01    
2.7252e-01      7.3045e+02      -1.0922e+02    
2.7752e-01      6.6319e+02      -1.2509e+02    
2.8252e-01      5.9950e+02      -1.3921e+02    
2.8752e-01      5.4090e+02      -1.5180e+02    
2.9251e-01      4.8791e+02      -1.6320e+02    
2.9751e-01      4.4014e+02      -1.7366e+02    
