# k P0 P2
# reduced chi2 = 0.9221
8.0027e-03      3.3126e+04      1.1353e+04     
1.2850e-02      3.6134e+04      1.4410e+04     
1.7764e-02      3.6132e+04      1.5203e+04     
2.2684e-02      3.3956e+04      1.4549e+04     
2.7646e-02      3.0639e+04      1.3150e+04     
3.2636e-02      2.7055e+04      1.1539e+04     
3.7623e-02      2.3789e+04      1.0054e+04     
4.2607e-02      2.1113e+04      8.8479e+03     
4.7584e-02      1.9056e+04      7.9345e+03     
5.2572e-02      1.7512e+04      7.2552e+03     
5.7566e-02      1.6316e+04      6.7216e+03     
6.2559e-02      1.5289e+04      6.2460e+03     
6.7563e-02      1.4285e+04      5.7610e+03     
7.2560e-02      1.3226e+04      5.2369e+03     
7.7552e-02      1.2096e+04      4.6768e+03     
8.2550e-02      1.0934e+04      4.1071e+03     
8.7545e-02      9.8108e+03      3.5661e+03     
9.2544e-02      8.7935e+03      3.0856e+03     
9.7542e-02      7.9298e+03      2.6842e+03     
1.0253e-01      7.2371e+03      2.3647e+03     
1.0754e-01      6.7012e+03      2.1152e+03     
1.1254e-01      6.2901e+03      1.9179e+03     
1.1754e-01      5.9602e+03      1.7520e+03     
1.2253e-01      5.6662e+03      1.5988e+03     
1.2753e-01      5.3711e+03      1.4455e+03     
1.3253e-01      5.0536e+03      1.2869e+03     
1.3753e-01      4.7084e+03      1.1241e+03     
1.4253e-01      4.3463e+03      9.6341e+02     
1.4753e-01      3.9862e+03      8.1219e+02     
1.5253e-01      3.6479e+03      6.7623e+02     
1.5753e-01      3.3476e+03      5.5886e+02     
1.6253e-01      3.0939e+03      4.6011e+02     
1.6753e-01      2.8869e+03      3.7747e+02     
1.7253e-01      2.7195e+03      3.0709e+02     
1.7753e-01      2.5809e+03      2.4502e+02     
1.8253e-01      2.4588e+03      1.8799e+02     
1.8752e-01      2.3420e+03      1.3394e+02     
1.9252e-01      2.2216e+03      8.2028e+01     
1.9752e-01      2.0941e+03      3.2503e+01     
2.0251e-01      1.9598e+03      -1.3740e+01    
2.0752e-01      1.8234e+03      -5.5781e+01    
2.1252e-01      1.6906e+03      -9.3024e+01    
2.1752e-01      1.5667e+03      -1.2552e+02    
2.2252e-01      1.4553e+03      -1.5377e+02    
2.2752e-01      1.3580e+03      -1.7854e+02    
2.3252e-01      1.2743e+03      -2.0073e+02    
2.3752e-01      1.2022e+03      -2.2100e+02    
2.4252e-01      1.1385e+03      -2.3978e+02    
2.4752e-01      1.0799e+03      -2.5719e+02    
2.5252e-01      1.0231e+03      -2.7301e+02    
2.5751e-01      9.6639e+02      -2.8702e+02    
2.6251e-01      9.0872e+02      -2.9893e+02    
2.6751e-01      8.5033e+02      -3.0862e+02    
2.7251e-01      7.9242e+02      -3.1622e+02    
2.7752e-01      7.3631e+02      -3.2204e+02    
2.8252e-01      6.8336e+02      -3.2647e+02    
2.8751e-01      6.3477e+02      -3.3006e+02    
2.9251e-01      5.9092e+02      -3.3322e+02    
2.9751e-01      5.5140e+02      -3.3612e+02    
