# k P0 P2
# reduced chi2 = 0.8973
8.0027e-03      3.5650e+04      1.1770e+04     
1.2850e-02      3.8690e+04      1.4898e+04     
1.7764e-02      3.8607e+04      1.5689e+04     
2.2684e-02      3.6232e+04      1.4984e+04     
2.7646e-02      3.2655e+04      1.3514e+04     
3.2636e-02      2.8801e+04      1.1827e+04     
3.7623e-02      2.5294e+04      1.0275e+04     
4.2607e-02      2.2421e+04      9.0143e+03     
4.7584e-02      2.0212e+04      8.0565e+03     
5.2572e-02      1.8553e+04      7.3401e+03     
5.7566e-02      1.7265e+04      6.7735e+03     
6.2559e-02      1.6159e+04      6.2665e+03     
6.7563e-02      1.5079e+04      5.7511e+03     
7.2560e-02      1.3941e+04      5.1981e+03     
7.7552e-02      1.2730e+04      4.6119e+03     
8.2550e-02      1.1485e+04      4.0200e+03     
8.7545e-02      1.0284e+04      3.4611e+03     
9.2544e-02      9.1961e+03      2.9665e+03     
9.7542e-02      8.2728e+03      2.5539e+03     
1.0253e-01      7.5318e+03      2.2245e+03     
1.0754e-01      6.9578e+03      1.9658e+03     
1.1254e-01      6.5164e+03      1.7589e+03     
1.1754e-01      6.1615e+03      1.5835e+03     
1.2253e-01      5.8450e+03      1.4213e+03     
1.2753e-01      5.5279e+03      1.2603e+03     
1.3253e-01      5.1878e+03      1.0962e+03     
1.3753e-01      4.8192e+03      9.3080e+02     
1.4253e-01      4.4336e+03      7.7008e+02     
1.4753e-01      4.0509e+03      6.2091e+02     
1.5253e-01      3.6917e+03      4.8820e+02     
1.5753e-01      3.3730e+03      3.7430e+02     
1.6253e-01      3.1037e+03      2.7846e+02     
1.6753e-01      2.8836e+03      1.9774e+02     
1.7253e-01      2.7055e+03      1.2826e+02     
1.7753e-01      2.5577e+03      6.6372e+01     
1.8253e-01      2.4274e+03      9.3434e+00     
1.8752e-01      2.3027e+03      -4.4278e+01    
1.9252e-01      2.1748e+03      -9.4787e+01    
1.9752e-01      2.0397e+03      -1.4164e+02    
2.0251e-01      1.8979e+03      -1.8392e+02    
2.0752e-01      1.7542e+03      -2.2104e+02    
2.1252e-01      1.6145e+03      -2.5285e+02    
2.1752e-01      1.4843e+03      -2.7987e+02    
2.2252e-01      1.3673e+03      -3.0301e+02    
2.2752e-01      1.2651e+03      -3.2325e+02    
2.3252e-01      1.1772e+03      -3.4160e+02    
2.3752e-01      1.1013e+03      -3.5859e+02    
2.4252e-01      1.0343e+03      -3.7450e+02    
2.4752e-01      9.7262e+02      -3.8916e+02    
2.5252e-01      9.1298e+02      -4.0209e+02    
2.5751e-01      8.5350e+02      -4.1291e+02    
2.6251e-01      7.9319e+02      -4.2125e+02    
2.6751e-01      7.3227e+02      -4.2702e+02    
2.7251e-01      6.7194e+02      -4.3049e+02    
2.7752e-01      6.1358e+02      -4.3210e+02    
2.8252e-01      5.5855e+02      -4.3243e+02    
2.8751e-01      5.0809e+02      -4.3217e+02    
2.9251e-01      4.6256e+02      -4.3179e+02    
2.9751e-01      4.2152e+02      -4.3147e+02    
