# k P0 P2
# reduced chi2 = 0.8217
3.7054e-03      7.1819e+04      -4.0185e+03    
8.0027e-03      4.2779e+04      1.2258e+04     
1.2850e-02      4.1024e+04      1.4978e+04     
1.7764e-02      3.9164e+04      1.5619e+04     
2.2684e-02      3.5998e+04      1.4871e+04     
2.7646e-02      3.2061e+04      1.3430e+04     
3.2636e-02      2.8064e+04      1.1787e+04     
3.7623e-02      2.4515e+04      1.0282e+04     
4.2607e-02      2.1643e+04      9.0651e+03     
4.7584e-02      1.9450e+04      8.1476e+03     
5.2572e-02      1.7810e+04      7.4688e+03     
5.7566e-02      1.6543e+04      6.9392e+03     
6.2559e-02      1.5462e+04      6.4689e+03     
6.7563e-02      1.4415e+04      5.9886e+03     
7.2560e-02      1.3315e+04      5.4665e+03     
7.7552e-02      1.2149e+04      4.9051e+03     
8.2550e-02      1.0952e+04      4.3309e+03     
8.7545e-02      9.7971e+03      3.7836e+03     
9.2544e-02      8.7518e+03      3.2962e+03     
9.7542e-02      7.8646e+03      2.8892e+03     
1.0253e-01      7.1534e+03      2.5662e+03     
1.0754e-01      6.6036e+03      2.3158e+03     
1.1254e-01      6.1824e+03      2.1197e+03     
1.1754e-01      5.8450e+03      1.9563e+03     
1.2253e-01      5.5446e+03      1.8056e+03     
1.2753e-01      5.2433e+03      1.6535e+03     
1.3253e-01      4.9187e+03      1.4939e+03     
1.3753e-01      4.5652e+03      1.3276e+03     
1.4253e-01      4.1939e+03      1.1610e+03     
1.4753e-01      3.8241e+03      1.0025e+03     
1.5253e-01      3.4765e+03      8.5879e+02     
1.5753e-01      3.1677e+03      7.3420e+02     
1.6253e-01      2.9070e+03      6.2948e+02     
1.6753e-01      2.6944e+03      5.4241e+02     
1.7253e-01      2.5228e+03      4.6897e+02     
1.7753e-01      2.3810e+03      4.0478e+02     
1.8253e-01      2.2561e+03      3.4595e+02     
1.8752e-01      2.1365e+03      2.8978e+02     
1.9252e-01      2.0131e+03      2.3489e+02     
1.9752e-01      1.8818e+03      1.8130e+02     
2.0251e-01      1.7433e+03      1.2993e+02     
2.0752e-01      1.6022e+03      8.2051e+01     
2.1252e-01      1.4646e+03      3.8694e+01     
2.1752e-01      1.3361e+03      2.3947e-01     
2.2252e-01      1.2205e+03      -3.3494e+01    
2.2752e-01      1.1195e+03      -6.3093e+01    
2.3252e-01      1.0328e+03      -8.9428e+01    
2.3752e-01      9.5801e+02      -1.1326e+02    
2.4252e-01      8.9209e+02      -1.3524e+02    
2.4752e-01      8.3136e+02      -1.5570e+02    
2.5252e-01      7.7246e+02      -1.7466e+02    
2.5751e-01      7.1345e+02      -1.9202e+02    
2.6251e-01      6.5334e+02      -2.0755e+02    
2.6751e-01      5.9234e+02      -2.2110e+02    
2.7251e-01      5.3170e+02      -2.3269e+02    
2.7752e-01      4.7286e+02      -2.4247e+02    
2.8252e-01      4.1726e+02      -2.5075e+02    
2.8751e-01      3.6622e+02      -2.5791e+02    
2.9251e-01      3.2015e+02      -2.6435e+02    
2.9751e-01      2.7861e+02      -2.7026e+02    
