# k P0 P2
# reduced chi2 = 0.9378
3.7538e-03      9.8377e+04      -4.1310e+04    
8.0504e-03      4.9085e+04      7.2093e+03     
1.2849e-02      4.2824e+04      1.3919e+04     
1.7752e-02      3.9872e+04      1.4895e+04     
2.2692e-02      3.6194e+04      1.4313e+04     
2.7648e-02      3.2064e+04      1.2950e+04     
3.2613e-02      2.8007e+04      1.1373e+04     
3.7611e-02      2.4417e+04      9.9139e+03     
4.2613e-02      2.1519e+04      8.7335e+03     
4.7605e-02      1.9311e+04      7.8452e+03     
5.2591e-02      1.7662e+04      7.1895e+03     
5.7568e-02      1.6389e+04      6.6768e+03     
6.2562e-02      1.5301e+04      6.2172e+03     
6.7567e-02      1.4251e+04      5.7463e+03     
7.2573e-02      1.3157e+04      5.2331e+03     
7.7565e-02      1.2004e+04      4.6830e+03     
8.2548e-02      1.0830e+04      4.1234e+03     
8.7544e-02      9.6957e+03      3.5898e+03     
9.2544e-02      8.6694e+03      3.1158e+03     
9.7542e-02      7.7980e+03      2.7208e+03     
1.0254e-01      7.0971e+03      2.4072e+03     
1.0754e-01      6.5545e+03      2.1643e+03     
1.1254e-01      6.1374e+03      1.9737e+03     
1.1753e-01      5.8021e+03      1.8143e+03     
1.2252e-01      5.5035e+03      1.6672e+03     
1.2753e-01      5.2043e+03      1.5184e+03     
1.3254e-01      4.8834e+03      1.3626e+03     
1.3753e-01      4.5366e+03      1.2015e+03     
1.4253e-01      4.1734e+03      1.0409e+03     
1.4752e-01      3.8116e+03      8.8862e+02     
1.5253e-01      3.4717e+03      7.5128e+02     
1.5752e-01      3.1697e+03      6.3276e+02     
1.6252e-01      2.9140e+03      5.3328e+02     
1.6752e-01      2.7047e+03      4.5058e+02     
1.7252e-01      2.5352e+03      3.8070e+02     
1.7752e-01      2.3946e+03      3.1947e+02     
1.8252e-01      2.2706e+03      2.6328e+02     
1.8752e-01      2.1517e+03      2.0964e+02     
1.9252e-01      2.0296e+03      1.5739e+02     
1.9752e-01      1.9003e+03      1.0668e+02     
2.0252e-01      1.7644e+03      5.8485e+01     
2.0752e-01      1.6265e+03      1.4069e+01     
2.1252e-01      1.4920e+03      -2.5864e+01    
2.1752e-01      1.3663e+03      -6.1022e+01    
2.2252e-01      1.2532e+03      -9.1739e+01    
2.2752e-01      1.1542e+03      -1.1863e+02    
2.3252e-01      1.0689e+03      -1.4259e+02    
2.3752e-01      9.9522e+02      -1.6432e+02    
2.4252e-01      9.3012e+02      -1.8436e+02    
2.4752e-01      8.7009e+02      -2.0303e+02    
2.5252e-01      8.1193e+02      -2.2025e+02    
2.5752e-01      7.5380e+02      -2.3582e+02    
2.6252e-01      6.9477e+02      -2.4954e+02    
2.6752e-01      6.3507e+02      -2.6121e+02    
2.7252e-01      5.7581e+02      -2.7091e+02    
2.7752e-01      5.1832e+02      -2.7885e+02    
2.8252e-01      4.6402e+02      -2.8534e+02    
2.8752e-01      4.1411e+02      -2.9081e+02    
2.9251e-01      3.6898e+02      -2.9569e+02    
2.9751e-01      3.2828e+02      -3.0015e+02    
