# k P0 P2
# reduced chi2 = 1.1578
8.0027e-03      4.0980e+04      1.2168e+04     
1.2850e-02      4.0526e+04      1.4956e+04     
1.7764e-02      3.9122e+04      1.5610e+04     
2.2684e-02      3.6153e+04      1.4855e+04     
2.7646e-02      3.2306e+04      1.3391e+04     
3.2636e-02      2.8345e+04      1.1725e+04     
3.7623e-02      2.4805e+04      1.0198e+04     
4.2607e-02      2.1932e+04      8.9602e+03     
4.7584e-02      1.9733e+04      8.0225e+03     
5.2572e-02      1.8086e+04      7.3231e+03     
5.7566e-02      1.6809e+04      6.7723e+03     
6.2559e-02      1.5718e+04      6.2810e+03     
6.7563e-02      1.4659e+04      5.7812e+03     
7.2560e-02      1.3547e+04      5.2432e+03     
7.7552e-02      1.2369e+04      4.6707e+03     
8.2550e-02      1.1160e+04      4.0903e+03     
8.7545e-02      9.9946e+03      3.5407e+03     
9.2544e-02      8.9403e+03      3.0532e+03     
9.7542e-02      8.0456e+03      2.6464e+03     
1.0253e-01      7.3276e+03      2.3222e+03     
1.0754e-01      6.7716e+03      2.0686e+03     
1.1254e-01      6.3442e+03      1.8671e+03     
1.1754e-01      6.0009e+03      1.6972e+03     
1.2253e-01      5.6949e+03      1.5403e+03     
1.2753e-01      5.3885e+03      1.3837e+03     
1.3253e-01      5.0597e+03      1.2227e+03     
1.3753e-01      4.7032e+03      1.0586e+03     
1.4253e-01      4.3301e+03      8.9740e+02     
1.4753e-01      3.9594e+03      7.4648e+02     
1.5253e-01      3.6114e+03      6.1127e+02     
1.5753e-01      3.3026e+03      4.9476e+02     
1.6253e-01      3.0417e+03      3.9673e+02     
1.6753e-01      2.8285e+03      3.1453e+02     
1.7253e-01      2.6560e+03      2.4427e+02     
1.7753e-01      2.5131e+03      1.8212e+02     
1.8253e-01      2.3870e+03      1.2496e+02     
1.8752e-01      2.2665e+03      7.0936e+01     
1.9252e-01      2.1426e+03      1.9387e+01     
1.9752e-01      2.0115e+03      -2.9329e+01    
2.0251e-01      1.8738e+03      -7.4313e+01    
2.0752e-01      1.7340e+03      -1.1475e+02    
2.1252e-01      1.5981e+03      -1.5019e+02    
2.1752e-01      1.4713e+03      -1.8085e+02    
2.2252e-01      1.3574e+03      -2.0738e+02    
2.2752e-01      1.2578e+03      -2.3063e+02    
2.3252e-01      1.1721e+03      -2.5152e+02    
2.3752e-01      1.0982e+03      -2.7068e+02    
2.4252e-01      1.0330e+03      -2.8850e+02    
2.4752e-01      9.7296e+02      -3.0498e+02    
2.5252e-01      9.1484e+02      -3.1982e+02    
2.5751e-01      8.5680e+02      -3.3273e+02    
2.6251e-01      7.9790e+02      -3.4341e+02    
2.6751e-01      7.3833e+02      -3.5174e+02    
2.7251e-01      6.7929e+02      -3.5791e+02    
2.7752e-01      6.2213e+02      -3.6225e+02    
2.8252e-01      5.6820e+02      -3.6526e+02    
2.8751e-01      5.1873e+02      -3.6750e+02    
2.9251e-01      4.7408e+02      -3.6941e+02    
2.9751e-01      4.3383e+02      -3.7118e+02    
