# k P0 P2
# reduced chi2 = 0.9450
3.7054e-03      2.7028e+04      5.4861e+03     
8.0027e-03      3.3343e+04      1.1479e+04     
1.2850e-02      3.7387e+04      1.4761e+04     
1.7764e-02      3.7756e+04      1.5653e+04     
2.2684e-02      3.5645e+04      1.5029e+04     
2.7646e-02      3.2245e+04      1.3624e+04     
3.2636e-02      2.8517e+04      1.1992e+04     
3.7623e-02      2.5101e+04      1.0486e+04     
4.2607e-02      2.2296e+04      9.2660e+03     
4.7584e-02      2.0141e+04      8.3484e+03     
5.2572e-02      1.8526e+04      7.6739e+03     
5.7566e-02      1.7277e+04      7.1509e+03     
6.2559e-02      1.6205e+04      6.6871e+03     
6.7563e-02      1.5156e+04      6.2106e+03     
7.2560e-02      1.4043e+04      5.6881e+03     
7.7552e-02      1.2852e+04      5.1219e+03     
8.2550e-02      1.1622e+04      4.5392e+03     
8.7545e-02      1.0430e+04      3.9813e+03     
9.2544e-02      9.3501e+03      3.4835e+03     
9.7542e-02      8.4328e+03      3.0676e+03     
1.0253e-01      7.6981e+03      2.7384e+03     
1.0754e-01      7.1315e+03      2.4848e+03     
1.1254e-01      6.6990e+03      2.2878e+03     
1.1754e-01      6.3535e+03      2.1247e+03     
1.2253e-01      6.0461e+03      1.9744e+03     
1.2753e-01      5.7365e+03      1.8215e+03     
1.3253e-01      5.4011e+03      1.6591e+03     
1.3753e-01      5.0339e+03      1.4879e+03     
1.4253e-01      4.6466e+03      1.3149e+03     
1.4753e-01      4.2599e+03      1.1488e+03     
1.5253e-01      3.8959e+03      9.9763e+02     
1.5753e-01      3.5724e+03      8.6627e+02     
1.6253e-01      3.2995e+03      7.5601e+02     
1.6753e-01      3.0773e+03      6.6472e+02     
1.7253e-01      2.8985e+03      5.8823e+02     
1.7753e-01      2.7511e+03      5.2174e+02     
1.8253e-01      2.6215e+03      4.6087e+02     
1.8752e-01      2.4972e+03      4.0245e+02     
1.9252e-01      2.3684e+03      3.4470e+02     
1.9752e-01      2.2309e+03      2.8749e+02     
2.0251e-01      2.0851e+03      2.3179e+02     
2.0752e-01      1.9361e+03      1.7911e+02     
2.1252e-01      1.7907e+03      1.3082e+02     
2.1752e-01      1.6546e+03      8.7616e+01     
2.2252e-01      1.5322e+03      4.9542e+01     
2.2752e-01      1.4253e+03      1.6126e+01     
2.3252e-01      1.3336e+03      -1.3496e+01    
2.3752e-01      1.2547e+03      -4.0183e+01    
2.4252e-01      1.1852e+03      -6.4731e+01    
2.4752e-01      1.1211e+03      -8.7654e+01    
2.5252e-01      1.0589e+03      -1.0914e+02    
2.5751e-01      9.9644e+02      -1.2916e+02    
2.6251e-01      9.3259e+02      -1.4753e+02    
2.6751e-01      8.6759e+02      -1.6405e+02    
2.7251e-01      8.0285e+02      -1.7866e+02    
2.7752e-01      7.3992e+02      -1.9143e+02    
2.8252e-01      6.8040e+02      -2.0256e+02    
2.8751e-01      6.2574e+02      -2.1240e+02    
2.9251e-01      5.7640e+02      -2.2129e+02    
2.9751e-01      5.3193e+02      -2.2945e+02    
