# k P0 P2
# reduced chi2 = 1.0978
3.7054e-03      5.9445e+04      -4.4662e+02    
8.0027e-03      4.0927e+04      1.2131e+04     
1.2850e-02      4.0562e+04      1.4900e+04     
1.7764e-02      3.9184e+04      1.5525e+04     
2.2684e-02      3.6225e+04      1.4738e+04     
2.7646e-02      3.2381e+04      1.3243e+04     
3.2636e-02      2.8421e+04      1.1550e+04     
3.7623e-02      2.4882e+04      9.9985e+03     
4.2607e-02      2.2006e+04      8.7379e+03     
4.7584e-02      1.9802e+04      7.7759e+03     
5.2572e-02      1.8147e+04      7.0501e+03     
5.7566e-02      1.6861e+04      6.4711e+03     
6.2559e-02      1.5760e+04      5.9519e+03     
6.7563e-02      1.4691e+04      5.4275e+03     
7.2560e-02      1.3574e+04      4.8711e+03     
7.7552e-02      1.2392e+04      4.2882e+03     
8.2550e-02      1.1183e+04      3.7052e+03     
8.7545e-02      1.0020e+04      3.1587e+03     
9.2544e-02      8.9696e+03      2.6773e+03     
9.7542e-02      8.0780e+03      2.2761e+03     
1.0253e-01      7.3617e+03      1.9550e+03     
1.0754e-01      6.8054e+03      1.7008e+03     
1.1254e-01      6.3760e+03      1.4954e+03     
1.1754e-01      6.0295e+03      1.3199e+03     
1.2253e-01      5.7203e+03      1.1578e+03     
1.2753e-01      5.4119e+03      9.9878e+02     
1.3253e-01      5.0831e+03      8.3974e+02     
1.3753e-01      4.7289e+03      6.8256e+02     
1.4253e-01      4.3602e+03      5.3276e+02     
1.4753e-01      3.9953e+03      3.9602e+02     
1.5253e-01      3.6537e+03      2.7589e+02     
1.5753e-01      3.3508e+03      1.7357e+02     
1.6253e-01      3.0948e+03      8.7571e+01     
1.6753e-01      2.8852e+03      1.4742e+01     
1.7253e-01      2.7150e+03      -4.8532e+01    
1.7753e-01      2.5734e+03      -1.0531e+02    
1.8253e-01      2.4485e+03      -1.5763e+02    
1.8752e-01      2.3293e+03      -2.0625e+02    
1.9252e-01      2.2075e+03      -2.5096e+02    
1.9752e-01      2.0796e+03      -2.9101e+02    
2.0251e-01      1.9460e+03      -3.2559e+02    
2.0752e-01      1.8111e+03      -3.5448e+02    
2.1252e-01      1.6803e+03      -3.7801e+02    
2.1752e-01      1.5586e+03      -3.9711e+02    
2.2252e-01      1.4494e+03      -4.1299e+02    
2.2752e-01      1.3539e+03      -4.2677e+02    
2.3252e-01      1.2717e+03      -4.3943e+02    
2.3752e-01      1.2007e+03      -4.5138e+02    
2.4252e-01      1.1379e+03      -4.6269e+02    
2.4752e-01      1.0802e+03      -4.7296e+02    
2.5252e-01      1.0245e+03      -4.8152e+02    
2.5751e-01      9.6916e+02      -4.8789e+02    
2.6251e-01      9.1322e+02      -4.9168e+02    
2.6751e-01      8.5690e+02      -4.9284e+02    
2.7251e-01      8.0129e+02      -4.9173e+02    
2.7752e-01      7.4760e+02      -4.8891e+02    
2.8252e-01      6.9705e+02      -4.8504e+02    
2.8751e-01      6.5073e+02      -4.8089e+02    
2.9251e-01      6.0894e+02      -4.7695e+02    
2.9751e-01      5.7129e+02      -4.7335e+02    
