# k P0 P2
# reduced chi2 = 0.8973
8.0504e-03      3.4905e+04      1.0396e+04     
1.2849e-02      3.6991e+04      1.4026e+04     
1.7752e-02      3.6723e+04      1.4950e+04     
2.2692e-02      3.4401e+04      1.4382e+04     
2.7648e-02      3.1000e+04      1.3056e+04     
3.2613e-02      2.7362e+04      1.1515e+04     
3.7611e-02      2.4027e+04      1.0084e+04     
4.2613e-02      2.1291e+04      8.9279e+03     
4.7605e-02      1.9193e+04      8.0623e+03     
5.2591e-02      1.7624e+04      7.4311e+03     
5.7568e-02      1.6412e+04      6.9443e+03     
6.2562e-02      1.5370e+04      6.5098e+03     
6.7567e-02      1.4354e+04      6.0603e+03     
7.2573e-02      1.3279e+04      5.5624e+03     
7.7565e-02      1.2135e+04      5.0203e+03     
8.2548e-02      1.0961e+04      4.4621e+03     
8.7544e-02      9.8203e+03      3.9249e+03     
9.2544e-02      8.7856e+03      3.4453e+03     
9.7542e-02      7.9065e+03      3.0455e+03     
1.0254e-01      7.2005e+03      2.7299e+03     
1.0754e-01      6.6563e+03      2.4888e+03     
1.1254e-01      6.2405e+03      2.3032e+03     
1.1753e-01      5.9081e+03      2.1509e+03     
1.2252e-01      5.6123e+03      2.0104e+03     
1.2753e-01      5.3143e+03      1.8661e+03     
1.3254e-01      4.9917e+03      1.7107e+03     
1.3753e-01      4.6399e+03      1.5455e+03     
1.4253e-01      4.2690e+03      1.3769e+03     
1.4752e-01      3.8978e+03      1.2140e+03     
1.5253e-01      3.5480e+03      1.0651e+03     
1.5752e-01      3.2370e+03      9.3599e+02     
1.6252e-01      2.9741e+03      8.2788e+02     
1.6752e-01      2.7596e+03      7.3903e+02     
1.7252e-01      2.5868e+03      6.6526e+02     
1.7752e-01      2.4443e+03      6.0166e+02     
1.8252e-01      2.3188e+03      5.4358e+02     
1.8752e-01      2.1983e+03      4.8746e+02     
1.9252e-01      2.0736e+03      4.3120e+02     
1.9752e-01      1.9403e+03      3.7454e+02     
2.0252e-01      1.7993e+03      3.1848e+02     
2.0752e-01      1.6552e+03      2.6488e+02     
2.1252e-01      1.5143e+03      2.1517e+02     
2.1752e-01      1.3821e+03      1.7039e+02     
2.2252e-01      1.2632e+03      1.3083e+02     
2.2752e-01      1.1592e+03      9.6180e+01     
2.3252e-01      1.0698e+03      6.5638e+01     
2.3752e-01      9.9283e+02      3.8297e+01     
2.4252e-01      9.2494e+02      1.3283e+01     
2.4752e-01      8.6231e+02      -1.0148e+01    
2.5252e-01      8.0144e+02      -3.2357e+01    
2.5752e-01      7.4027e+02      -5.3359e+01    
2.6252e-01      6.7779e+02      -7.3079e+01    
2.6752e-01      6.1422e+02      -9.1246e+01    
2.7252e-01      5.5084e+02      -1.0772e+02    
2.7752e-01      4.8914e+02      -1.2248e+02    
2.8252e-01      4.3074e+02      -1.3560e+02    
2.8752e-01      3.7701e+02      -1.4727e+02    
2.9251e-01      3.2843e+02      -1.5783e+02    
2.9751e-01      2.8463e+02      -1.6751e+02    
