# k P0 P2
# reduced chi2 = 0.9102
8.0504e-03      3.8602e+04      1.0447e+04     
1.2849e-02      3.9802e+04      1.4430e+04     
1.7752e-02      3.9151e+04      1.5374e+04     
2.2692e-02      3.6517e+04      1.4788e+04     
2.7648e-02      3.2831e+04      1.3425e+04     
3.2613e-02      2.8941e+04      1.1845e+04     
3.7611e-02      2.5394e+04      1.0380e+04     
4.2613e-02      2.2492e+04      9.2002e+03     
4.7605e-02      2.0269e+04      8.3197e+03     
5.2591e-02      1.8610e+04      7.6808e+03     
5.7568e-02      1.7329e+04      7.1905e+03     
6.2562e-02      1.6229e+04      6.7539e+03     
6.7567e-02      1.5159e+04      6.3010e+03     
7.2573e-02      1.4028e+04      5.7966e+03     
7.7565e-02      1.2824e+04      5.2446e+03     
8.2548e-02      1.1589e+04      4.6740e+03     
8.7544e-02      1.0388e+04      4.1234e+03     
9.2544e-02      9.2993e+03      3.6315e+03     
9.7542e-02      8.3742e+03      3.2216e+03     
1.0254e-01      7.6318e+03      2.8990e+03     
1.0754e-01      7.0600e+03      2.6540e+03     
1.1254e-01      6.6238e+03      2.4670e+03     
1.1753e-01      6.2756e+03      2.3146e+03     
1.2252e-01      5.9661e+03      2.1743e+03     
1.2753e-01      5.6540e+03      2.0292e+03     
1.3254e-01      5.3155e+03      1.8713e+03     
1.3753e-01      4.9458e+03      1.7016e+03     
1.4253e-01      4.5553e+03      1.5270e+03     
1.4752e-01      4.1640e+03      1.3572e+03     
1.5253e-01      3.7950e+03      1.2014e+03     
1.5752e-01      3.4670e+03      1.0661e+03     
1.6252e-01      3.1897e+03      9.5310e+02     
1.6752e-01      2.9637e+03      8.6069e+02     
1.7252e-01      2.7820e+03      7.8456e+02     
1.7752e-01      2.6325e+03      7.1939e+02     
1.8252e-01      2.5009e+03      6.6004e+02     
1.8752e-01      2.3745e+03      6.0242e+02     
1.9252e-01      2.2434e+03      5.4403e+02     
1.9752e-01      2.1029e+03      4.8442e+02     
2.0252e-01      1.9538e+03      4.2464e+02     
2.0752e-01      1.8013e+03      3.6680e+02     
2.1252e-01      1.6518e+03      3.1268e+02     
2.1752e-01      1.5116e+03      2.6364e+02     
2.2252e-01      1.3853e+03      2.2020e+02     
2.2752e-01      1.2750e+03      1.8220e+02     
2.3252e-01      1.1803e+03      1.4885e+02     
2.3752e-01      1.0988e+03      1.1915e+02     
2.4252e-01      1.0269e+03      9.2056e+01     
2.4752e-01      9.6070e+02      6.6635e+01     
2.5252e-01      8.9624e+02      4.2345e+01     
2.5752e-01      8.3134e+02      1.9071e+01     
2.6252e-01      7.6489e+02      -3.1590e+00    
2.6752e-01      6.9715e+02      -2.4039e+01    
2.7252e-01      6.2948e+02      -4.3337e+01    
2.7752e-01      5.6352e+02      -6.0940e+01    
2.8252e-01      5.0103e+02      -7.6801e+01    
2.8752e-01      4.4352e+02      -9.1026e+01    
2.9251e-01      3.9154e+02      -1.0392e+02    
2.9751e-01      3.4467e+02      -1.1573e+02    
