# k P0 P2
# reduced chi2 = 1.0934
3.7054e-03      8.0870e+04      -6.5574e+03    
8.0027e-03      4.4718e+04      1.2342e+04     
1.2850e-02      4.2084e+04      1.5024e+04     
1.7764e-02      3.9903e+04      1.5639e+04     
2.2684e-02      3.6570e+04      1.4867e+04     
2.7646e-02      3.2528e+04      1.3408e+04     
3.2636e-02      2.8461e+04      1.1750e+04     
3.7623e-02      2.4864e+04      1.0231e+04     
4.2607e-02      2.1958e+04      9.0026e+03     
4.7584e-02      1.9739e+04      8.0735e+03     
5.2572e-02      1.8079e+04      7.3827e+03     
5.7566e-02      1.6796e+04      6.8407e+03     
6.2559e-02      1.5702e+04      6.3582e+03     
6.7563e-02      1.4642e+04      5.8668e+03     
7.2560e-02      1.3533e+04      5.3360e+03     
7.7552e-02      1.2358e+04      4.7688e+03     
8.2550e-02      1.1155e+04      4.1917e+03     
8.7545e-02      9.9953e+03      3.6437e+03     
9.2544e-02      8.9463e+03      3.1569e+03     
9.7542e-02      8.0561e+03      2.7504e+03     
1.0253e-01      7.3420e+03      2.4271e+03     
1.0754e-01      6.7893e+03      2.1752e+03     
1.1254e-01      6.3649e+03      1.9763e+03     
1.1754e-01      6.0243e+03      1.8093e+03     
1.2253e-01      5.7209e+03      1.6552e+03     
1.2753e-01      5.4170e+03      1.5008e+03     
1.3253e-01      5.0906e+03      1.3405e+03     
1.3753e-01      4.7363e+03      1.1756e+03     
1.4253e-01      4.3650e+03      1.0123e+03     
1.4753e-01      3.9959e+03      8.5817e+02     
1.5253e-01      3.6491e+03      7.1935e+02     
1.5753e-01      3.3413e+03      5.9937e+02     
1.6253e-01      3.0813e+03      4.9846e+02     
1.6753e-01      2.8690e+03      4.1415e+02     
1.7253e-01      2.6973e+03      3.4252e+02     
1.7753e-01      2.5552e+03      2.7948e+02     
1.8253e-01      2.4300e+03      2.2160e+02     
1.8752e-01      2.3101e+03      1.6664e+02     
1.9252e-01      2.1867e+03      1.1363e+02     
1.9752e-01      2.0560e+03      6.2784e+01     
2.0251e-01      1.9184e+03      1.5007e+01     
2.0752e-01      1.7786e+03      -2.8688e+01    
2.1252e-01      1.6425e+03      -6.7597e+01    
2.1752e-01      1.5154e+03      -1.0167e+02    
2.2252e-01      1.4012e+03      -1.3136e+02    
2.2752e-01      1.3014e+03      -1.5740e+02    
2.3252e-01      1.2155e+03      -1.8069e+02    
2.3752e-01      1.1415e+03      -2.0190e+02    
2.4252e-01      1.0762e+03      -2.2155e+02    
2.4752e-01      1.0160e+03      -2.3978e+02    
2.5252e-01      9.5776e+02      -2.5643e+02    
2.5751e-01      8.9951e+02      -2.7129e+02    
2.6251e-01      8.4031e+02      -2.8409e+02    
2.6751e-01      7.8035e+02      -2.9471e+02    
2.7251e-01      7.2086e+02      -3.0325e+02    
2.7752e-01      6.6321e+02      -3.0997e+02    
2.8252e-01      6.0879e+02      -3.1527e+02    
2.8751e-01      5.5885e+02      -3.1966e+02    
2.9251e-01      5.1378e+02      -3.2355e+02    
2.9751e-01      4.7314e+02      -3.2712e+02    
