# k P0 P2
# reduced chi2 = 0.9638
3.7538e-03      4.0556e+04      -1.7129e+03    
8.0504e-03      3.6380e+04      1.0141e+04     
1.2849e-02      3.7595e+04      1.3928e+04     
1.7752e-02      3.7007e+04      1.4808e+04     
2.2692e-02      3.4538e+04      1.4202e+04     
2.7648e-02      3.1075e+04      1.2844e+04     
3.2613e-02      2.7416e+04      1.1279e+04     
3.7611e-02      2.4079e+04      9.8267e+03     
4.2613e-02      2.1345e+04      8.6494e+03     
4.7605e-02      1.9247e+04      7.7600e+03     
5.2591e-02      1.7675e+04      7.1013e+03     
5.7568e-02      1.6456e+04      6.5841e+03     
6.2562e-02      1.5408e+04      6.1191e+03     
6.7567e-02      1.4387e+04      5.6426e+03     
7.2573e-02      1.3314e+04      5.1247e+03     
7.7565e-02      1.2176e+04      4.5714e+03     
8.2548e-02      1.1012e+04      4.0104e+03     
8.7544e-02      9.8852e+03      3.4766e+03     
9.2544e-02      8.8643e+03      3.0032e+03     
9.7542e-02      7.9970e+03      2.6086e+03     
1.0254e-01      7.2993e+03      2.2947e+03     
1.0754e-01      6.7592e+03      2.0505e+03     
1.1254e-01      6.3440e+03      1.8576e+03     
1.1753e-01      6.0100e+03      1.6955e+03     
1.2252e-01      5.7123e+03      1.5455e+03     
1.2753e-01      5.4136e+03      1.3947e+03     
1.3254e-01      5.0930e+03      1.2381e+03     
1.3753e-01      4.7465e+03      1.0778e+03     
1.4253e-01      4.3835e+03      9.1958e+02     
1.4752e-01      4.0220e+03      7.7059e+02     
1.5253e-01      3.6825e+03      6.3699e+02     
1.5752e-01      3.3809e+03      5.2205e+02     
1.6252e-01      3.1255e+03      4.2553e+02     
1.6752e-01      2.9165e+03      3.4496e+02     
1.7252e-01      2.7471e+03      2.7641e+02     
1.7752e-01      2.6066e+03      2.1599e+02     
1.8252e-01      2.4825e+03      1.6042e+02     
1.8752e-01      2.3637e+03      1.0762e+02     
1.9252e-01      2.2416e+03      5.6770e+01     
1.9752e-01      2.1125e+03      8.1929e+00     
2.0252e-01      1.9771e+03      -3.7166e+01    
2.0752e-01      1.8397e+03      -7.8238e+01    
2.1252e-01      1.7059e+03      -1.1459e+02    
2.1752e-01      1.5809e+03      -1.4621e+02    
2.2252e-01      1.4684e+03      -1.7366e+02    
2.2752e-01      1.3700e+03      -1.9768e+02    
2.3252e-01      1.2852e+03      -2.1918e+02    
2.3752e-01      1.2119e+03      -2.3882e+02    
2.4252e-01      1.1471e+03      -2.5701e+02    
2.4752e-01      1.0874e+03      -2.7389e+02    
2.5252e-01      1.0297e+03      -2.8927e+02    
2.5752e-01      9.7194e+02      -3.0283e+02    
2.6252e-01      9.1341e+02      -3.1434e+02    
2.6752e-01      8.5427e+02      -3.2363e+02    
2.7252e-01      7.9564e+02      -3.3084e+02    
2.7752e-01      7.3881e+02      -3.3627e+02    
2.8252e-01      6.8517e+02      -3.4033e+02    
2.8752e-01      6.3587e+02      -3.4352e+02    
2.9251e-01      5.9131e+02      -3.4630e+02    
2.9751e-01      5.5112e+02      -3.4886e+02    
