# k P0 P2
# reduced chi2 = 0.9101
8.0027e-03      3.4842e+04      1.1681e+04     
1.2850e-02      3.8177e+04      1.4857e+04     
1.7764e-02      3.8232e+04      1.5688e+04     
2.2684e-02      3.5945e+04      1.5020e+04     
2.7646e-02      3.2433e+04      1.3583e+04     
3.2636e-02      2.8629e+04      1.1926e+04     
3.7623e-02      2.5160e+04      1.0399e+04     
4.2607e-02      2.2318e+04      9.1615e+03     
4.7584e-02      2.0134e+04      8.2266e+03     
5.2572e-02      1.8497e+04      7.5339e+03     
5.7566e-02      1.7228e+04      6.9922e+03     
6.2559e-02      1.6139e+04      6.5098e+03     
6.7563e-02      1.5075e+04      6.0164e+03     
7.2560e-02      1.3951e+04      5.4807e+03     
7.7552e-02      1.2750e+04      4.9056e+03     
8.2550e-02      1.1514e+04      4.3186e+03     
8.7545e-02      1.0318e+04      3.7600e+03     
9.2544e-02      9.2347e+03      3.2631e+03     
9.7542e-02      8.3148e+03      2.8481e+03     
1.0253e-01      7.5774e+03      2.5184e+03     
1.0754e-01      7.0075e+03      2.2621e+03     
1.1254e-01      6.5710e+03      2.0603e+03     
1.1754e-01      6.2213e+03      1.8913e+03     
1.2253e-01      5.9098e+03      1.7352e+03     
1.2753e-01      5.5967e+03      1.5782e+03     
1.3253e-01      5.2592e+03      1.4144e+03     
1.3753e-01      4.8913e+03      1.2451e+03     
1.4253e-01      4.5047e+03      1.0767e+03     
1.4753e-01      4.1198e+03      9.1740e+02     
1.5253e-01      3.7578e+03      7.7364e+02     
1.5753e-01      3.4364e+03      6.4931e+02     
1.6253e-01      3.1650e+03      5.4476e+02     
1.6753e-01      2.9437e+03      4.5750e+02     
1.7253e-01      2.7650e+03      3.8347e+02     
1.7753e-01      2.6173e+03      3.1838e+02     
1.8253e-01      2.4872e+03      2.5858e+02     
1.8752e-01      2.3626e+03      2.0166e+02     
1.9252e-01      2.2341e+03      1.4652e+02     
1.9752e-01      2.0975e+03      9.3342e+01     
2.0251e-01      1.9534e+03      4.3090e+01     
2.0752e-01      1.8066e+03      -3.1257e+00    
2.1252e-01      1.6636e+03      -4.4487e+01    
2.1752e-01      1.5301e+03      -8.0857e+01    
2.2252e-01      1.4100e+03      -1.1263e+02    
2.2752e-01      1.3052e+03      -1.4051e+02    
2.3252e-01      1.2150e+03      -1.6544e+02    
2.3752e-01      1.1373e+03      -1.8814e+02    
2.4252e-01      1.0689e+03      -2.0916e+02    
2.4752e-01      1.0058e+03      -2.2871e+02    
2.5252e-01      9.4462e+02      -2.4666e+02    
2.5751e-01      8.8338e+02      -2.6281e+02    
2.6251e-01      8.2104e+02      -2.7689e+02    
2.6751e-01      7.5781e+02      -2.8875e+02    
2.7251e-01      6.9500e+02      -2.9849e+02    
2.7752e-01      6.3409e+02      -3.0634e+02    
2.8252e-01      5.7655e+02      -3.1269e+02    
2.8751e-01      5.2375e+02      -3.1804e+02    
2.9251e-01      4.7608e+02      -3.2282e+02    
2.9751e-01      4.3312e+02      -3.2723e+02    
