# k P0 P2
# reduced chi2 = 1.0540
8.0504e-03      3.0730e+04      1.0566e+04     
1.2849e-02      3.5281e+04      1.3928e+04     
1.7752e-02      3.6042e+04      1.4913e+04     
2.2692e-02      3.4241e+04      1.4377e+04     
2.7648e-02      3.1110e+04      1.3061e+04     
3.2613e-02      2.7614e+04      1.1520e+04     
3.7611e-02      2.4354e+04      1.0083e+04     
4.2613e-02      2.1659e+04      8.9194e+03     
4.7605e-02      1.9584e+04      8.0459e+03     
5.2591e-02      1.8029e+04      7.4065e+03     
5.7568e-02      1.6825e+04      6.9111e+03     
6.2562e-02      1.5786e+04      6.4677e+03     
6.7567e-02      1.4768e+04      6.0091e+03     
7.2573e-02      1.3688e+04      5.5026e+03     
7.7565e-02      1.2534e+04      4.9531e+03     
8.2548e-02      1.1347e+04      4.3888e+03     
8.7544e-02      1.0192e+04      3.8471e+03     
9.2544e-02      9.1448e+03      3.3641e+03     
9.7542e-02      8.2545e+03      2.9615e+03     
1.0254e-01      7.5395e+03      2.6430e+03     
1.0754e-01      6.9880e+03      2.3986e+03     
1.1254e-01      6.5663e+03      2.2093e+03     
1.1753e-01      6.2289e+03      2.0527e+03     
1.2252e-01      5.9285e+03      1.9081e+03     
1.2753e-01      5.6256e+03      1.7602e+03     
1.3254e-01      5.2979e+03      1.6024e+03     
1.3753e-01      4.9408e+03      1.4362e+03     
1.4253e-01      4.5645e+03      1.2680e+03     
1.4752e-01      4.1881e+03      1.1064e+03     
1.5253e-01      3.8336e+03      9.5949e+02     
1.5752e-01      3.5186e+03      8.3225e+02     
1.6252e-01      3.2521e+03      7.2561e+02     
1.6752e-01      3.0345e+03      6.3757e+02     
1.7252e-01      2.8591e+03      5.6396e+02     
1.7752e-01      2.7143e+03      5.0005e+02     
1.8252e-01      2.5867e+03      4.4152e+02     
1.8752e-01      2.4642e+03      3.8517e+02     
1.9252e-01      2.3375e+03      3.2924e+02     
1.9752e-01      2.2025e+03      2.7366e+02     
2.0252e-01      2.0597e+03      2.1944e+02     
2.0752e-01      1.9141e+03      1.6825e+02     
2.1252e-01      1.7718e+03      1.2126e+02     
2.1752e-01      1.6384e+03      7.9256e+01     
2.2252e-01      1.5184e+03      4.2256e+01     
2.2752e-01      1.4135e+03      9.8312e+00     
2.3252e-01      1.3232e+03      -1.8881e+01    
2.3752e-01      1.2454e+03      -4.4731e+01    
2.4252e-01      1.1768e+03      -6.8472e+01    
2.4752e-01      1.1135e+03      -9.0687e+01    
2.5252e-01      1.0520e+03      -1.1157e+02    
2.5752e-01      9.9031e+02      -1.3103e+02    
2.6252e-01      9.2738e+02      -1.4894e+02    
2.6752e-01      8.6345e+02      -1.6505e+02    
2.7252e-01      7.9978e+02      -1.7929e+02    
2.7752e-01      7.3787e+02      -1.9176e+02    
2.8252e-01      6.7930e+02      -2.0261e+02    
2.8752e-01      6.2543e+02      -2.1215e+02    
2.9251e-01      5.7673e+02      -2.2076e+02    
2.9751e-01      5.3282e+02      -2.2866e+02    
