# k P0 P2
# reduced chi2 = 0.9407
3.7054e-03      5.4615e+04      4.0758e+02     
8.0027e-03      3.8941e+04      1.1902e+04     
1.2850e-02      3.8908e+04      1.4663e+04     
1.7764e-02      3.7708e+04      1.5320e+04     
2.2684e-02      3.4926e+04      1.4590e+04     
2.7646e-02      3.1265e+04      1.3158e+04     
3.2636e-02      2.7476e+04      1.1528e+04     
3.7623e-02      2.4084e+04      1.0032e+04     
4.2607e-02      2.1327e+04      8.8191e+03     
4.7584e-02      1.9216e+04      7.9000e+03     
5.2572e-02      1.7635e+04      7.2150e+03     
5.7566e-02      1.6409e+04      6.6759e+03     
6.2559e-02      1.5362e+04      6.1953e+03     
6.7563e-02      1.4343e+04      5.7063e+03     
7.2560e-02      1.3274e+04      5.1797e+03     
7.7552e-02      1.2140e+04      4.6188e+03     
8.2550e-02      1.0977e+04      4.0497e+03     
8.7545e-02      9.8543e+03      3.5103e+03     
9.2544e-02      8.8389e+03      3.0316e+03     
9.7542e-02      7.9771e+03      2.6319e+03     
1.0253e-01      7.2857e+03      2.3134e+03     
1.0754e-01      6.7503e+03      2.0644e+03     
1.1254e-01      6.3389e+03      1.8670e+03     
1.1754e-01      6.0084e+03      1.7006e+03     
1.2253e-01      5.7139e+03      1.5471e+03     
1.2753e-01      5.4188e+03      1.3938e+03     
1.3253e-01      5.1022e+03      1.2358e+03     
1.3753e-01      4.7587e+03      1.0744e+03     
1.4253e-01      4.3991e+03      9.1566e+02     
1.4753e-01      4.0418e+03      7.6667e+02     
1.5253e-01      3.7064e+03      6.3299e+02     
1.5753e-01      3.4087e+03      5.1769e+02     
1.6253e-01      3.1572e+03      4.2069e+02     
1.6753e-01      2.9517e+03      3.3943e+02     
1.7253e-01      2.7854e+03      2.7009e+02     
1.7753e-01      2.6477e+03      2.0886e+02     
1.8253e-01      2.5262e+03      1.5260e+02     
1.8752e-01      2.4101e+03      9.9385e+01     
1.9252e-01      2.2906e+03      4.8482e+01     
1.9752e-01      2.1643e+03      1.8891e-01     
2.0251e-01      2.0315e+03      -4.4619e+01    
2.0752e-01      1.8967e+03      -8.5097e+01    
2.1252e-01      1.7656e+03      -1.2074e+02    
2.1752e-01      1.6433e+03      -1.5170e+02    
2.2252e-01      1.5334e+03      -1.7854e+02    
2.2752e-01      1.4373e+03      -2.0205e+02    
2.3252e-01      1.3547e+03      -2.2314e+02    
2.3752e-01      1.2834e+03      -2.4244e+02    
2.4252e-01      1.2205e+03      -2.6034e+02    
2.4752e-01      1.1626e+03      -2.7690e+02    
2.5252e-01      1.1065e+03      -2.9187e+02    
2.5751e-01      1.0505e+03      -3.0499e+02    
2.6251e-01      9.9369e+02      -3.1598e+02    
2.6751e-01      9.3620e+02      -3.2472e+02    
2.7251e-01      8.7922e+02      -3.3137e+02    
2.7752e-01      8.2405e+02      -3.3625e+02    
2.8252e-01      7.7200e+02      -3.3981e+02    
2.8751e-01      7.2425e+02      -3.4257e+02    
2.9251e-01      6.8115e+02      -3.4497e+02    
2.9751e-01      6.4230e+02      -3.4717e+02    
