# k P0 P2
# reduced chi2 = 1.0025
8.0027e-03      3.7746e+04      1.1935e+04     
1.2850e-02      3.8851e+04      1.4848e+04     
1.7764e-02      3.8053e+04      1.5580e+04     
2.2684e-02      3.5407e+04      1.4889e+04     
2.7646e-02      3.1761e+04      1.3470e+04     
3.2636e-02      2.7932e+04      1.1843e+04     
3.7623e-02      2.4485e+04      1.0348e+04     
4.2607e-02      2.1677e+04      9.1398e+03     
4.7584e-02      1.9527e+04      8.2306e+03     
5.2572e-02      1.7919e+04      7.5612e+03     
5.7566e-02      1.6676e+04      7.0417e+03     
6.2559e-02      1.5613e+04      6.5812e+03     
6.7563e-02      1.4578e+04      6.1092e+03     
7.2560e-02      1.3487e+04      5.5930e+03     
7.7552e-02      1.2323e+04      5.0347e+03     
8.2550e-02      1.1126e+04      4.4608e+03     
8.7545e-02      9.9677e+03      3.9119e+03     
9.2544e-02      8.9185e+03      3.4222e+03     
9.7542e-02      8.0279e+03      3.0131e+03     
1.0253e-01      7.3144e+03      2.6891e+03     
1.0754e-01      6.7637e+03      2.4393e+03     
1.1254e-01      6.3428e+03      2.2450e+03     
1.1754e-01      6.0063e+03      2.0841e+03     
1.2253e-01      5.7070e+03      1.9359e+03     
1.2753e-01      5.4059e+03      1.7853e+03     
1.3253e-01      5.0805e+03      1.6257e+03     
1.3753e-01      4.7248e+03      1.4577e+03     
1.4253e-01      4.3503e+03      1.2880e+03     
1.4753e-01      3.9766e+03      1.1252e+03     
1.5253e-01      3.6249e+03      9.7701e+02     
1.5753e-01      3.3124e+03      8.4825e+02     
1.6253e-01      3.0488e+03      7.4014e+02     
1.6753e-01      2.8340e+03      6.5061e+02     
1.7253e-01      2.6610e+03      5.7558e+02     
1.7753e-01      2.5183e+03      5.1038e+02     
1.8253e-01      2.3928e+03      4.5071e+02     
1.8752e-01      2.2725e+03      3.9350e+02     
1.9252e-01      2.1479e+03      3.3699e+02     
1.9752e-01      2.0151e+03      2.8105e+02     
2.0251e-01      1.8744e+03      2.2663e+02     
2.0752e-01      1.7308e+03      1.7520e+02     
2.1252e-01      1.5907e+03      1.2807e+02     
2.1752e-01      1.4596e+03      8.5922e+01     
2.2252e-01      1.3417e+03      4.8785e+01     
2.2752e-01      1.2387e+03      1.6199e+01     
2.3252e-01      1.1503e+03      -1.2678e+01    
2.3752e-01      1.0742e+03      -3.8684e+01    
2.4252e-01      1.0072e+03      -6.2591e+01    
2.4752e-01      9.4539e+02      -8.4897e+01    
2.5252e-01      8.8541e+02      -1.0579e+02    
2.5751e-01      8.2519e+02      -1.2523e+02    
2.6251e-01      7.6371e+02      -1.4306e+02    
2.6751e-01      7.0118e+02      -1.5908e+02    
2.7251e-01      6.3892e+02      -1.7324e+02    
2.7752e-01      5.7843e+02      -1.8561e+02    
2.8252e-01      5.2122e+02      -1.9638e+02    
2.8751e-01      4.6868e+02      -2.0589e+02    
2.9251e-01      4.2126e+02      -2.1447e+02    
2.9751e-01      3.7851e+02      -2.2234e+02    
