# k P0 P2
# reduced chi2 = 0.8185
3.7538e-03      1.9133e+04      -2.8351e+03    
8.0504e-03      2.4949e+04      9.4116e+03     
1.2849e-02      3.0979e+04      1.3197e+04     
1.7752e-02      3.2704e+04      1.4304e+04     
2.2692e-02      3.1556e+04      1.3868e+04     
2.7648e-02      2.8918e+04      1.2632e+04     
3.2613e-02      2.5805e+04      1.1154e+04     
3.7611e-02      2.2842e+04      9.7649e+03     
4.2613e-02      2.0368e+04      8.6347e+03     
4.7605e-02      1.8455e+04      7.7823e+03     
5.2591e-02      1.7019e+04      7.1552e+03     
5.7568e-02      1.5904e+04      6.6666e+03     
6.2562e-02      1.4937e+04      6.2281e+03     
6.7567e-02      1.3985e+04      5.7752e+03     
7.2573e-02      1.2969e+04      5.2769e+03     
7.7565e-02      1.1880e+04      4.7383e+03     
8.2548e-02      1.0757e+04      4.1871e+03     
8.7544e-02      9.6646e+03      3.6590e+03     
9.2544e-02      8.6723e+03      3.1887e+03     
9.7542e-02      7.8288e+03      2.7964e+03     
1.0254e-01      7.1510e+03      2.4854e+03     
1.0754e-01      6.6281e+03      2.2454e+03     
1.1254e-01      6.2279e+03      2.0582e+03     
1.1753e-01      5.9073e+03      1.9024e+03     
1.2252e-01      5.6215e+03      1.7584e+03     
1.2753e-01      5.3334e+03      1.6120e+03     
1.3254e-01      5.0218e+03      1.4573e+03     
1.3753e-01      4.6826e+03      1.2959e+03     
1.4253e-01      4.3255e+03      1.1339e+03     
1.4752e-01      3.9686e+03      9.7925e+02     
1.5253e-01      3.6325e+03      8.3923e+02     
1.5752e-01      3.3339e+03      7.1815e+02     
1.6252e-01      3.0813e+03      6.1655e+02     
1.6752e-01      2.8750e+03      5.3232e+02     
1.7252e-01      2.7084e+03      4.6143e+02     
1.7752e-01      2.5707e+03      3.9956e+02     
1.8252e-01      2.4493e+03      3.4280e+02     
1.8752e-01      2.3328e+03      2.8841e+02     
1.9252e-01      2.2125e+03      2.3498e+02     
1.9752e-01      2.0846e+03      1.8256e+02     
2.0252e-01      1.9495e+03      1.3214e+02     
2.0752e-01      1.8120e+03      8.5126e+01     
2.1252e-01      1.6778e+03      4.2434e+01     
2.1752e-01      1.5521e+03      4.5484e+00     
2.2252e-01      1.4390e+03      -2.8698e+01    
2.2752e-01      1.3400e+03      -5.7837e+01    
2.3252e-01      1.2549e+03      -8.3732e+01    
2.3752e-01      1.1815e+03      -1.0715e+02    
2.4252e-01      1.1167e+03      -1.2871e+02    
2.4752e-01      1.0570e+03      -1.4883e+02    
2.5252e-01      9.9899e+02      -1.6757e+02    
2.5752e-01      9.4088e+02      -1.8476e+02    
2.6252e-01      8.8173e+02      -2.0025e+02    
2.6752e-01      8.2174e+02      -2.1381e+02    
2.7252e-01      7.6209e+02      -2.2546e+02    
2.7752e-01      7.0415e+02      -2.3535e+02    
2.8252e-01      6.4938e+02      -2.4374e+02    
2.8752e-01      5.9902e+02      -2.5098e+02    
2.9251e-01      5.5349e+02      -2.5749e+02    
2.9751e-01      5.1245e+02      -2.6347e+02    
