# k P0 P2
# reduced chi2 = 0.9421
3.7538e-03      3.5724e+04      -2.1108e+02    
8.0504e-03      3.3518e+04      9.9379e+03     
1.2849e-02      3.5039e+04      1.3532e+04     
1.7752e-02      3.4641e+04      1.4433e+04     
2.2692e-02      3.2413e+04      1.3900e+04     
2.7648e-02      2.9218e+04      1.2635e+04     
3.2613e-02      2.5822e+04      1.1162e+04     
3.7611e-02      2.2716e+04      9.7915e+03     
4.2613e-02      2.0172e+04      8.6847e+03     
4.7605e-02      1.8222e+04      7.8573e+03     
5.2591e-02      1.6766e+04      7.2561e+03     
5.7568e-02      1.5641e+04      6.7946e+03     
6.2562e-02      1.4676e+04      6.3843e+03     
6.7567e-02      1.3735e+04      5.9595e+03     
7.2573e-02      1.2741e+04      5.4870e+03     
7.7565e-02      1.1681e+04      4.9701e+03     
8.2548e-02      1.0593e+04      4.4354e+03     
8.7544e-02      9.5357e+03      3.9191e+03     
9.2544e-02      8.5764e+03      3.4572e+03     
9.7542e-02      7.7615e+03      3.0719e+03     
1.0254e-01      7.1075e+03      2.7684e+03     
1.0754e-01      6.6038e+03      2.5377e+03     
1.1254e-01      6.2195e+03      2.3618e+03     
1.1753e-01      5.9128e+03      2.2186e+03     
1.2252e-01      5.6402e+03      2.0870e+03     
1.2753e-01      5.3652e+03      1.9510e+03     
1.3254e-01      5.0670e+03      1.8030e+03     
1.3753e-01      4.7412e+03      1.6438e+03     
1.4253e-01      4.3970e+03      1.4797e+03     
1.4752e-01      4.0521e+03      1.3197e+03     
1.5253e-01      3.7269e+03      1.1729e+03     
1.5752e-01      3.4378e+03      1.0451e+03     
1.6252e-01      3.1934e+03      9.3827e+02     
1.6752e-01      2.9943e+03      8.5099e+02     
1.7252e-01      2.8342e+03      7.7921e+02     
1.7752e-01      2.7023e+03      7.1792e+02     
1.8252e-01      2.5864e+03      6.6222e+02     
1.8752e-01      2.4750e+03      6.0819e+02     
1.9252e-01      2.3594e+03      5.5334e+02     
1.9752e-01      2.2356e+03      4.9719e+02     
2.0252e-01      2.1042e+03      4.4067e+02     
2.0752e-01      1.9697e+03      3.8580e+02     
2.1252e-01      1.8380e+03      3.3428e+02     
2.1752e-01      1.7145e+03      2.8749e+02     
2.2252e-01      1.6032e+03      2.4600e+02     
2.2752e-01      1.5060e+03      2.0972e+02     
2.3252e-01      1.4225e+03      1.7793e+02     
2.3752e-01      1.3507e+03      1.4969e+02     
2.4252e-01      1.2874e+03      1.2400e+02     
2.4752e-01      1.2290e+03      9.9922e+01     
2.5252e-01      1.1723e+03      7.6892e+01     
2.5752e-01      1.1151e+03      5.4752e+01     
2.6252e-01      1.0565e+03      3.3499e+01     
2.6752e-01      9.9683e+02      1.3409e+01     
2.7252e-01      9.3723e+02      -5.2760e+00    
2.7752e-01      8.7914e+02      -2.2418e+01    
2.8252e-01      8.2412e+02      -3.7935e+01    
2.8752e-01      7.7347e+02      -5.1884e+01    
2.9251e-01      7.2768e+02      -6.4526e+01    
2.9751e-01      6.8641e+02      -7.6081e+01    
