# k P0 P2
# reduced chi2 = 0.7303
3.7538e-03      2.8260e+04      3.5823e+03     
8.0504e-03      3.2462e+04      9.9399e+03     
1.2849e-02      3.5659e+04      1.3127e+04     
1.7752e-02      3.5836e+04      1.4023e+04     
2.2692e-02      3.3776e+04      1.3511e+04     
2.7648e-02      3.0550e+04      1.2272e+04     
3.2613e-02      2.7038e+04      1.0822e+04     
3.7611e-02      2.3796e+04      9.4676e+03     
4.2613e-02      2.1127e+04      8.3660e+03     
4.7605e-02      1.9076e+04      7.5339e+03     
5.2591e-02      1.7540e+04      6.9201e+03     
5.7568e-02      1.6351e+04      6.4414e+03     
6.2562e-02      1.5327e+04      6.0131e+03     
6.7567e-02      1.4326e+04      5.5737e+03     
7.2573e-02      1.3267e+04      5.0930e+03     
7.7565e-02      1.2140e+04      4.5753e+03     
8.2548e-02      1.0982e+04      4.0463e+03     
8.7544e-02      9.8577e+03      3.5395e+03     
9.2544e-02      8.8381e+03      3.0876e+03     
9.7542e-02      7.9718e+03      2.7100e+03     
1.0254e-01      7.2759e+03      2.4098e+03     
1.0754e-01      6.7388e+03      2.1777e+03     
1.1254e-01      6.3278e+03      1.9962e+03     
1.1753e-01      5.9986e+03      1.8452e+03     
1.2252e-01      5.7054e+03      1.7059e+03     
1.2753e-01      5.4102e+03      1.5647e+03     
1.3254e-01      5.0913e+03      1.4158e+03     
1.3753e-01      4.7444e+03      1.2606e+03     
1.4253e-01      4.3793e+03      1.1048e+03     
1.4752e-01      4.0145e+03      9.5596e+02     
1.5253e-01      3.6710e+03      8.2098e+02     
1.5752e-01      3.3658e+03      7.0404e+02     
1.6252e-01      3.1075e+03      6.0569e+02     
1.6752e-01      2.8966e+03      5.2396e+02     
1.7252e-01      2.7264e+03      4.5506e+02     
1.7752e-01      2.5857e+03      3.9486e+02     
1.8252e-01      2.4617e+03      3.3964e+02     
1.8752e-01      2.3427e+03      2.8676e+02     
1.9252e-01      2.2198e+03      2.3486e+02     
1.9752e-01      2.0890e+03      1.8397e+02     
2.0252e-01      1.9509e+03      1.3499e+02     
2.0752e-01      1.8102e+03      8.9252e+01     
2.1252e-01      1.6727e+03      4.7625e+01     
2.1752e-01      1.5440e+03      1.0577e+01     
2.2252e-01      1.4281e+03      -2.2034e+01    
2.2752e-01      1.3267e+03      -5.0706e+01    
2.3252e-01      1.2395e+03      -7.6252e+01    
2.3752e-01      1.1643e+03      -9.9397e+01    
2.4252e-01      1.0980e+03      -1.2074e+02    
2.4752e-01      1.0368e+03      -1.4066e+02    
2.5252e-01      9.7735e+02      -1.5923e+02    
2.5752e-01      9.1777e+02      -1.7630e+02    
2.6252e-01      8.5707e+02      -1.9170e+02    
2.6752e-01      7.9548e+02      -2.0524e+02    
2.7252e-01      7.3419e+02      -2.1692e+02    
2.7752e-01      6.7462e+02      -2.2690e+02    
2.8252e-01      6.1829e+02      -2.3542e+02    
2.8752e-01      5.6649e+02      -2.4284e+02    
2.9251e-01      5.1966e+02      -2.4955e+02    
2.9751e-01      4.7743e+02      -2.5574e+02    
