# k P0 P2
# reduced chi2 = 0.7877
3.7054e-03      8.7468e+04      -3.8330e+03    
8.0027e-03      4.8063e+04      1.2422e+04     
1.2850e-02      4.4957e+04      1.4815e+04     
1.7764e-02      4.2526e+04      1.5401e+04     
2.2684e-02      3.8915e+04      1.4645e+04     
2.7646e-02      3.4572e+04      1.3218e+04     
3.2636e-02      3.0217e+04      1.1584e+04     
3.7623e-02      2.6369e+04      1.0082e+04     
4.2607e-02      2.3261e+04      8.8642e+03     
4.7584e-02      2.0889e+04      7.9384e+03     
5.2572e-02      1.9115e+04      7.2457e+03     
5.7566e-02      1.7743e+04      6.6994e+03     
6.2559e-02      1.6573e+04      6.2129e+03     
6.7563e-02      1.5441e+04      5.7195e+03     
7.2560e-02      1.4257e+04      5.1899e+03     
7.7552e-02      1.3004e+04      4.6271e+03     
8.2550e-02      1.1720e+04      4.0568e+03     
8.7545e-02      1.0484e+04      3.5164e+03     
9.2544e-02      9.3651e+03      3.0367e+03     
9.7542e-02      8.4160e+03      2.6355e+03     
1.0253e-01      7.6547e+03      2.3153e+03     
1.0754e-01      7.0653e+03      2.0642e+03     
1.1254e-01      6.6127e+03      1.8645e+03     
1.1754e-01      6.2494e+03      1.6959e+03     
1.2253e-01      5.9258e+03      1.5402e+03     
1.2753e-01      5.6018e+03      1.3851e+03     
1.3253e-01      5.2539e+03      1.2258e+03     
1.3753e-01      4.8762e+03      1.0633e+03     
1.4253e-01      4.4806e+03      9.0369e+02     
1.4753e-01      4.0873e+03      7.5398e+02     
1.5253e-01      3.7180e+03      6.1960e+02     
1.5753e-01      3.3900e+03      5.0352e+02     
1.6253e-01      3.1130e+03      4.0559e+02     
1.6753e-01      2.8868e+03      3.2324e+02     
1.7253e-01      2.7038e+03      2.5269e+02     
1.7753e-01      2.5524e+03      1.9016e+02     
1.8253e-01      2.4189e+03      1.3258e+02     
1.8752e-01      2.2912e+03      7.8136e+01     
1.9252e-01      2.1598e+03      2.6151e+01     
1.9752e-01      2.0206e+03      -2.3020e+01    
2.0251e-01      1.8740e+03      -6.8489e+01    
2.0752e-01      1.7250e+03      -1.0946e+02    
2.1252e-01      1.5801e+03      -1.4548e+02    
2.1752e-01      1.4447e+03      -1.7676e+02    
2.2252e-01      1.3231e+03      -2.0396e+02    
2.2752e-01      1.2168e+03      -2.2790e+02    
2.3252e-01      1.1253e+03      -2.4951e+02    
2.3752e-01      1.0465e+03      -2.6940e+02    
2.4252e-01      9.7690e+02      -2.8796e+02    
2.4752e-01      9.1282e+02      -3.0515e+02    
2.5252e-01      8.5077e+02      -3.2069e+02    
2.5751e-01      7.8873e+02      -3.3428e+02    
2.6251e-01      7.2568e+02      -3.4560e+02    
2.6751e-01      6.6184e+02      -3.5454e+02    
2.7251e-01      5.9851e+02      -3.6129e+02    
2.7752e-01      5.3713e+02      -3.6620e+02    
2.8252e-01      4.7920e+02      -3.6974e+02    
2.8751e-01      4.2604e+02      -3.7251e+02    
2.9251e-01      3.7806e+02      -3.7496e+02    
2.9751e-01      3.3480e+02      -3.7724e+02    
