# k P0 P2
# reduced chi2 = 1.0349
3.7538e-03      2.3014e+04      3.5372e+03     
8.0504e-03      3.1929e+04      1.0257e+04     
1.2849e-02      3.7444e+04      1.3595e+04     
1.7752e-02      3.8537e+04      1.4557e+04     
2.2692e-02      3.6713e+04      1.3991e+04     
2.7648e-02      3.3380e+04      1.2642e+04     
3.2613e-02      2.9617e+04      1.1067e+04     
3.7611e-02      2.6092e+04      9.5934e+03     
4.2613e-02      2.3168e+04      8.3884e+03     
4.7605e-02      2.0909e+04      7.4655e+03     
5.2591e-02      1.9208e+04      6.7686e+03     
5.7568e-02      1.7883e+04      6.2103e+03     
6.2562e-02      1.6735e+04      5.7044e+03     
6.7567e-02      1.5610e+04      5.1911e+03     
7.2573e-02      1.4421e+04      4.6447e+03     
7.7565e-02      1.3158e+04      4.0735e+03     
8.2548e-02      1.1865e+04      3.5047e+03     
8.7544e-02      1.0612e+04      2.9708e+03     
9.2544e-02      9.4771e+03      2.5008e+03     
9.7542e-02      8.5129e+03      2.1092e+03     
1.0254e-01      7.7367e+03      1.7948e+03     
1.0754e-01      7.1346e+03      1.5453e+03     
1.1254e-01      6.6703e+03      1.3428e+03     
1.1753e-01      6.2955e+03      1.1687e+03     
1.2252e-01      5.9608e+03      1.0076e+03     
1.2753e-01      5.6257e+03      8.4942e+02     
1.3254e-01      5.2675e+03      6.9186e+02     
1.3753e-01      4.8821e+03      5.3770e+02     
1.4253e-01      4.4800e+03      3.9193e+02     
1.4752e-01      4.0809e+03      2.5970e+02     
1.5253e-01      3.7068e+03      1.4440e+02     
1.5752e-01      3.3748e+03      4.6649e+01     
1.6252e-01      3.0937e+03      -3.5616e+01    
1.6752e-01      2.8631e+03      -1.0567e+02    
1.7252e-01      2.6758e+03      -1.6713e+02    
1.7752e-01      2.5200e+03      -2.2281e+02    
1.8252e-01      2.3822e+03      -2.7436e+02    
1.8752e-01      2.2506e+03      -3.2223e+02    
1.9252e-01      2.1160e+03      -3.6586e+02    
1.9752e-01      1.9745e+03      -4.0427e+02    
2.0252e-01      1.8268e+03      -4.3663e+02    
2.0752e-01      1.6777e+03      -4.6275e+02    
2.1252e-01      1.5330e+03      -4.8335e+02    
2.1752e-01      1.3979e+03      -4.9954e+02    
2.2252e-01      1.2765e+03      -5.1281e+02    
2.2752e-01      1.1703e+03      -5.2437e+02    
2.3252e-01      1.0788e+03      -5.3524e+02    
2.3752e-01      9.9957e+02      -5.4579e+02    
2.4252e-01      9.2955e+02      -5.5592e+02    
2.4752e-01      8.6504e+02      -5.6514e+02    
2.5252e-01      8.0276e+02      -5.7261e+02    
2.5752e-01      7.4079e+02      -5.7768e+02    
2.6252e-01      6.7823e+02      -5.7996e+02    
2.6752e-01      6.1527e+02      -5.7937e+02    
2.7252e-01      5.5306e+02      -5.7633e+02    
2.7752e-01      4.9290e+02      -5.7150e+02    
2.8252e-01      4.3624e+02      -5.6566e+02    
2.8752e-01      3.8423e+02      -5.5962e+02    
2.9251e-01      3.3724e+02      -5.5398e+02    
2.9751e-01      2.9488e+02      -5.4888e+02    
