# k P0 P2
# reduced chi2 = 1.0334
8.0027e-03      3.6936e+04      1.1336e+04     
1.2850e-02      3.9096e+04      1.4216e+04     
1.7764e-02      3.8668e+04      1.4970e+04     
2.2684e-02      3.6144e+04      1.4324e+04     
2.7646e-02      3.2507e+04      1.2954e+04     
3.2636e-02      2.8637e+04      1.1373e+04     
3.7623e-02      2.5131e+04      9.9141e+03     
4.2607e-02      2.2268e+04      8.7272e+03     
4.7584e-02      2.0070e+04      7.8256e+03     
5.2572e-02      1.8423e+04      7.1529e+03     
5.7566e-02      1.7146e+04      6.6234e+03     
6.2559e-02      1.6053e+04      6.1518e+03     
6.7563e-02      1.4987e+04      5.6723e+03     
7.2560e-02      1.3863e+04      5.1556e+03     
7.7552e-02      1.2665e+04      4.6048e+03     
8.2550e-02      1.1435e+04      4.0451e+03     
8.7545e-02      1.0245e+04      3.5137e+03     
9.2544e-02      9.1680e+03      3.0413e+03     
9.7542e-02      8.2536e+03      2.6461e+03     
1.0253e-01      7.5204e+03      2.3307e+03     
1.0754e-01      6.9533e+03      2.0838e+03     
1.1254e-01      6.5187e+03      1.8878e+03     
1.1754e-01      6.1701e+03      1.7228e+03     
1.2253e-01      5.8596e+03      1.5705e+03     
1.2753e-01      5.5480e+03      1.4183e+03     
1.3253e-01      5.2124e+03      1.2614e+03     
1.3753e-01      4.8472e+03      1.1007e+03     
1.4253e-01      4.4639e+03      9.4230e+02     
1.4753e-01      4.0824e+03      7.9325e+02     
1.5253e-01      3.7238e+03      6.5916e+02     
1.5753e-01      3.4055e+03      5.4320e+02     
1.6253e-01      3.1366e+03      4.4539e+02     
1.6753e-01      2.9172e+03      3.6324e+02     
1.7253e-01      2.7400e+03      2.9302e+02     
1.7753e-01      2.5934e+03      2.3090e+02     
1.8253e-01      2.4643e+03      1.7375e+02     
1.8752e-01      2.3406e+03      1.1961e+02     
1.9252e-01      2.2132e+03      6.7717e+01     
1.9752e-01      2.0780e+03      1.8340e+01     
2.0251e-01      1.9354e+03      -2.7645e+01    
2.0752e-01      1.7904e+03      -6.9380e+01    
2.1252e-01      1.6491e+03      -1.0632e+02    
2.1752e-01      1.5172e+03      -1.3858e+02    
2.2252e-01      1.3987e+03      -1.6671e+02    
2.2752e-01      1.2951e+03      -1.9147e+02    
2.3252e-01      1.2060e+03      -2.1377e+02    
2.3752e-01      1.1293e+03      -2.3423e+02    
2.4252e-01      1.0616e+03      -2.5328e+02    
2.4752e-01      9.9920e+02      -2.7095e+02    
2.5252e-01      9.3877e+02      -2.8701e+02    
2.5751e-01      8.7831e+02      -3.0120e+02    
2.6251e-01      8.1682e+02      -3.1323e+02    
2.6751e-01      7.5449e+02      -3.2298e+02    
2.7251e-01      6.9262e+02      -3.3061e+02    
2.7752e-01      6.3264e+02      -3.3642e+02    
2.8252e-01      5.7601e+02      -3.4087e+02    
2.8751e-01      5.2404e+02      -3.4449e+02    
2.9251e-01      4.7713e+02      -3.4771e+02    
2.9751e-01      4.3485e+02      -3.5071e+02    
