# k P0 P2
# reduced chi2 = 1.0605
3.7538e-03      2.8177e+04      4.3583e+03     
8.0504e-03      3.4355e+04      1.0377e+04     
1.2849e-02      3.8339e+04      1.3681e+04     
1.7752e-02      3.8753e+04      1.4642e+04     
2.2692e-02      3.6634e+04      1.4130e+04     
2.7648e-02      3.3196e+04      1.2858e+04     
3.2613e-02      2.9422e+04      1.1363e+04     
3.7611e-02      2.5925e+04      9.9676e+03     
4.2613e-02      2.3044e+04      8.8366e+03     
4.7605e-02      2.0830e+04      7.9880e+03     
5.2591e-02      1.9175e+04      7.3689e+03     
5.7568e-02      1.7896e+04      6.8918e+03     
6.2562e-02      1.6795e+04      6.4669e+03     
6.7567e-02      1.5717e+04      6.0277e+03     
7.2573e-02      1.4574e+04      5.5410e+03     
7.7565e-02      1.3352e+04      5.0102e+03     
8.2548e-02      1.2096e+04      4.4625e+03     
8.7544e-02      1.0873e+04      3.9342e+03     
9.2544e-02      9.7629e+03      3.4617e+03     
9.7542e-02      8.8199e+03      3.0672e+03     
1.0254e-01      8.0633e+03      2.7555e+03     
1.0754e-01      7.4810e+03      2.5176e+03     
1.1254e-01      7.0372e+03      2.3349e+03     
1.1753e-01      6.6833e+03      2.1854e+03     
1.2252e-01      6.3686e+03      2.0479e+03     
1.2753e-01      6.0508e+03      1.9063e+03     
1.3254e-01      5.7056e+03      1.7534e+03     
1.3753e-01      5.3280e+03      1.5901e+03     
1.4253e-01      4.9287e+03      1.4228e+03     
1.4752e-01      4.5284e+03      1.2604e+03     
1.5253e-01      4.1509e+03      1.1116e+03     
1.5752e-01      3.8152e+03      9.8226e+02     
1.6252e-01      3.5316e+03      8.7389e+02     
1.6752e-01      3.3005e+03      7.8487e+02     
1.7252e-01      3.1148e+03      7.1108e+02     
1.7752e-01      2.9620e+03      6.4760e+02     
1.8252e-01      2.8277e+03      5.8968e+02     
1.8752e-01      2.6985e+03      5.3362e+02     
1.9252e-01      2.5644e+03      4.7718e+02     
1.9752e-01      2.4206e+03      4.2003e+02     
2.0252e-01      2.2679e+03      3.6312e+02     
2.0752e-01      2.1116e+03      3.0836e+02     
2.1252e-01      1.9583e+03      2.5729e+02     
2.1752e-01      1.8146e+03      2.1107e+02     
2.2252e-01      1.6852e+03      1.7009e+02     
2.2752e-01      1.5721e+03      1.3413e+02     
2.3252e-01      1.4750e+03      1.0242e+02     
2.3752e-01      1.3915e+03      7.4025e+01     
2.4252e-01      1.3179e+03      4.8045e+01     
2.4752e-01      1.2501e+03      2.3667e+01     
2.5252e-01      1.1840e+03      4.6452e-01     
2.5752e-01      1.1175e+03      -2.1623e+01    
2.6252e-01      1.0493e+03      -4.2536e+01    
2.6752e-01      9.7983e+02      -6.1998e+01    
2.7252e-01      9.1041e+02      -7.9835e+01    
2.7752e-01      8.4272e+02      -9.5991e+01    
2.8252e-01      7.7861e+02      -1.1049e+02    
2.8752e-01      7.1959e+02      -1.2349e+02    
2.9251e-01      6.6624e+02      -1.3530e+02    
2.9751e-01      6.1816e+02      -1.4617e+02    
