# k P0 P2
# reduced chi2 = 1.2179
3.7538e-03      2.8794e+04      3.2837e+03     
8.0504e-03      3.2362e+04      9.8277e+03     
1.2849e-02      3.5338e+04      1.2999e+04     
1.7752e-02      3.5453e+04      1.3893e+04     
2.2692e-02      3.3413e+04      1.3398e+04     
2.7648e-02      3.0247e+04      1.2186e+04     
3.2613e-02      2.6809e+04      1.0763e+04     
3.7611e-02      2.3638e+04      9.4336e+03     
4.2613e-02      2.1030e+04      8.3537e+03     
4.7605e-02      1.9027e+04      7.5404e+03     
5.2591e-02      1.7529e+04      6.9436e+03     
5.7568e-02      1.6371e+04      6.4813e+03     
6.2562e-02      1.5374e+04      6.0690e+03     
6.7567e-02      1.4399e+04      5.6449e+03     
7.2573e-02      1.3368e+04      5.1780e+03     
7.7565e-02      1.2268e+04      4.6719e+03     
8.2548e-02      1.1139e+04      4.1517e+03     
8.7544e-02      1.0041e+04      3.6513e+03     
9.2544e-02      9.0444e+03      3.2041e+03     
9.7542e-02      8.1981e+03      2.8303e+03     
1.0254e-01      7.5187e+03      2.5341e+03     
1.0754e-01      6.9950e+03      2.3065e+03     
1.1254e-01      6.5951e+03      2.1304e+03     
1.1753e-01      6.2755e+03      1.9853e+03     
1.2252e-01      5.9911e+03      1.8517e+03     
1.2753e-01      5.7043e+03      1.7152e+03     
1.3254e-01      5.3937e+03      1.5694e+03     
1.3753e-01      5.0549e+03      1.4152e+03     
1.4253e-01      4.6975e+03      1.2585e+03     
1.4752e-01      4.3397e+03      1.1072e+03     
1.5253e-01      4.0026e+03      9.6919e+02     
1.5752e-01      3.7029e+03      8.4922e+02     
1.6252e-01      3.4495e+03      7.4850e+02     
1.6752e-01      3.2428e+03      6.6535e+02     
1.7252e-01      3.0764e+03      5.9596e+02     
1.7752e-01      2.9391e+03      5.3591e+02     
1.8252e-01      2.8182e+03      4.8104e+02     
1.8752e-01      2.7021e+03      4.2820e+02     
1.9252e-01      2.5819e+03      3.7555e+02     
1.9752e-01      2.4535e+03      3.2288e+02     
2.0252e-01      2.3174e+03      2.7110e+02     
2.0752e-01      2.1785e+03      2.2178e+02     
2.1252e-01      2.0426e+03      1.7615e+02     
2.1752e-01      1.9152e+03      1.3507e+02     
2.2252e-01      1.8005e+03      9.8728e+01     
2.2752e-01      1.7002e+03      6.6804e+01     
2.3252e-01      1.6140e+03      3.8553e+01     
2.3752e-01      1.5398e+03      1.3172e+01     
2.4252e-01      1.4743e+03      -1.0099e+01    
2.4752e-01      1.4139e+03      -3.1879e+01    
2.5252e-01      1.3552e+03      -5.2445e+01    
2.5752e-01      1.2962e+03      -7.1786e+01    
2.6252e-01      1.2359e+03      -8.9814e+01    
2.6752e-01      1.1746e+03      -1.0630e+02    
2.7252e-01      1.1135e+03      -1.2114e+02    
2.7752e-01      1.0540e+03      -1.3437e+02    
2.8252e-01      9.9769e+02      -1.4609e+02    
2.8752e-01      9.4587e+02      -1.5651e+02    
2.9251e-01      8.9901e+02      -1.6597e+02    
2.9751e-01      8.5677e+02      -1.7466e+02    
