# k P0 P2
# reduced chi2 = 0.8293
3.7054e-03      5.3834e+04      2.5640e+03     
8.0027e-03      4.0624e+04      1.1745e+04     
1.2850e-02      4.0981e+04      1.4419e+04     
1.7764e-02      3.9840e+04      1.5091e+04     
2.2684e-02      3.6935e+04      1.4395e+04     
2.7646e-02      3.3061e+04      1.3000e+04     
3.2636e-02      2.9035e+04      1.1398e+04     
3.7623e-02      2.5424e+04      9.9234e+03     
4.2607e-02      2.2488e+04      8.7246e+03     
4.7584e-02      2.0238e+04      7.8130e+03     
5.2572e-02      1.8552e+04      7.1310e+03     
5.7566e-02      1.7247e+04      6.5928e+03     
6.2559e-02      1.6130e+04      6.1130e+03     
6.7563e-02      1.5045e+04      5.6262e+03     
7.2560e-02      1.3904e+04      5.1037e+03     
7.7552e-02      1.2693e+04      4.5485e+03     
8.2550e-02      1.1451e+04      3.9860e+03     
8.7545e-02      1.0251e+04      3.4532e+03     
9.2544e-02      9.1659e+03      2.9801e+03     
9.7542e-02      8.2447e+03      2.5844e+03     
1.0253e-01      7.5057e+03      2.2683e+03     
1.0754e-01      6.9338e+03      2.0203e+03     
1.1254e-01      6.4948e+03      1.8227e+03     
1.1754e-01      6.1423e+03      1.6558e+03     
1.2253e-01      5.8284e+03      1.5017e+03     
1.2753e-01      5.5136e+03      1.3483e+03     
1.3253e-01      5.1754e+03      1.1909e+03     
1.3753e-01      4.8081e+03      1.0308e+03     
1.4253e-01      4.4232e+03      8.7378e+02     
1.4753e-01      4.0405e+03      7.2671e+02     
1.5253e-01      3.6810e+03      5.9483e+02     
1.5753e-01      3.3619e+03      4.8097e+02     
1.6253e-01      3.0923e+03      3.8491e+02     
1.6753e-01      2.8722e+03      3.0406e+02     
1.7253e-01      2.6942e+03      2.3471e+02     
1.7753e-01      2.5469e+03      1.7319e+02     
1.8253e-01      2.4170e+03      1.1654e+02     
1.8752e-01      2.2927e+03      6.3028e+01     
1.9252e-01      2.1648e+03      1.2061e+01     
1.9752e-01      2.0293e+03      -3.5998e+01    
2.0251e-01      1.8868e+03      -8.0285e+01    
2.0752e-01      1.7419e+03      -1.2005e+02    
2.1252e-01      1.6009e+03      -1.5491e+02    
2.1752e-01      1.4693e+03      -1.8512e+02    
2.2252e-01      1.3510e+03      -2.1134e+02    
2.2752e-01      1.2476e+03      -2.3443e+02    
2.3252e-01      1.1587e+03      -2.5528e+02    
2.3752e-01      1.0820e+03      -2.7449e+02    
2.4252e-01      1.0144e+03      -2.9242e+02    
2.4752e-01      9.5208e+02      -3.0902e+02    
2.5252e-01      8.9176e+02      -3.2397e+02    
2.5751e-01      8.3147e+02      -3.3698e+02    
2.6251e-01      7.7021e+02      -3.4772e+02    
2.6751e-01      7.0820e+02      -3.5610e+02    
2.7251e-01      6.4669e+02      -3.6231e+02    
2.7752e-01      5.8710e+02      -3.6671e+02    
2.8252e-01      5.3085e+02      -3.6978e+02    
2.8751e-01      4.7925e+02      -3.7213e+02    
2.9251e-01      4.3268e+02      -3.7417e+02    
2.9751e-01      3.9069e+02      -3.7609e+02    
