# k P0 P2
# reduced chi2 = 1.0181
3.7054e-03      3.5222e+04      4.9606e+03     
8.0027e-03      3.6003e+04      1.1113e+04     
1.2850e-02      3.8664e+04      1.3968e+04     
1.7764e-02      3.8412e+04      1.4623e+04     
2.2684e-02      3.5963e+04      1.3857e+04     
2.7646e-02      3.2361e+04      1.2367e+04     
3.2636e-02      2.8507e+04      1.0678e+04     
3.7623e-02      2.5006e+04      9.1235e+03     
4.2607e-02      2.2136e+04      7.8458e+03     
4.7584e-02      1.9921e+04      6.8504e+03     
5.2572e-02      1.8245e+04      6.0761e+03     
5.7566e-02      1.6932e+04      5.4396e+03     
6.2559e-02      1.5801e+04      4.8637e+03     
6.7563e-02      1.4701e+04      4.2943e+03     
7.2560e-02      1.3553e+04      3.7135e+03     
7.7552e-02      1.2346e+04      3.1305e+03     
8.2550e-02      1.1117e+04      2.5691e+03     
8.7545e-02      9.9402e+03      2.0588e+03     
9.2544e-02      8.8794e+03      1.6183e+03     
9.7542e-02      7.9800e+03      1.2540e+03     
1.0253e-01      7.2560e+03      9.5972e+02     
1.0754e-01      6.6909e+03      7.2052e+02     
1.1254e-01      6.2514e+03      5.2034e+02     
1.1754e-01      5.8942e+03      3.4495e+02     
1.2253e-01      5.5752e+03      1.8430e+02     
1.2753e-01      5.2594e+03      3.3980e+01     
1.3253e-01      4.9273e+03      -1.0523e+02    
1.3753e-01      4.5744e+03      -2.3054e+02    
1.4253e-01      4.2110e+03      -3.3861e+02    
1.4753e-01      3.8546e+03      -4.2809e+02    
1.5253e-01      3.5228e+03      -5.0026e+02    
1.5753e-01      3.2294e+03      -5.5824e+02    
1.6253e-01      2.9815e+03      -6.0625e+02    
1.6753e-01      2.7780e+03      -6.4825e+02    
1.7253e-01      2.6120e+03      -6.8690e+02    
1.7753e-01      2.4734e+03      -7.2324e+02    
1.8253e-01      2.3509e+03      -7.5675e+02    
1.8752e-01      2.2347e+03      -7.8580e+02    
1.9252e-01      2.1174e+03      -8.0830e+02    
1.9752e-01      1.9957e+03      -8.2285e+02    
2.0251e-01      1.8700e+03      -8.2899e+02    
2.0752e-01      1.7443e+03      -8.2785e+02    
2.1252e-01      1.6233e+03      -8.2139e+02    
2.1752e-01      1.5111e+03      -8.1198e+02    
2.2252e-01      1.4107e+03      -8.0186e+02    
2.2752e-01      1.3230e+03      -7.9259e+02    
2.3252e-01      1.2474e+03      -7.8510e+02    
2.3752e-01      1.1821e+03      -7.7929e+02    
2.4252e-01      1.1244e+03      -7.7456e+02    
2.4752e-01      1.0715e+03      -7.6969e+02    
2.5252e-01      1.0207e+03      -7.6334e+02    
2.5751e-01      9.7048e+02      -7.5465e+02    
2.6251e-01      9.2020e+02      -7.4311e+02    
2.6751e-01      8.6993e+02      -7.2880e+02    
2.7251e-01      8.2061e+02      -7.1241e+02    
2.7752e-01      7.7322e+02      -6.9485e+02    
2.8252e-01      7.2877e+02      -6.7709e+02    
2.8751e-01      6.8812e+02      -6.6015e+02    
2.9251e-01      6.5150e+02      -6.4457e+02    
2.9751e-01      6.1855e+02      -6.3037e+02    
