# k P0 P2
# reduced chi2 = 1.1213
3.7538e-03      4.0800e+04      -1.4677e+03    
8.0504e-03      3.7092e+04      9.9602e+03     
1.2849e-02      3.8498e+04      1.3420e+04     
1.7752e-02      3.7942e+04      1.4283e+04     
2.2692e-02      3.5438e+04      1.3741e+04     
2.7648e-02      3.1909e+04      1.2472e+04     
3.2613e-02      2.8176e+04      1.0995e+04     
3.7611e-02      2.4769e+04      9.6193e+03     
4.2613e-02      2.1980e+04      8.5033e+03     
4.7605e-02      1.9841e+04      7.6623e+03     
5.2591e-02      1.8242e+04      7.0436e+03     
5.7568e-02      1.7006e+04      6.5625e+03     
6.2562e-02      1.5944e+04      6.1328e+03     
6.7567e-02      1.4910e+04      5.6915e+03     
7.2573e-02      1.3819e+04      5.2079e+03     
7.7565e-02      1.2659e+04      4.6858e+03     
8.2548e-02      1.1470e+04      4.1512e+03     
8.7544e-02      1.0316e+04      3.6384e+03     
9.2544e-02      9.2698e+03      3.1809e+03     
9.7542e-02      8.3812e+03      2.7986e+03     
1.0254e-01      7.6675e+03      2.4952e+03     
1.0754e-01      7.1168e+03      2.2613e+03     
1.1254e-01      6.6956e+03      2.0792e+03     
1.1753e-01      6.3584e+03      1.9282e+03     
1.2252e-01      6.0583e+03      1.7891e+03     
1.2753e-01      5.7561e+03      1.6475e+03     
1.3254e-01      5.4297e+03      1.4974e+03     
1.3753e-01      5.0744e+03      1.3401e+03     
1.4253e-01      4.7003e+03      1.1813e+03     
1.4752e-01      4.3263e+03      1.0290e+03     
1.5253e-01      3.9741e+03      8.9052e+02     
1.5752e-01      3.6610e+03      7.7041e+02     
1.6252e-01      3.3962e+03      6.6949e+02     
1.6752e-01      3.1801e+03      5.8584e+02     
1.7252e-01      3.0057e+03      5.1561e+02     
1.7752e-01      2.8617e+03      4.5447e+02     
1.8252e-01      2.7349e+03      3.9845e+02     
1.8752e-01      2.6131e+03      3.4466e+02     
1.9252e-01      2.4872e+03      2.9154e+02     
1.9752e-01      2.3530e+03      2.3901e+02     
2.0252e-01      2.2112e+03      1.8802e+02     
2.0752e-01      2.0666e+03      1.4002e+02     
2.1252e-01      1.9252e+03      9.6036e+01     
2.1752e-01      1.7928e+03      5.6709e+01     
2.2252e-01      1.6736e+03      2.2014e+01     
2.2752e-01      1.5693e+03      -8.4801e+00    
2.3252e-01      1.4797e+03      -3.5582e+01    
2.3752e-01      1.4024e+03      -6.0063e+01    
2.4252e-01      1.3342e+03      -8.2594e+01    
2.4752e-01      1.2713e+03      -1.0366e+02    
2.5252e-01      1.2102e+03      -1.2341e+02    
2.5752e-01      1.1489e+03      -1.4174e+02    
2.6252e-01      1.0863e+03      -1.5850e+02    
2.6752e-01      1.0228e+03      -1.7349e+02    
2.7252e-01      9.5953e+02      -1.8667e+02    
2.7752e-01      8.9801e+02      -1.9814e+02    
2.8252e-01      8.3981e+02      -2.0811e+02    
2.8752e-01      7.8626e+02      -2.1687e+02    
2.9251e-01      7.3785e+02      -2.2481e+02    
2.9751e-01      6.9420e+02      -2.3212e+02    
