# k P0 P2
# reduced chi2 = 1.2285
8.0504e-03      4.1969e+04      9.6760e+03     
1.2849e-02      4.1127e+04      1.3629e+04     
1.7752e-02      3.9750e+04      1.4455e+04     
2.2692e-02      3.6759e+04      1.3870e+04     
2.7648e-02      3.2905e+04      1.2550e+04     
3.2613e-02      2.8937e+04      1.1025e+04     
3.7611e-02      2.5354e+04      9.6096e+03     
4.2613e-02      2.2434e+04      8.4596e+03     
4.7605e-02      2.0200e+04      7.5891e+03     
5.2591e-02      1.8528e+04      6.9427e+03     
5.7568e-02      1.7234e+04      6.4346e+03     
6.2562e-02      1.6123e+04      5.9787e+03     
6.7567e-02      1.5046e+04      5.5134e+03     
7.2573e-02      1.3915e+04      5.0093e+03     
7.7565e-02      1.2719e+04      4.4717e+03     
8.2548e-02      1.1496e+04      3.9268e+03     
8.7544e-02      1.0313e+04      3.4080e+03     
9.2544e-02      9.2419e+03      2.9473e+03     
9.7542e-02      8.3320e+03      2.5625e+03     
1.0254e-01      7.6004e+03      2.2558e+03     
1.0754e-01      7.0344e+03      2.0166e+03     
1.1254e-01      6.5997e+03      1.8274e+03     
1.1753e-01      6.2504e+03      1.6683e+03     
1.2252e-01      5.9392e+03      1.5213e+03     
1.2753e-01      5.6270e+03      1.3736e+03     
1.3254e-01      5.2915e+03      1.2206e+03     
1.3753e-01      4.9284e+03      1.0640e+03     
1.4253e-01      4.5478e+03      9.0922e+02     
1.4752e-01      4.1686e+03      7.6336e+02     
1.5253e-01      3.8121e+03      6.3234e+02     
1.5752e-01      3.4955e+03      5.1935e+02     
1.6252e-01      3.2274e+03      4.2423e+02     
1.6752e-01      3.0081e+03      3.4460e+02     
1.7252e-01      2.8305e+03      2.7668e+02     
1.7752e-01      2.6833e+03      2.1670e+02     
1.8252e-01      2.5534e+03      1.6148e+02     
1.8752e-01      2.4290e+03      1.0903e+02     
1.9252e-01      2.3010e+03      5.8509e+01     
1.9752e-01      2.1654e+03      1.0262e+01     
2.0252e-01      2.0228e+03      -3.4815e+01    
2.0752e-01      1.8781e+03      -7.5700e+01    
2.1252e-01      1.7370e+03      -1.1198e+02    
2.1752e-01      1.6051e+03      -1.4366e+02    
2.2252e-01      1.4863e+03      -1.7127e+02    
2.2752e-01      1.3825e+03      -1.9555e+02    
2.3252e-01      1.2930e+03      -2.1737e+02    
2.3752e-01      1.2157e+03      -2.3737e+02    
2.4252e-01      1.1474e+03      -2.5595e+02    
2.4752e-01      1.0845e+03      -2.7322e+02    
2.5252e-01      1.0235e+03      -2.8898e+02    
2.5752e-01      9.6247e+02      -3.0292e+02    
2.6252e-01      9.0055e+02      -3.1481e+02    
2.6752e-01      8.3790e+02      -3.2447e+02    
2.7252e-01      7.7573e+02      -3.3204e+02    
2.7752e-01      7.1541e+02      -3.3783e+02    
2.8252e-01      6.5845e+02      -3.4227e+02    
2.8752e-01      6.0609e+02      -3.4585e+02    
2.9251e-01      5.5875e+02      -3.4902e+02    
2.9751e-01      5.1605e+02      -3.5197e+02    
