# k P0 P2
# reduced chi2 = 1.1639
8.0504e-03      3.7325e+04      9.4595e+03     
1.2849e-02      3.7288e+04      1.3063e+04     
1.7752e-02      3.6285e+04      1.3886e+04     
2.2692e-02      3.3683e+04      1.3357e+04     
2.7648e-02      3.0231e+04      1.2124e+04     
3.2613e-02      2.6643e+04      1.0690e+04     
3.7611e-02      2.3393e+04      9.3562e+03     
4.2613e-02      2.0740e+04      8.2733e+03     
4.7605e-02      1.8710e+04      7.4572e+03     
5.2591e-02      1.7193e+04      6.8567e+03     
5.7568e-02      1.6022e+04      6.3901e+03     
6.2562e-02      1.5016e+04      5.9740e+03     
6.7567e-02      1.4039e+04      5.5473e+03     
7.2573e-02      1.3011e+04      5.0798e+03     
7.7565e-02      1.1920e+04      4.5750e+03     
8.2548e-02      1.0802e+04      4.0579e+03     
8.7544e-02      9.7182e+03      3.5616e+03     
9.2544e-02      8.7359e+03      3.1185e+03     
9.7542e-02      7.9017e+03      2.7481e+03     
1.0254e-01      7.2316e+03      2.4541e+03     
1.0754e-01      6.7145e+03      2.2276e+03     
1.1254e-01      6.3188e+03      2.0515e+03     
1.1753e-01      6.0020e+03      1.9058e+03     
1.2252e-01      5.7202e+03      1.7717e+03     
1.2753e-01      5.4365e+03      1.6352e+03     
1.3254e-01      5.1302e+03      1.4902e+03     
1.3753e-01      4.7971e+03      1.3379e+03     
1.4253e-01      4.4463e+03      1.1839e+03     
1.4752e-01      4.0957e+03      1.0358e+03     
1.5253e-01      3.7655e+03      9.0102e+02     
1.5752e-01      3.4721e+03      7.8398e+02     
1.6252e-01      3.2239e+03      6.8563e+02     
1.6752e-01      3.0213e+03      6.0422e+02     
1.7252e-01      2.8578e+03      5.3603e+02     
1.7752e-01      2.7228e+03      4.7681e+02     
1.8252e-01      2.6038e+03      4.2264e+02     
1.8752e-01      2.4897e+03      3.7062e+02     
1.9252e-01      2.3716e+03      3.1910e+02     
1.9752e-01      2.2459e+03      2.6796e+02     
2.0252e-01      2.1130e+03      2.1808e+02     
2.0752e-01      1.9775e+03      1.7092e+02     
2.1252e-01      1.8450e+03      1.2755e+02     
2.1752e-01      1.7209e+03      8.8653e+01     
2.2252e-01      1.6092e+03      5.4304e+01     
2.2752e-01      1.5115e+03      2.4127e+01     
2.3252e-01      1.4275e+03      -2.6356e+00    
2.3752e-01      1.3550e+03      -2.6742e+01    
2.4252e-01      1.2911e+03      -4.8878e+01    
2.4752e-01      1.2321e+03      -6.9567e+01    
2.5252e-01      1.1749e+03      -8.9004e+01    
2.5752e-01      1.1174e+03      -1.0713e+02    
2.6252e-01      1.0588e+03      -1.2383e+02    
2.6752e-01      9.9925e+02      -1.3890e+02    
2.7252e-01      9.3996e+02      -1.5229e+02    
2.7752e-01      8.8230e+02      -1.6406e+02    
2.8252e-01      8.2776e+02      -1.7437e+02    
2.8752e-01      7.7758e+02      -1.8348e+02    
2.9251e-01      7.3221e+02      -1.9172e+02    
2.9751e-01      6.9129e+02      -1.9931e+02    
