# k P0 P2
# reduced chi2 = 0.9669
3.7054e-03      4.3559e+04      4.1697e+03     
8.0027e-03      3.8540e+04      1.1526e+04     
1.2850e-02      4.0218e+04      1.4342e+04     
1.7764e-02      3.9566e+04      1.5043e+04     
2.2684e-02      3.6880e+04      1.4341e+04     
2.7646e-02      3.3106e+04      1.2918e+04     
3.2636e-02      2.9122e+04      1.1288e+04     
3.7623e-02      2.5524e+04      9.7865e+03     
4.2607e-02      2.2586e+04      8.5617e+03     
4.7584e-02      2.0330e+04      7.6242e+03     
5.2572e-02      1.8635e+04      6.9153e+03     
5.7566e-02      1.7318e+04      6.3491e+03     
6.2559e-02      1.6188e+04      5.8416e+03     
6.7563e-02      1.5089e+04      5.3296e+03     
7.2560e-02      1.3934e+04      4.7870e+03     
7.7552e-02      1.2709e+04      4.2187e+03     
8.2550e-02      1.1455e+04      3.6500e+03     
8.7545e-02      1.0245e+04      3.1164e+03     
9.2544e-02      9.1512e+03      2.6455e+03     
9.7542e-02      8.2228e+03      2.2522e+03     
1.0253e-01      7.4773e+03      1.9366e+03     
1.0754e-01      6.8989e+03      1.6861e+03     
1.1254e-01      6.4533e+03      1.4832e+03     
1.1754e-01      6.0942e+03      1.3095e+03     
1.2253e-01      5.7739e+03      1.1490e+03     
1.2753e-01      5.4537e+03      9.9175e+02     
1.3253e-01      5.1115e+03      8.3461e+02     
1.3753e-01      4.7419e+03      6.7938e+02     
1.4253e-01      4.3563e+03      5.3141e+02     
1.4753e-01      3.9742e+03      3.9621e+02     
1.5253e-01      3.6161e+03      2.7721e+02     
1.5753e-01      3.2984e+03      1.7555e+02     
1.6253e-01      3.0300e+03      8.9794e+01     
1.6753e-01      2.8104e+03      1.6845e+01     
1.7253e-01      2.6322e+03      -4.6802e+01    
1.7753e-01      2.4843e+03      -1.0411e+02    
1.8253e-01      2.3538e+03      -1.5703e+02    
1.8752e-01      2.2291e+03      -2.0625e+02    
1.9252e-01      2.1015e+03      -2.5150e+02    
1.9752e-01      1.9672e+03      -2.9204e+02    
2.0251e-01      1.8266e+03      -3.2705e+02    
2.0752e-01      1.6843e+03      -3.5636e+02    
2.1252e-01      1.5463e+03      -3.8031e+02    
2.1752e-01      1.4178e+03      -3.9988e+02    
2.2252e-01      1.3023e+03      -4.1628e+02    
2.2752e-01      1.2014e+03      -4.3065e+02    
2.3252e-01      1.1145e+03      -4.4394e+02    
2.3752e-01      1.0395e+03      -4.5657e+02    
2.4252e-01      9.7333e+02      -4.6858e+02    
2.4752e-01      9.1240e+02      -4.7952e+02    
2.5252e-01      8.5355e+02      -4.8873e+02    
2.5751e-01      7.9496e+02      -4.9569e+02    
2.6251e-01      7.3569e+02      -4.9999e+02    
2.6751e-01      6.7592e+02      -5.0159e+02    
2.7251e-01      6.1684e+02      -5.0087e+02    
2.7752e-01      5.5974e+02      -4.9840e+02    
2.8252e-01      5.0595e+02      -4.9486e+02    
2.8751e-01      4.5666e+02      -4.9105e+02    
2.9251e-01      4.1218e+02      -4.8744e+02    
2.9751e-01      3.7210e+02      -4.8419e+02    
