# k P0 P2
# reduced chi2 = 0.9067
3.7054e-03      9.3918e+04      -6.3243e+03    
8.0027e-03      4.6365e+04      1.1972e+04     
1.2850e-02      4.2111e+04      1.4082e+04     
1.7764e-02      3.9404e+04      1.4545e+04     
2.2684e-02      3.5884e+04      1.3744e+04     
2.7646e-02      3.1807e+04      1.2324e+04     
3.2636e-02      2.7775e+04      1.0713e+04     
3.7623e-02      2.4232e+04      9.2352e+03     
4.2607e-02      2.1376e+04      8.0285e+03     
4.7584e-02      1.9193e+04      7.0978e+03     
5.2572e-02      1.7553e+04      6.3845e+03     
5.7566e-02      1.6279e+04      5.8078e+03     
6.2559e-02      1.5190e+04      5.2897e+03     
6.7563e-02      1.4140e+04      4.7728e+03     
7.2560e-02      1.3050e+04      4.2347e+03     
7.7552e-02      1.1906e+04      3.6811e+03     
8.2550e-02      1.0743e+04      3.1357e+03     
8.7545e-02      9.6275e+03      2.6300e+03     
9.2544e-02      8.6218e+03      2.1872e+03     
9.7542e-02      7.7690e+03      1.8185e+03     
1.0253e-01      7.0832e+03      1.5215e+03     
1.0754e-01      6.5491e+03      1.2834e+03     
1.1254e-01      6.1351e+03      1.0880e+03     
1.1754e-01      5.7999e+03      9.1910e+02     
1.2253e-01      5.5008e+03      7.6371e+02     
1.2753e-01      5.2037e+03      6.1422e+02     
1.3253e-01      4.8894e+03      4.6905e+02     
1.3753e-01      4.5531e+03      3.3023e+02     
1.4253e-01      4.2048e+03      2.0210e+02     
1.4753e-01      3.8617e+03      8.8378e+01     
1.5253e-01      3.5411e+03      -9.3609e+00    
1.5753e-01      3.2572e+03      -9.1588e+01    
1.6253e-01      3.0171e+03      -1.6067e+02    
1.6753e-01      2.8203e+03      -2.1986e+02    
1.7253e-01      2.6600e+03      -2.7219e+02    
1.7753e-01      2.5264e+03      -3.1978e+02    
1.8253e-01      2.4083e+03      -3.6362e+02    
1.8752e-01      2.2960e+03      -4.0354e+02    
1.9252e-01      2.1819e+03      -4.3864e+02    
1.9752e-01      2.0627e+03      -4.6798e+02    
2.0251e-01      1.9390e+03      -4.9093e+02    
2.0752e-01      1.8145e+03      -5.0781e+02    
2.1252e-01      1.6942e+03      -5.1956e+02    
2.1752e-01      1.5825e+03      -5.2761e+02    
2.2252e-01      1.4822e+03      -5.3350e+02    
2.2752e-01      1.3946e+03      -5.3847e+02    
2.3252e-01      1.3191e+03      -5.4342e+02    
2.3752e-01      1.2539e+03      -5.4855e+02    
2.4252e-01      1.1962e+03      -5.5366e+02    
2.4752e-01      1.1432e+03      -5.5807e+02    
2.5252e-01      1.0922e+03      -5.6088e+02    
2.5751e-01      1.0416e+03      -5.6150e+02    
2.6251e-01      9.9076e+02      -5.5953e+02    
2.6751e-01      9.3971e+02      -5.5496e+02    
2.7251e-01      8.8945e+02      -5.4830e+02    
2.7752e-01      8.4105e+02      -5.4019e+02    
2.8252e-01      7.9555e+02      -5.3139e+02    
2.8751e-01      7.5389e+02      -5.2273e+02    
2.9251e-01      7.1631e+02      -5.1469e+02    
2.9751e-01      6.8247e+02      -5.0736e+02    
