# k P0 P2
# reduced chi2 = 1.1702
8.0027e-03      3.9076e+04      1.1519e+04     
1.2850e-02      3.9578e+04      1.4142e+04     
1.7764e-02      3.8522e+04      1.4774e+04     
2.2684e-02      3.5723e+04      1.4053e+04     
2.7646e-02      3.1971e+04      1.2643e+04     
3.2636e-02      2.8067e+04      1.1033e+04     
3.7623e-02      2.4562e+04      9.5515e+03     
4.2607e-02      2.1708e+04      8.3424e+03     
4.7584e-02      1.9518e+04      7.4148e+03     
5.2572e-02      1.7872e+04      6.7106e+03     
5.7566e-02      1.6593e+04      6.1462e+03     
6.2559e-02      1.5496e+04      5.6398e+03     
6.7563e-02      1.4431e+04      5.1307e+03     
7.2560e-02      1.3316e+04      4.5939e+03     
7.7552e-02      1.2136e+04      4.0345e+03     
8.2550e-02      1.0929e+04      3.4771e+03     
8.7545e-02      9.7670e+03      2.9558e+03     
9.2544e-02      8.7173e+03      2.4966e+03     
9.7542e-02      7.8264e+03      2.1133e+03     
1.0253e-01      7.1107e+03      1.8054e+03     
1.0754e-01      6.5548e+03      1.5601e+03     
1.1254e-01      6.1258e+03      1.3607e+03     
1.1754e-01      5.7795e+03      1.1895e+03     
1.2253e-01      5.4706e+03      1.0315e+03     
1.2753e-01      5.1624e+03      8.7752e+02     
1.3253e-01      4.8338e+03      7.2489e+02     
1.3753e-01      4.4800e+03      5.7544e+02     
1.4253e-01      4.1115e+03      4.3422e+02     
1.4753e-01      3.7470e+03      3.0615e+02     
1.5253e-01      3.4058e+03      1.9410e+02     
1.5753e-01      3.1032e+03      9.8728e+01     
1.6253e-01      2.8474e+03      1.8335e+01     
1.6753e-01      2.6380e+03      -5.0189e+01    
1.7253e-01      2.4680e+03      -1.1019e+02    
1.7753e-01      2.3266e+03      -1.6435e+02    
1.8253e-01      2.2018e+03      -2.1433e+02    
1.8752e-01      2.0827e+03      -2.6055e+02    
1.9252e-01      1.9611e+03      -3.0256e+02    
1.9752e-01      1.8333e+03      -3.3956e+02    
2.0251e-01      1.7000e+03      -3.7083e+02    
2.0752e-01      1.5653e+03      -3.9631e+02    
2.1252e-01      1.4348e+03      -4.1654e+02    
2.1752e-01      1.3133e+03      -4.3261e+02    
2.2252e-01      1.2043e+03      -4.4583e+02    
2.2752e-01      1.1090e+03      -4.5736e+02    
2.3252e-01      1.0269e+03      -4.6812e+02    
2.3752e-01      9.5599e+02      -4.7846e+02    
2.4252e-01      8.9338e+02      -4.8835e+02    
2.4752e-01      8.3578e+02      -4.9729e+02    
2.5252e-01      7.8022e+02      -5.0453e+02    
2.5751e-01      7.2497e+02      -5.0956e+02    
2.6251e-01      6.6918e+02      -5.1196e+02    
2.6751e-01      6.1300e+02      -5.1172e+02    
2.7251e-01      5.5754e+02      -5.0924e+02    
2.7752e-01      5.0400e+02      -5.0511e+02    
2.8252e-01      4.5360e+02      -5.0004e+02    
2.8751e-01      4.0742e+02      -4.9481e+02    
2.9251e-01      3.6576e+02      -4.8991e+02    
2.9751e-01      3.2822e+02      -4.8546e+02    
