# k P0 P2
# reduced chi2 = 0.8850
8.0027e-03      3.6614e+04      1.1226e+04     
1.2850e-02      3.8041e+04      1.3961e+04     
1.7764e-02      3.7384e+04      1.4671e+04     
2.2684e-02      3.4849e+04      1.4030e+04     
2.7646e-02      3.1305e+04      1.2692e+04     
3.2636e-02      2.7568e+04      1.1149e+04     
3.7623e-02      2.4195e+04      9.7249e+03     
4.2607e-02      2.1445e+04      8.5669e+03     
4.7584e-02      1.9337e+04      7.6877e+03     
5.2572e-02      1.7757e+04      7.0322e+03     
5.7566e-02      1.6533e+04      6.5172e+03     
6.2559e-02      1.5486e+04      6.0590e+03     
6.7563e-02      1.4466e+04      5.5932e+03     
7.2560e-02      1.3392e+04      5.0909e+03     
7.7552e-02      1.2248e+04      4.5545e+03     
8.2550e-02      1.1073e+04      4.0087e+03     
8.7545e-02      9.9375e+03      3.4898e+03     
9.2544e-02      8.9093e+03      3.0280e+03     
9.7542e-02      8.0365e+03      2.6415e+03     
1.0253e-01      7.3367e+03      2.3333e+03     
1.0754e-01      6.7956e+03      2.0924e+03     
1.1254e-01      6.3808e+03      1.9017e+03     
1.1754e-01      6.0484e+03      1.7416e+03     
1.2253e-01      5.7523e+03      1.5939e+03     
1.2753e-01      5.4550e+03      1.4462e+03     
1.3253e-01      5.1349e+03      1.2932e+03     
1.3753e-01      4.7865e+03      1.1359e+03     
1.4253e-01      4.4207e+03      9.8023e+02     
1.4753e-01      4.0565e+03      8.3322e+02     
1.5253e-01      3.7142e+03      7.0061e+02     
1.5753e-01      3.4103e+03      5.8576e+02     
1.6253e-01      3.1536e+03      4.8891e+02     
1.6753e-01      2.9442e+03      4.0774e+02     
1.7253e-01      2.7751e+03      3.3859e+02     
1.7753e-01      2.6352e+03      2.7762e+02     
1.8253e-01      2.5120e+03      2.2161e+02     
1.8752e-01      2.3941e+03      1.6847e+02     
1.9252e-01      2.2724e+03      1.1728e+02     
1.9752e-01      2.1433e+03      6.8226e+01     
2.0251e-01      2.0071e+03      2.2154e+01     
2.0752e-01      1.8685e+03      -2.0017e+01    
2.1252e-01      1.7335e+03      -5.7634e+01    
2.1752e-01      1.6075e+03      -9.0673e+01    
2.2252e-01      1.4941e+03      -1.1956e+02    
2.2752e-01      1.3951e+03      -1.4498e+02    
2.3252e-01      1.3099e+03      -1.6780e+02    
2.3752e-01      1.2366e+03      -1.8864e+02    
2.4252e-01      1.1718e+03      -2.0798e+02    
2.4752e-01      1.1122e+03      -2.2593e+02    
2.5252e-01      1.0545e+03      -2.4234e+02    
2.5751e-01      9.9664e+02      -2.5701e+02    
2.6251e-01      9.3781e+02      -2.6968e+02    
2.6751e-01      8.7816e+02      -2.8023e+02    
2.7251e-01      8.1893e+02      -2.8877e+02    
2.7752e-01      7.6151e+02      -2.9556e+02    
2.8252e-01      7.0728e+02      -3.0099e+02    
2.8751e-01      6.5750e+02      -3.0556e+02    
2.9251e-01      6.1257e+02      -3.0964e+02    
2.9751e-01      5.7208e+02      -3.1342e+02    
