# k P0 P2
# reduced chi2 = 1.1211
3.7538e-03      7.7987e+04      -2.5058e+04    
8.0504e-03      4.5901e+04      8.9889e+03     
1.2849e-02      4.2546e+04      1.3564e+04     
1.7752e-02      4.0382e+04      1.4384e+04     
2.2692e-02      3.7021e+04      1.3811e+04     
2.7648e-02      3.3000e+04      1.2498e+04     
3.2613e-02      2.8959e+04      1.0982e+04     
3.7611e-02      2.5347e+04      9.5762e+03     
4.2613e-02      2.2418e+04      8.4350e+03     
4.7605e-02      2.0182e+04      7.5726e+03     
5.2591e-02      1.8511e+04      6.9331e+03     
5.7568e-02      1.7220e+04      6.4315e+03     
6.2562e-02      1.6114e+04      5.9822e+03     
6.7567e-02      1.5044e+04      5.5236e+03     
7.2573e-02      1.3925e+04      5.0261e+03     
7.7565e-02      1.2743e+04      4.4945e+03     
8.2548e-02      1.1537e+04      3.9549e+03     
8.7544e-02      1.0370e+04      3.4404e+03     
9.2544e-02      9.3145e+03      2.9831e+03     
9.7542e-02      8.4179e+03      2.6011e+03     
1.0254e-01      7.6971e+03      2.2969e+03     
1.0754e-01      7.1395e+03      2.0602e+03     
1.1254e-01      6.7113e+03      1.8736e+03     
1.1753e-01      6.3673e+03      1.7171e+03     
1.2252e-01      6.0610e+03      1.5726e+03     
1.2753e-01      5.7537e+03      1.4272e+03     
1.3254e-01      5.4236e+03      1.2758e+03     
1.3753e-01      5.0664e+03      1.1201e+03     
1.4253e-01      4.6918e+03      9.6545e+02     
1.4752e-01      4.3185e+03      8.1913e+02     
1.5253e-01      3.9675e+03      6.8730e+02     
1.5752e-01      3.6557e+03      5.7345e+02     
1.6252e-01      3.3917e+03      4.7762e+02     
1.6752e-01      3.1758e+03      3.9758e+02     
1.7252e-01      3.0011e+03      3.2957e+02     
1.7752e-01      2.8562e+03      2.6970e+02     
1.8252e-01      2.7285e+03      2.1466e+02     
1.8752e-01      2.6060e+03      1.6226e+02     
1.9252e-01      2.4800e+03      1.1151e+02     
1.9752e-01      2.3465e+03      6.2638e+01     
2.0252e-01      2.2060e+03      1.6547e+01     
2.0752e-01      2.0633e+03      -2.5655e+01    
2.1252e-01      1.9242e+03      -6.3419e+01    
2.1752e-01      1.7940e+03      -9.6602e+01    
2.2252e-01      1.6768e+03      -1.2562e+02    
2.2752e-01      1.5743e+03      -1.5113e+02    
2.3252e-01      1.4860e+03      -1.7398e+02    
2.3752e-01      1.4098e+03      -1.9485e+02    
2.4252e-01      1.3424e+03      -2.1418e+02    
2.4752e-01      1.2803e+03      -2.3217e+02    
2.5252e-01      1.2201e+03      -2.4870e+02    
2.5752e-01      1.1599e+03      -2.6351e+02    
2.6252e-01      1.0987e+03      -2.7639e+02    
2.6752e-01      1.0368e+03      -2.8716e+02    
2.7252e-01      9.7533e+02      -2.9593e+02    
2.7752e-01      9.1566e+02      -3.0295e+02    
2.8252e-01      8.5930e+02      -3.0859e+02    
2.8752e-01      8.0747e+02      -3.1330e+02    
2.9251e-01      7.6061e+02      -3.1751e+02    
2.9751e-01      7.1834e+02      -3.2141e+02    
