# k P0 P2
# reduced chi2 = 0.9437
3.7054e-03      7.6880e+04      -2.2224e+03    
8.0027e-03      4.4156e+04      1.1918e+04     
1.2850e-02      4.1750e+04      1.4232e+04     
1.7764e-02      3.9644e+04      1.4757e+04     
2.2684e-02      3.6346e+04      1.3979e+04     
2.7646e-02      3.2331e+04      1.2551e+04     
3.2636e-02      2.8285e+04      1.0930e+04     
3.7623e-02      2.4702e+04      9.4405e+03     
4.2607e-02      2.1803e+04      8.2254e+03     
4.7584e-02      1.9585e+04      7.2908e+03     
5.2572e-02      1.7918e+04      6.5779e+03     
5.7566e-02      1.6623e+04      6.0039e+03     
6.2559e-02      1.5516e+04      5.4886e+03     
6.7563e-02      1.4445e+04      4.9725e+03     
7.2560e-02      1.3329e+04      4.4320e+03     
7.7552e-02      1.2154e+04      3.8723e+03     
8.2550e-02      1.0956e+04      3.3179e+03     
8.7545e-02      9.8054e+03      2.8016e+03     
9.2544e-02      8.7670e+03      2.3482e+03     
9.7542e-02      7.8862e+03      1.9702e+03     
1.0253e-01      7.1781e+03      1.6661e+03     
1.0754e-01      6.6274e+03      1.4231e+03     
1.1254e-01      6.2014e+03      1.2245e+03     
1.1754e-01      5.8570e+03      1.0533e+03     
1.2253e-01      5.5498e+03      8.9561e+02     
1.2753e-01      5.2439e+03      7.4286e+02     
1.3253e-01      4.9191e+03      5.9302e+02     
1.3753e-01      4.5706e+03      4.4804e+02     
1.4253e-01      4.2087e+03      3.1263e+02     
1.4753e-01      3.8514e+03      1.9114e+02     
1.5253e-01      3.5172e+03      8.5759e+01     
1.5753e-01      3.2211e+03      -3.4365e+00    
1.6253e-01      2.9707e+03      -7.8522e+01    
1.6753e-01      2.7655e+03      -1.4270e+02    
1.7253e-01      2.5987e+03      -1.9919e+02    
1.7753e-01      2.4598e+03      -2.5040e+02    
1.8253e-01      2.3372e+03      -2.9762e+02    
1.8752e-01      2.2203e+03      -3.4097e+02    
1.9252e-01      2.1012e+03      -3.7975e+02    
1.9752e-01      1.9766e+03      -4.1307e+02    
2.0251e-01      1.8467e+03      -4.4024e+02    
2.0752e-01      1.7159e+03      -4.6141e+02    
2.1252e-01      1.5893e+03      -4.7733e+02    
2.1752e-01      1.4716e+03      -4.8930e+02    
2.2252e-01      1.3659e+03      -4.9876e+02    
2.2752e-01      1.2736e+03      -5.0692e+02    
2.3252e-01      1.1940e+03      -5.1471e+02    
2.3752e-01      1.1253e+03      -5.2240e+02    
2.4252e-01      1.0645e+03      -5.2987e+02    
2.4752e-01      1.0087e+03      -5.3650e+02    
2.5252e-01      9.5489e+02      -5.4148e+02    
2.5751e-01      9.0148e+02      -5.4422e+02    
2.6251e-01      8.4763e+02      -5.4432e+02    
2.6751e-01      7.9351e+02      -5.4177e+02    
2.7251e-01      7.4015e+02      -5.3702e+02    
2.7752e-01      6.8870e+02      -5.3072e+02    
2.8252e-01      6.4030e+02      -5.2359e+02    
2.8751e-01      5.9597e+02      -5.1646e+02    
2.9251e-01      5.5599e+02      -5.0982e+02    
2.9751e-01      5.1997e+02      -5.0378e+02    
