# k P0 P2
# reduced chi2 = 0.9703
8.0027e-03      4.5322e+04      1.1973e+04     
1.2850e-02      4.2068e+04      1.4210e+04     
1.7764e-02      3.9687e+04      1.4727e+04     
2.2684e-02      3.6286e+04      1.3960e+04     
2.7646e-02      3.2239e+04      1.2555e+04     
3.2636e-02      2.8195e+04      1.0955e+04     
3.7623e-02      2.4628e+04      9.4848e+03     
4.2607e-02      2.1747e+04      8.2875e+03     
4.7584e-02      1.9546e+04      7.3693e+03     
5.2572e-02      1.7894e+04      6.6724e+03     
5.7566e-02      1.6614e+04      6.1143e+03     
6.2559e-02      1.5520e+04      5.6145e+03     
6.7563e-02      1.4462e+04      5.1125e+03     
7.2560e-02      1.3361e+04      4.5833e+03     
7.7552e-02      1.2200e+04      4.0315e+03     
8.2550e-02      1.1016e+04      3.4811e+03     
8.7545e-02      9.8777e+03      2.9660e+03     
9.2544e-02      8.8501e+03      2.5120e+03     
9.7542e-02      7.9783e+03      2.1330e+03     
1.0253e-01      7.2779e+03      1.8286e+03     
1.0754e-01      6.7337e+03      1.5865e+03     
1.1254e-01      6.3134e+03      1.3901e+03     
1.1754e-01      5.9742e+03      1.2218e+03     
1.2253e-01      5.6717e+03      1.0666e+03     
1.2753e-01      5.3701e+03      9.1503e+02     
1.3253e-01      5.0491e+03      7.6441e+02     
1.3753e-01      4.7036e+03      6.1639e+02     
1.4253e-01      4.3441e+03      4.7595e+02     
1.4753e-01      3.9886e+03      3.4811e+02     
1.5253e-01      3.6557e+03      2.3591e+02     
1.5753e-01      3.3606e+03      1.4024e+02     
1.6253e-01      3.1111e+03      5.9590e+01     
1.6753e-01      2.9068e+03      -9.0197e+00    
1.7253e-01      2.7408e+03      -6.8900e+01    
1.7753e-01      2.6028e+03      -1.2279e+02    
1.8253e-01      2.4810e+03      -1.7246e+02    
1.8752e-01      2.3648e+03      -2.1849e+02    
1.9252e-01      2.2461e+03      -2.6055e+02    
1.9752e-01      2.1215e+03      -2.9793e+02    
2.0251e-01      1.9914e+03      -3.2989e+02    
2.0752e-01      1.8600e+03      -3.5633e+02    
2.1252e-01      1.7328e+03      -3.7765e+02    
2.1752e-01      1.6143e+03      -3.9486e+02    
2.2252e-01      1.5079e+03      -4.0914e+02    
2.2752e-01      1.4149e+03      -4.2159e+02    
2.3252e-01      1.3348e+03      -4.3313e+02    
2.3752e-01      1.2657e+03      -4.4412e+02    
2.4252e-01      1.2045e+03      -4.5456e+02    
2.4752e-01      1.1483e+03      -4.6402e+02    
2.5252e-01      1.0941e+03      -4.7182e+02    
2.5751e-01      1.0402e+03      -4.7748e+02    
2.6251e-01      9.8570e+02      -4.8063e+02    
2.6751e-01      9.3087e+02      -4.8123e+02    
2.7251e-01      8.7674e+02      -4.7966e+02    
2.7752e-01      8.2449e+02      -4.7648e+02    
2.8252e-01      7.7530e+02      -4.7233e+02    
2.8751e-01      7.3021e+02      -4.6797e+02    
2.9251e-01      6.8954e+02      -4.6386e+02    
2.9751e-01      6.5289e+02      -4.6013e+02    
