# k P0 P2
# reduced chi2 = 0.9610
8.0504e-03      2.9926e+04      9.6454e+03     
1.2849e-02      3.3348e+04      1.2743e+04     
1.7752e-02      3.3695e+04      1.3655e+04     
2.2692e-02      3.1849e+04      1.3192e+04     
2.7648e-02      2.8861e+04      1.2019e+04     
3.2613e-02      2.5581e+04      1.0634e+04     
3.7611e-02      2.2543e+04      9.3369e+03     
4.2613e-02      2.0040e+04      8.2836e+03     
4.7605e-02      1.8117e+04      7.4917e+03     
5.2591e-02      1.6679e+04      6.9131e+03     
5.7568e-02      1.5568e+04      6.4672e+03     
6.2562e-02      1.4612e+04      6.0707e+03     
6.7567e-02      1.3676e+04      5.6618e+03     
7.2573e-02      1.2683e+04      5.2093e+03     
7.7565e-02      1.1623e+04      4.7159e+03     
8.2548e-02      1.0531e+04      4.2066e+03     
8.7544e-02      9.4695e+03      3.7150e+03     
9.2544e-02      8.5058e+03      3.2747e+03     
9.7542e-02      7.6871e+03      2.9066e+03     
1.0254e-01      7.0301e+03      2.6156e+03     
1.0754e-01      6.5245e+03      2.3933e+03     
1.1254e-01      6.1391e+03      2.2228e+03     
1.1753e-01      5.8316e+03      2.0835e+03     
1.2252e-01      5.5583e+03      1.9556e+03     
1.2753e-01      5.2822e+03      1.8241e+03     
1.3254e-01      4.9825e+03      1.6820e+03     
1.3753e-01      4.6546e+03      1.5299e+03     
1.4253e-01      4.3080e+03      1.3738e+03     
1.4752e-01      3.9606e+03      1.2221e+03     
1.5253e-01      3.6330e+03      1.0828e+03     
1.5752e-01      3.3417e+03      9.6156e+02     
1.6252e-01      3.0955e+03      8.5992e+02     
1.6752e-01      2.8949e+03      7.7650e+02     
1.7252e-01      2.7337e+03      7.0750e+02     
1.7752e-01      2.6010e+03      6.4832e+02     
1.8252e-01      2.4843e+03      5.9445e+02     
1.8752e-01      2.3722e+03      5.4234e+02     
1.9252e-01      2.2557e+03      4.8980e+02     
1.9752e-01      2.1309e+03      4.3640e+02     
2.0252e-01      1.9984e+03      3.8301e+02     
2.0752e-01      1.8628e+03      3.3142e+02     
2.1252e-01      1.7299e+03      2.8313e+02     
2.1752e-01      1.6053e+03      2.3931e+02     
2.2252e-01      1.4931e+03      2.0042e+02     
2.2752e-01      1.3950e+03      1.6632e+02     
2.3252e-01      1.3108e+03      1.3630e+02     
2.3752e-01      1.2383e+03      1.0952e+02     
2.4252e-01      1.1745e+03      8.5094e+01     
2.4752e-01      1.1156e+03      6.2205e+01     
2.5252e-01      1.0583e+03      4.0390e+01     
2.5752e-01      1.0006e+03      1.9541e+01     
2.6252e-01      9.4147e+02      -3.1549e-01    
2.6752e-01      8.8123e+02      -1.8935e+01    
2.7252e-01      8.2106e+02      -3.6130e+01    
2.7752e-01      7.6241e+02      -5.1812e+01    
2.8252e-01      7.0686e+02      -6.5960e+01    
2.8752e-01      6.5573e+02      -7.8677e+01    
2.9251e-01      6.0950e+02      -9.0229e+01    
2.9751e-01      5.6783e+02      -1.0082e+02    
