# k P0 P2
# reduced chi2 = 1.0502
3.7054e-03      7.4097e+04      -1.2508e+03    
8.0027e-03      4.4813e+04      1.2062e+04     
1.2850e-02      4.2916e+04      1.4470e+04     
1.7764e-02      4.0933e+04      1.5010e+04     
2.2684e-02      3.7599e+04      1.4212e+04     
2.7646e-02      3.3473e+04      1.2744e+04     
3.2636e-02      2.9291e+04      1.1079e+04     
3.7623e-02      2.5578e+04      9.5515e+03     
4.2607e-02      2.2571e+04      8.3039e+03     
4.7584e-02      2.0266e+04      7.3427e+03     
5.2572e-02      1.8534e+04      6.6073e+03     
5.7566e-02      1.7187e+04      6.0129e+03     
6.2559e-02      1.6034e+04      5.4783e+03     
6.7563e-02      1.4918e+04      4.9438e+03     
7.2560e-02      1.3755e+04      4.3862e+03     
7.7552e-02      1.2531e+04      3.8117e+03     
8.2550e-02      1.1284e+04      3.2452e+03     
8.7545e-02      1.0086e+04      2.7196e+03     
9.2544e-02      9.0057e+03      2.2594e+03     
9.7542e-02      8.0890e+03      1.8761e+03     
1.0253e-01      7.3521e+03      1.5675e+03     
1.0754e-01      6.7785e+03      1.3200e+03     
1.1254e-01      6.3345e+03      1.1168e+03     
1.1754e-01      5.9753e+03      9.4094e+02     
1.2253e-01      5.6547e+03      7.7890e+02     
1.2753e-01      5.3358e+03      6.2278e+02     
1.3253e-01      4.9977e+03      4.7104e+02     
1.3753e-01      4.6353e+03      3.2589e+02     
1.4253e-01      4.2595e+03      1.9194e+02     
1.4753e-01      3.8888e+03      7.3110e+01     
1.5253e-01      3.5423e+03      -2.8981e+01    
1.5753e-01      3.2354e+03      -1.1486e+02    
1.6253e-01      2.9759e+03      -1.8706e+02    
1.6753e-01      2.7632e+03      -2.4904e+02    
1.7253e-01      2.5901e+03      -3.0398e+02    
1.7753e-01      2.4460e+03      -3.5410e+02    
1.8253e-01      2.3186e+03      -4.0037e+02    
1.8752e-01      2.1974e+03      -4.4256e+02    
1.9252e-01      2.0740e+03      -4.7966e+02    
1.9752e-01      1.9450e+03      -5.1062e+02    
2.0251e-01      1.8109e+03      -5.3478e+02    
2.0752e-01      1.6758e+03      -5.5247e+02    
2.1252e-01      1.5452e+03      -5.6471e+02    
2.1752e-01      1.4238e+03      -5.7304e+02    
2.2252e-01      1.3150e+03      -5.7912e+02    
2.2752e-01      1.2198e+03      -5.8427e+02    
2.3252e-01      1.1378e+03      -5.8947e+02    
2.3752e-01      1.0669e+03      -5.9492e+02    
2.4252e-01      1.0043e+03      -6.0039e+02    
2.4752e-01      9.4678e+02      -6.0514e+02    
2.5252e-01      8.9137e+02      -6.0819e+02    
2.5751e-01      8.3640e+02      -6.0889e+02    
2.6251e-01      7.8104e+02      -6.0678e+02    
2.6751e-01      7.2544e+02      -6.0189e+02    
2.7251e-01      6.7067e+02      -5.9473e+02    
2.7752e-01      6.1788e+02      -5.8600e+02    
2.8252e-01      5.6824e+02      -5.7655e+02    
2.8751e-01      5.2279e+02      -5.6724e+02    
2.9251e-01      4.8180e+02      -5.5861e+02    
2.9751e-01      4.4488e+02      -5.5075e+02    
