# k P0 P2
# reduced chi2 = 0.9888
8.0027e-03      4.0758e+04      1.1700e+04     
1.2850e-02      4.0869e+04      1.4307e+04     
1.7764e-02      3.9641e+04      1.4932e+04     
2.2684e-02      3.6713e+04      1.4199e+04     
2.7646e-02      3.2847e+04      1.2775e+04     
3.2636e-02      2.8843e+04      1.1150e+04     
3.7623e-02      2.5255e+04      9.6554e+03     
4.2607e-02      2.2337e+04      8.4364e+03     
4.7584e-02      2.0099e+04      7.5020e+03     
5.2572e-02      1.8418e+04      6.7934e+03     
5.7566e-02      1.7112e+04      6.2261e+03     
6.2559e-02      1.5993e+04      5.7173e+03     
6.7563e-02      1.4907e+04      5.2053e+03     
7.2560e-02      1.3769e+04      4.6649e+03     
7.7552e-02      1.2567e+04      4.1008e+03     
8.2550e-02      1.1336e+04      3.5381e+03     
8.7545e-02      1.0152e+04      3.0114e+03     
9.2544e-02      9.0815e+03      2.5473e+03     
9.7542e-02      8.1732e+03      2.1598e+03     
1.0253e-01      7.4436e+03      1.8486e+03     
1.0754e-01      6.8771e+03      1.6010e+03     
1.1254e-01      6.4400e+03      1.4000e+03     
1.1754e-01      6.0874e+03      1.2275e+03     
1.2253e-01      5.7728e+03      1.0682e+03     
1.2753e-01      5.4589e+03      9.1277e+02     
1.3253e-01      5.1241e+03      7.5829e+02     
1.3753e-01      4.7632e+03      6.0664e+02     
1.4253e-01      4.3873e+03      4.6296e+02     
1.4753e-01      4.0153e+03      3.3235e+02     
1.5253e-01      3.6669e+03      2.1787e+02     
1.5753e-01      3.3579e+03      1.2033e+02     
1.6253e-01      3.0968e+03      3.8079e+01     
1.6753e-01      2.8830e+03      -3.1987e+01    
1.7253e-01      2.7095e+03      -9.3272e+01    
1.7753e-01      2.5653e+03      -1.4856e+02    
1.8253e-01      2.4379e+03      -1.9958e+02    
1.8752e-01      2.3165e+03      -2.4686e+02    
1.9252e-01      2.1923e+03      -2.8999e+02    
1.9752e-01      2.0618e+03      -3.2818e+02    
2.0251e-01      1.9254e+03      -3.6066e+02    
2.0752e-01      1.7877e+03      -3.8736e+02    
2.1252e-01      1.6541e+03      -4.0876e+02    
2.1752e-01      1.5298e+03      -4.2592e+02    
2.2252e-01      1.4182e+03      -4.4012e+02    
2.2752e-01      1.3206e+03      -4.5251e+02    
2.3252e-01      1.2366e+03      -4.6406e+02    
2.3752e-01      1.1641e+03      -4.7511e+02    
2.4252e-01      1.1000e+03      -4.8566e+02    
2.4752e-01      1.0410e+03      -4.9523e+02    
2.5252e-01      9.8416e+02      -5.0308e+02    
2.5751e-01      9.2757e+02      -5.0869e+02    
2.6251e-01      8.7039e+02      -5.1166e+02    
2.6751e-01      8.1280e+02      -5.1195e+02    
2.7251e-01      7.5592e+02      -5.0997e+02    
2.7752e-01      7.0099e+02      -5.0630e+02    
2.8252e-01      6.4927e+02      -5.0165e+02    
2.8751e-01      6.0188e+02      -4.9680e+02    
2.9251e-01      5.5912e+02      -4.9225e+02    
2.9751e-01      5.2060e+02      -4.8813e+02    
