# k P0 P2
# reduced chi2 = 0.9440
8.0027e-03      4.7738e+04      1.2270e+04     
1.2850e-02      4.3985e+04      1.4535e+04     
1.7764e-02      4.1375e+04      1.5064e+04     
2.2684e-02      3.7762e+04      1.4282e+04     
2.7646e-02      3.3502e+04      1.2851e+04     
3.2636e-02      2.9258e+04      1.1220e+04     
3.7623e-02      2.5520e+04      9.7218e+03     
4.2607e-02      2.2503e+04      8.5027e+03     
4.7584e-02      2.0200e+04      7.5696e+03     
5.2572e-02      1.8473e+04      6.8631e+03     
5.7566e-02      1.7135e+04      6.2987e+03     
6.2559e-02      1.5993e+04      5.7936e+03     
6.7563e-02      1.4889e+04      5.2852e+03     
7.2560e-02      1.3739e+04      4.7476e+03     
7.7552e-02      1.2527e+04      4.1851e+03     
8.2550e-02      1.1289e+04      3.6226e+03     
8.7545e-02      1.0099e+04      3.0951e+03     
9.2544e-02      9.0248e+03      2.6295e+03     
9.7542e-02      8.1130e+03      2.2409e+03     
1.0253e-01      7.3807e+03      1.9290e+03     
1.0754e-01      6.8121e+03      1.6816e+03     
1.1254e-01      6.3734e+03      1.4813e+03     
1.1754e-01      6.0197e+03      1.3100e+03     
1.2253e-01      5.7044e+03      1.1519e+03     
1.2753e-01      5.3897e+03      9.9695e+02     
1.3253e-01      5.0542e+03      8.4211e+02     
1.3753e-01      4.6926e+03      6.8901e+02     
1.4253e-01      4.3159e+03      5.4291e+02     
1.4753e-01      3.9429e+03      4.0924e+02     
1.5253e-01      3.5935e+03      2.9147e+02     
1.5753e-01      3.2836e+03      1.9080e+02     
1.6253e-01      3.0216e+03      1.0589e+02     
1.6753e-01      2.8072e+03      3.3747e+01     
1.7253e-01      2.6332e+03      -2.9075e+01    
1.7753e-01      2.4886e+03      -8.5531e+01    
1.8253e-01      2.3609e+03      -1.3760e+02    
1.8752e-01      2.2391e+03      -1.8604e+02    
1.9252e-01      2.1145e+03      -2.3066e+02    
1.9752e-01      1.9835e+03      -2.7074e+02    
2.0251e-01      1.8465e+03      -3.0552e+02    
2.0752e-01      1.7080e+03      -3.3476e+02    
2.1252e-01      1.5736e+03      -3.5878e+02    
2.1752e-01      1.4485e+03      -3.7848e+02    
2.2252e-01      1.3361e+03      -3.9502e+02    
2.2752e-01      1.2379e+03      -4.0950e+02    
2.3252e-01      1.1533e+03      -4.2285e+02    
2.3752e-01      1.0803e+03      -4.3548e+02    
2.4252e-01      1.0158e+03      -4.4745e+02    
2.4752e-01      9.5640e+02      -4.5836e+02    
2.5252e-01      8.9908e+02      -4.6756e+02    
2.5751e-01      8.4204e+02      -4.7459e+02    
2.6251e-01      7.8436e+02      -4.7905e+02    
2.6751e-01      7.2623e+02      -4.8089e+02    
2.7251e-01      6.6878e+02      -4.8050e+02    
2.7752e-01      6.1329e+02      -4.7839e+02    
2.8252e-01      5.6101e+02      -4.7523e+02    
2.8751e-01      5.1310e+02      -4.7177e+02    
2.9251e-01      4.6987e+02      -4.6849e+02    
2.9751e-01      4.3091e+02      -4.6552e+02    
