# k P0 P2
# reduced chi2 = 1.1537
8.0504e-03      2.5822e+04      8.7655e+03     
1.2849e-02      3.2958e+04      1.2921e+04     
1.7752e-02      3.5311e+04      1.4135e+04     
2.2692e-02      3.4297e+04      1.3774e+04     
2.7648e-02      3.1539e+04      1.2575e+04     
3.2613e-02      2.8194e+04      1.1117e+04     
3.7611e-02      2.4979e+04      9.7372e+03     
4.2613e-02      2.2284e+04      8.6093e+03     
4.7605e-02      2.0197e+04      7.7554e+03     
5.2591e-02      1.8628e+04      7.1242e+03     
5.7568e-02      1.7410e+04      6.6308e+03     
6.2562e-02      1.6353e+04      6.1874e+03     
6.7567e-02      1.5308e+04      5.7307e+03     
7.2573e-02      1.4190e+04      5.2298e+03     
7.7565e-02      1.2989e+04      4.6901e+03     
8.2548e-02      1.1750e+04      4.1387e+03     
8.7544e-02      1.0542e+04      3.6109e+03     
9.2544e-02      9.4444e+03      3.1407e+03     
9.7542e-02      8.5114e+03      2.7479e+03     
1.0254e-01      7.7622e+03      2.4355e+03     
1.0754e-01      7.1845e+03      2.1935e+03     
1.1254e-01      6.7430e+03      2.0037e+03     
1.1753e-01      6.3896e+03      1.8451e+03     
1.2252e-01      6.0747e+03      1.6985e+03     
1.2753e-01      5.7568e+03      1.5500e+03     
1.3254e-01      5.4125e+03      1.3940e+03     
1.3753e-01      5.0370e+03      1.2321e+03     
1.4253e-01      4.6411e+03      1.0704e+03     
1.4752e-01      4.2452e+03      9.1657e+02     
1.5253e-01      3.8723e+03      7.7752e+02     
1.5752e-01      3.5409e+03      6.5725e+02     
1.6252e-01      3.2607e+03      5.5608e+02     
1.6752e-01      3.0319e+03      4.7176e+02     
1.7252e-01      2.8474e+03      4.0034e+02     
1.7752e-01      2.6950e+03      3.3760e+02     
1.8252e-01      2.5606e+03      2.7989e+02     
1.8752e-01      2.4317e+03      2.2470e+02     
1.9252e-01      2.2983e+03      1.7083e+02     
1.9752e-01      2.1563e+03      1.1847e+02     
2.0252e-01      2.0062e+03      6.8581e+01     
2.0752e-01      1.8532e+03      2.2464e+01     
2.1252e-01      1.7037e+03      -1.9152e+01    
2.1752e-01      1.5638e+03      -5.5957e+01    
2.2252e-01      1.4378e+03      -8.8269e+01    
2.2752e-01      1.3276e+03      -1.1671e+02    
2.3252e-01      1.2329e+03      -1.4216e+02    
2.3752e-01      1.1512e+03      -1.6537e+02    
2.4252e-01      1.0791e+03      -1.8686e+02    
2.4752e-01      1.0126e+03      -2.0694e+02    
2.5252e-01      9.4811e+02      -2.2554e+02    
2.5752e-01      8.8338e+02      -2.4244e+02    
2.6252e-01      8.1743e+02      -2.5742e+02    
2.6752e-01      7.5048e+02      -2.7027e+02    
2.7252e-01      6.8387e+02      -2.8105e+02    
2.7752e-01      6.1912e+02      -2.9000e+02    
2.8252e-01      5.5790e+02      -2.9745e+02    
2.8752e-01      5.0161e+02      -3.0383e+02    
2.9251e-01      4.5073e+02      -3.0959e+02    
2.9751e-01      4.0485e+02      -3.1494e+02    
