# k P0 P2
# reduced chi2 = 0.8222
3.7054e-03      2.8023e+04      5.3245e+03     
8.0027e-03      3.4463e+04      1.0997e+04     
1.2850e-02      3.8537e+04      1.4151e+04     
1.7764e-02      3.8858e+04      1.4977e+04     
2.2684e-02      3.6643e+04      1.4323e+04     
2.7646e-02      3.3113e+04      1.2906e+04     
3.2636e-02      2.9252e+04      1.1269e+04     
3.7623e-02      2.5715e+04      9.7560e+03     
4.2607e-02      2.2808e+04      8.5181e+03     
4.7584e-02      2.0567e+04      7.5676e+03     
5.2572e-02      1.8879e+04      6.8458e+03     
5.7566e-02      1.7566e+04      6.2666e+03     
6.2559e-02      1.6435e+04      5.7458e+03     
6.7563e-02      1.5330e+04      5.2212e+03     
7.2560e-02      1.4166e+04      4.6679e+03     
7.7552e-02      1.2929e+04      4.0914e+03     
8.2550e-02      1.1660e+04      3.5175e+03     
8.7545e-02      1.0436e+04      2.9811e+03     
9.2544e-02      9.3290e+03      2.5091e+03     
9.7542e-02      8.3894e+03      2.1153e+03     
1.0253e-01      7.6347e+03      1.7987e+03     
1.0754e-01      7.0488e+03      1.5461e+03     
1.1254e-01      6.5969e+03      1.3404e+03     
1.1754e-01      6.2325e+03      1.1632e+03     
1.2253e-01      5.9072e+03      9.9960e+02     
1.2753e-01      5.5821e+03      8.4026e+02     
1.3253e-01      5.2351e+03      6.8281e+02     
1.3753e-01      4.8608e+03      5.2929e+02     
1.4253e-01      4.4707e+03      3.8489e+02     
1.4753e-01      4.0847e+03      2.5451e+02     
1.5253e-01      3.7230e+03      1.4086e+02     
1.5753e-01      3.4024e+03      4.4342e+01     
1.6253e-01      3.1314e+03      -3.7026e+01    
1.6753e-01      2.9097e+03      -1.0657e+02    
1.7253e-01      2.7297e+03      -1.6773e+02    
1.7753e-01      2.5801e+03      -2.2318e+02    
1.8253e-01      2.4480e+03      -2.7444e+02    
1.8752e-01      2.3220e+03      -3.2177e+02    
1.9252e-01      2.1932e+03      -3.6452e+02    
1.9752e-01      2.0579e+03      -4.0179e+02    
2.0251e-01      1.9165e+03      -4.3279e+02    
2.0752e-01      1.7736e+03      -4.5758e+02    
2.1252e-01      1.6352e+03      -4.7684e+02    
2.1752e-01      1.5063e+03      -4.9182e+02    
2.2252e-01      1.3906e+03      -5.0398e+02    
2.2752e-01      1.2895e+03      -5.1458e+02    
2.3252e-01      1.2025e+03      -5.2462e+02    
2.3752e-01      1.1273e+03      -5.3440e+02    
2.4252e-01      1.0609e+03      -5.4385e+02    
2.4752e-01      9.9988e+02      -5.5238e+02    
2.5252e-01      9.4098e+02      -5.5913e+02    
2.5751e-01      8.8239e+02      -5.6351e+02    
2.6251e-01      8.2320e+02      -5.6508e+02    
2.6751e-01      7.6360e+02      -5.6381e+02    
2.7251e-01      7.0474e+02      -5.6017e+02    
2.7752e-01      6.4791e+02      -5.5479e+02    
2.8252e-01      5.9441e+02      -5.4848e+02    
2.8751e-01      5.4539e+02      -5.4207e+02    
2.9251e-01      5.0118e+02      -5.3609e+02    
2.9751e-01      4.6135e+02      -5.3067e+02    
