# k P0 P2
# reduced chi2 = 0.9367
3.7054e-03      4.1693e+04      3.9188e+03     
8.0027e-03      3.5971e+04      1.1127e+04     
1.2850e-02      3.7343e+04      1.3820e+04     
1.7764e-02      3.6678e+04      1.4501e+04     
2.2684e-02      3.4172e+04      1.3841e+04     
2.7646e-02      3.0675e+04      1.2490e+04     
3.2636e-02      2.6991e+04      1.0939e+04     
3.7623e-02      2.3667e+04      9.5081e+03     
4.2607e-02      2.0955e+04      8.3416e+03     
4.7584e-02      1.8873e+04      7.4507e+03     
5.2572e-02      1.7311e+04      6.7800e+03     
5.7566e-02      1.6098e+04      6.2473e+03     
6.2559e-02      1.5059e+04      5.7712e+03     
6.7563e-02      1.4047e+04      5.2900e+03     
7.2560e-02      1.2984e+04      4.7772e+03     
7.7552e-02      1.1855e+04      4.2365e+03     
8.2550e-02      1.0698e+04      3.6921e+03     
8.7545e-02      9.5813e+03      3.1788e+03     
9.2544e-02      8.5714e+03      2.7242e+03     
9.7542e-02      7.7142e+03      2.3442e+03     
1.0253e-01      7.0262e+03      2.0397e+03     
1.0754e-01      6.4928e+03      1.7992e+03     
1.1254e-01      6.0825e+03      1.6060e+03     
1.1754e-01      5.7523e+03      1.4418e+03     
1.2253e-01      5.4579e+03      1.2902e+03     
1.2753e-01      5.1633e+03      1.1407e+03     
1.3253e-01      4.8477e+03      9.8935e+02     
1.3753e-01      4.5061e+03      8.3762e+02     
1.4253e-01      4.1491e+03      6.9086e+02     
1.4753e-01      3.7949e+03      5.5498e+02     
1.5253e-01      3.4626e+03      4.3416e+02     
1.5753e-01      3.1678e+03      3.3033e+02     
1.6253e-01      2.9186e+03      2.4271e+02     
1.6753e-01      2.7150e+03      1.6862e+02     
1.7253e-01      2.5500e+03      1.0459e+02     
1.7753e-01      2.4131e+03      4.7449e+01     
1.8253e-01      2.2923e+03      -5.1698e+00    
1.8752e-01      2.1769e+03      -5.4467e+01    
1.9252e-01      2.0585e+03      -1.0063e+02    
1.9752e-01      1.9336e+03      -1.4315e+02    
2.0251e-01      1.8026e+03      -1.8126e+02    
2.0752e-01      1.6699e+03      -2.1450e+02    
2.1252e-01      1.5410e+03      -2.4285e+02    
2.1752e-01      1.4208e+03      -2.6688e+02    
2.2252e-01      1.3129e+03      -2.8746e+02    
2.2752e-01      1.2185e+03      -3.0553e+02    
2.3252e-01      1.1373e+03      -3.2196e+02    
2.3752e-01      1.0672e+03      -3.3725e+02    
2.4252e-01      1.0054e+03      -3.5158e+02    
2.4752e-01      9.4841e+02      -3.6474e+02    
2.5252e-01      8.9336e+02      -3.7629e+02    
2.5751e-01      8.3847e+02      -3.8583e+02    
2.6251e-01      7.8286e+02      -3.9305e+02    
2.6751e-01      7.2671e+02      -3.9788e+02    
2.7251e-01      6.7114e+02      -4.0059e+02    
2.7752e-01      6.1740e+02      -4.0161e+02    
2.8252e-01      5.6674e+02      -4.0149e+02    
2.8751e-01      5.2028e+02      -4.0088e+02    
2.9251e-01      4.7836e+02      -4.0021e+02    
2.9751e-01      4.4059e+02      -3.9964e+02    
