# k P0 P2
# reduced chi2 = 0.9351
8.0504e-03      2.7326e+04      9.3722e+03     
1.2849e-02      3.3556e+04      1.2921e+04     
1.7752e-02      3.5241e+04      1.3981e+04     
2.2692e-02      3.3918e+04      1.3529e+04     
2.7648e-02      3.1039e+04      1.2290e+04     
3.2613e-02      2.7673e+04      1.0814e+04     
3.7611e-02      2.4479e+04      9.4242e+03     
4.2613e-02      2.1816e+04      8.2868e+03     
4.7605e-02      1.9754e+04      7.4193e+03     
5.2591e-02      1.8203e+04      6.7699e+03     
5.7568e-02      1.6996e+04      6.2551e+03     
6.2562e-02      1.5949e+04      5.7903e+03     
6.7567e-02      1.4919e+04      5.3158e+03     
7.2573e-02      1.3824e+04      4.8043e+03     
7.7565e-02      1.2654e+04      4.2622e+03     
8.2548e-02      1.1453e+04      3.7161e+03     
8.7544e-02      1.0285e+04      3.1985e+03     
9.2544e-02      9.2262e+03      2.7402e+03     
9.7542e-02      8.3261e+03      2.3574e+03     
1.0254e-01      7.6022e+03      2.0512e+03     
1.0754e-01      7.0421e+03      1.8106e+03     
1.1254e-01      6.6116e+03      1.6180e+03     
1.1753e-01      6.2654e+03      1.4545e+03     
1.2252e-01      5.9564e+03      1.3031e+03     
1.2753e-01      5.6459e+03      1.1526e+03     
1.3254e-01      5.3121e+03      9.9901e+02     
1.3753e-01      4.9509e+03      8.4465e+02     
1.4253e-01      4.5725e+03      6.9478e+02     
1.4752e-01      4.1956e+03      5.5557e+02     
1.5253e-01      3.8416e+03      4.3188e+02     
1.5752e-01      3.5273e+03      3.2584e+02     
1.6252e-01      3.2612e+03      2.3650e+02     
1.6752e-01      3.0434e+03      1.6114e+02     
1.7252e-01      2.8669e+03      9.6098e+01     
1.7752e-01      2.7205e+03      3.8025e+01     
1.8252e-01      2.5911e+03      -1.5589e+01    
1.8752e-01      2.4673e+03      -6.6073e+01    
1.9252e-01      2.3401e+03      -1.1366e+02    
1.9752e-01      2.2057e+03      -1.5776e+02    
2.0252e-01      2.0647e+03      -1.9748e+02    
2.0752e-01      1.9218e+03      -2.3219e+02    
2.1252e-01      1.7827e+03      -2.6192e+02    
2.1752e-01      1.6528e+03      -2.8716e+02    
2.2252e-01      1.5359e+03      -3.0883e+02    
2.2752e-01      1.4337e+03      -3.2786e+02    
2.3252e-01      1.3456e+03      -3.4518e+02    
2.3752e-01      1.2695e+03      -3.6131e+02    
2.4252e-01      1.2023e+03      -3.7643e+02    
2.4752e-01      1.1403e+03      -3.9040e+02    
2.5252e-01      1.0803e+03      -4.0276e+02    
2.5752e-01      1.0205e+03      -4.1305e+02    
2.6252e-01      9.5982e+02      -4.2097e+02    
2.6752e-01      8.9859e+02      -4.2639e+02    
2.7252e-01      8.3793e+02      -4.2958e+02    
2.7752e-01      7.7917e+02      -4.3099e+02    
2.8252e-01      7.2373e+02      -4.3118e+02    
2.8752e-01      6.7281e+02      -4.3078e+02    
2.9251e-01      6.2678e+02      -4.3032e+02    
2.9751e-01      5.8529e+02      -4.2995e+02    
