# k P0 P2
# reduced chi2 = 0.9303
3.7538e-03      2.1299e+04      -6.8495e+03    
8.0504e-03      2.4755e+04      8.7818e+03     
1.2849e-02      3.1087e+04      1.2521e+04     
1.7752e-02      3.3015e+04      1.3665e+04     
2.2692e-02      3.1948e+04      1.3316e+04     
2.7648e-02      2.9331e+04      1.2179e+04     
3.2613e-02      2.6207e+04      1.0796e+04     
3.7611e-02      2.3221e+04      9.4874e+03     
4.2613e-02      2.0726e+04      8.4198e+03     
4.7605e-02      1.8797e+04      7.6156e+03     
5.2591e-02      1.7350e+04      7.0266e+03     
5.7568e-02      1.6230e+04      6.5714e+03     
6.2562e-02      1.5259e+04      6.1652e+03     
6.7567e-02      1.4301e+04      5.7450e+03     
7.2573e-02      1.3276e+04      5.2796e+03     
7.7565e-02      1.2173e+04      4.7722e+03     
8.2548e-02      1.1034e+04      4.2488e+03     
8.7544e-02      9.9234e+03      3.7441e+03     
9.2544e-02      8.9137e+03      3.2924e+03     
9.7542e-02      8.0555e+03      2.9148e+03     
1.0254e-01      7.3669e+03      2.6161e+03     
1.0754e-01      6.8372e+03      2.3873e+03     
1.1254e-01      6.4337e+03      2.2111e+03     
1.1753e-01      6.1119e+03      2.0665e+03     
1.2252e-01      5.8256e+03      1.9334e+03     
1.2753e-01      5.5359e+03      1.7968e+03     
1.3254e-01      5.2208e+03      1.6499e+03     
1.3753e-01      4.8757e+03      1.4936e+03     
1.4253e-01      4.5106e+03      1.3339e+03     
1.4752e-01      4.1444e+03      1.1793e+03     
1.5253e-01      3.7991e+03      1.0378e+03     
1.5752e-01      3.4920e+03      9.1470e+02     
1.6252e-01      3.2326e+03      8.1147e+02     
1.6752e-01      3.0212e+03      7.2648e+02     
1.7252e-01      2.8513e+03      6.5583e+02     
1.7752e-01      2.7115e+03      5.9490e+02     
1.8252e-01      2.5885e+03      5.3927e+02     
1.8752e-01      2.4702e+03      4.8555e+02     
1.9252e-01      2.3474e+03      4.3171e+02     
1.9752e-01      2.2158e+03      3.7746e+02     
2.0252e-01      2.0761e+03      3.2370e+02     
2.0752e-01      1.9332e+03      2.7218e+02     
2.1252e-01      1.7931e+03      2.2426e+02     
2.1752e-01      1.6618e+03      1.8097e+02     
2.2252e-01      1.5435e+03      1.4261e+02     
2.2752e-01      1.4401e+03      1.0893e+02     
2.3252e-01      1.3514e+03      7.9181e+01     
2.3752e-01      1.2750e+03      5.2517e+01     
2.4252e-01      1.2078e+03      2.8103e+01     
2.4752e-01      1.1457e+03      5.2240e+00     
2.5252e-01      1.0853e+03      -1.6482e+01    
2.5752e-01      1.0245e+03      -3.7047e+01    
2.6252e-01      9.6229e+02      -5.6404e+01    
2.6752e-01      8.9888e+02      -7.4304e+01    
2.7252e-01      8.3558e+02      -9.0607e+01    
2.7752e-01      7.7390e+02      -1.0529e+02    
2.8252e-01      7.1549e+02      -1.1841e+02    
2.8752e-01      6.6174e+02      -1.3014e+02    
2.9251e-01      6.1315e+02      -1.4080e+02    
2.9751e-01      5.6935e+02      -1.5060e+02    
