# k P0 P2
# reduced chi2 = 0.8058
3.7538e-03      2.9160e+04      3.9194e+03     
8.0504e-03      3.3813e+04      1.0773e+04     
1.2849e-02      3.7296e+04      1.4314e+04     
1.7752e-02      3.7567e+04      1.5279e+04     
2.2692e-02      3.5455e+04      1.4703e+04     
2.7648e-02      3.2096e+04      1.3347e+04     
3.2613e-02      2.8426e+04      1.1773e+04     
3.7611e-02      2.5031e+04      1.0312e+04     
4.2613e-02      2.2236e+04      9.1352e+03     
4.7605e-02      2.0088e+04      8.2574e+03     
5.2591e-02      1.8481e+04      7.6205e+03     
5.7568e-02      1.7238e+04      7.1312e+03     
6.2562e-02      1.6168e+04      6.6943e+03     
6.7567e-02      1.5122e+04      6.2398e+03     
7.2573e-02      1.4013e+04      5.7333e+03     
7.7565e-02      1.2830e+04      5.1793e+03     
8.2548e-02      1.1613e+04      4.6071e+03     
8.7544e-02      1.0431e+04      4.0560e+03     
9.2544e-02      9.3572e+03      3.5642e+03     
9.7542e-02      8.4449e+03      3.1548e+03     
1.0254e-01      7.7123e+03      2.8327e+03     
1.0754e-01      7.1475e+03      2.5878e+03     
1.1254e-01      6.7159e+03      2.4004e+03     
1.1753e-01      6.3710e+03      2.2471e+03     
1.2252e-01      6.0640e+03      2.1057e+03     
1.2753e-01      5.7546e+03      1.9595e+03     
1.3254e-01      5.4194e+03      1.8012e+03     
1.3753e-01      5.0538e+03      1.6317e+03     
1.4253e-01      4.6681e+03      1.4581e+03     
1.4752e-01      4.2820e+03      1.2898e+03     
1.5253e-01      3.9182e+03      1.1359e+03     
1.5752e-01      3.5947e+03      1.0024e+03     
1.6252e-01      3.3211e+03      8.9101e+02     
1.6752e-01      3.0980e+03      7.9980e+02     
1.7252e-01      2.9183e+03      7.2445e+02     
1.7752e-01      2.7701e+03      6.5977e+02     
1.8252e-01      2.6397e+03      6.0078e+02     
1.8752e-01      2.5144e+03      5.4360e+02     
1.9252e-01      2.3847e+03      4.8593e+02     
1.9752e-01      2.2461e+03      4.2741e+02     
2.0252e-01      2.0993e+03      3.6913e+02     
2.0752e-01      1.9494e+03      3.1310e+02     
2.1252e-01      1.8027e+03      2.6096e+02     
2.1752e-01      1.6652e+03      2.1393e+02     
2.2252e-01      1.5414e+03      1.7240e+02     
2.2752e-01      1.4332e+03      1.3611e+02     
2.3252e-01      1.3402e+03      1.0425e+02     
2.3752e-01      1.2601e+03      7.5833e+01     
2.4252e-01      1.1895e+03      4.9908e+01     
2.4752e-01      1.1244e+03      2.5609e+01     
2.5252e-01      1.0611e+03      2.4891e+00     
2.5752e-01      9.9747e+02      -1.9515e+01    
2.6252e-01      9.3246e+02      -4.0352e+01    
2.6752e-01      8.6630e+02      -5.9723e+01    
2.7252e-01      8.0033e+02      -7.7439e+01    
2.7752e-01      7.3610e+02      -9.3436e+01    
2.8252e-01      6.7530e+02      -1.0772e+02    
2.8752e-01      6.1936e+02      -1.2045e+02    
2.9251e-01      5.6878e+02      -1.3195e+02    
2.9751e-01      5.2318e+02      -1.4246e+02    
