# k P0 P2
# reduced chi2 = 0.7847
3.7538e-03      3.3735e+04      1.1400e+03     
8.0504e-03      3.3411e+04      1.0080e+04     
1.2849e-02      3.5377e+04      1.3773e+04     
1.7752e-02      3.5150e+04      1.4713e+04     
2.2692e-02      3.2970e+04      1.4176e+04     
2.7648e-02      2.9755e+04      1.2895e+04     
3.2613e-02      2.6311e+04      1.1403e+04     
3.7611e-02      2.3152e+04      1.0018e+04     
4.2613e-02      2.0561e+04      8.9032e+03     
4.7605e-02      1.8575e+04      8.0755e+03     
5.2591e-02      1.7093e+04      7.4797e+03     
5.7568e-02      1.5949e+04      7.0270e+03     
6.2562e-02      1.4967e+04      6.6256e+03     
6.7567e-02      1.4010e+04      6.2069e+03     
7.2573e-02      1.2995e+04      5.7360e+03     
7.7565e-02      1.1912e+04      5.2156e+03     
8.2548e-02      1.0798e+04      4.6737e+03     
8.7544e-02      9.7148e+03      4.1482e+03     
9.2544e-02      8.7310e+03      3.6775e+03     
9.7542e-02      7.8951e+03      3.2856e+03     
1.0254e-01      7.2246e+03      2.9787e+03     
1.0754e-01      6.7088e+03      2.7480e+03     
1.1254e-01      6.3161e+03      2.5749e+03     
1.1753e-01      6.0034e+03      2.4360e+03     
1.2252e-01      5.7257e+03      2.3086e+03     
1.2753e-01      5.4452e+03      2.1753e+03     
1.3254e-01      5.1401e+03      2.0274e+03     
1.3753e-01      4.8060e+03      1.8654e+03     
1.4253e-01      4.4521e+03      1.6960e+03     
1.4752e-01      4.0969e+03      1.5293e+03     
1.5253e-01      3.7617e+03      1.3753e+03     
1.5752e-01      3.4637e+03      1.2412e+03     
1.6252e-01      3.2118e+03      1.1296e+03     
1.6752e-01      3.0070e+03      1.0395e+03     
1.7252e-01      2.8426e+03      9.6641e+02     
1.7752e-01      2.7076e+03      9.0499e+02     
1.8252e-01      2.5892e+03      8.4952e+02     
1.8752e-01      2.4753e+03      7.9530e+02     
1.9252e-01      2.3567e+03      7.3921e+02     
1.9752e-01      2.2294e+03      6.8042e+02     
2.0252e-01      2.0937e+03      6.1990e+02     
2.0752e-01      1.9545e+03      5.6007e+02     
2.1252e-01      1.8179e+03      5.0316e+02     
2.1752e-01      1.6897e+03      4.5109e+02     
2.2252e-01      1.5742e+03      4.0485e+02     
2.2752e-01      1.4734e+03      3.6459e+02     
2.3252e-01      1.3870e+03      3.2965e+02     
2.3752e-01      1.3127e+03      2.9894e+02     
2.4252e-01      1.2474e+03      2.7124e+02     
2.4752e-01      1.1872e+03      2.4526e+02     
2.5252e-01      1.1285e+03      2.2011e+02     
2.5752e-01      1.0693e+03      1.9544e+02     
2.6252e-01      1.0084e+03      1.7116e+02     
2.6752e-01      9.4622e+02      1.4758e+02     
2.7252e-01      8.8395e+02      1.2510e+02     
2.7752e-01      8.2316e+02      1.0404e+02     
2.8252e-01      7.6551e+02      8.4692e+01     
2.8752e-01      7.1243e+02      6.7182e+01     
2.9251e-01      6.6446e+02      5.1330e+01     
2.9751e-01      6.2124e+02      3.6899e+01     
