# k P0 P2
# reduced chi2 = 0.8068
3.7538e-03      2.2601e+04      4.5799e+03     
8.0504e-03      2.9885e+04      1.0462e+04     
1.2849e-02      3.4248e+04      1.3802e+04     
1.7752e-02      3.4981e+04      1.4774e+04     
2.2692e-02      3.3246e+04      1.4242e+04     
2.7648e-02      3.0226e+04      1.2942e+04     
3.2613e-02      2.6853e+04      1.1423e+04     
3.7611e-02      2.3708e+04      1.0008e+04     
4.2613e-02      2.1108e+04      8.8657e+03     
4.7605e-02      1.9106e+04      8.0115e+03     
5.2591e-02      1.7606e+04      7.3899e+03     
5.7568e-02      1.6446e+04      6.9113e+03     
6.2562e-02      1.5445e+04      6.4836e+03     
6.7567e-02      1.4464e+04      6.0394e+03     
7.2573e-02      1.3422e+04      5.5454e+03     
7.7565e-02      1.2308e+04      5.0061e+03     
8.2548e-02      1.1163e+04      4.4499e+03     
8.7544e-02      1.0048e+04      3.9146e+03     
9.2544e-02      9.0362e+03      3.4368e+03     
9.7542e-02      8.1761e+03      3.0389e+03     
1.0254e-01      7.4854e+03      2.7254e+03     
1.0754e-01      6.9526e+03      2.4863e+03     
1.1254e-01      6.5455e+03      2.3028e+03     
1.1753e-01      6.2198e+03      2.1522e+03     
1.2252e-01      5.9299e+03      2.0134e+03     
1.2753e-01      5.6375e+03      1.8703e+03     
1.3254e-01      5.3210e+03      1.7159e+03     
1.3753e-01      4.9760e+03      1.5514e+03     
1.4253e-01      4.6121e+03      1.3834e+03     
1.4752e-01      4.2480e+03      1.2209e+03     
1.5253e-01      3.9050e+03      1.0725e+03     
1.5752e-01      3.6000e+03      9.4377e+02     
1.6252e-01      3.3421e+03      8.3621e+02     
1.6752e-01      3.1316e+03      7.4799e+02     
1.7252e-01      2.9620e+03      6.7492e+02     
1.7752e-01      2.8220e+03      6.1206e+02     
1.8252e-01      2.6988e+03      5.5470e+02     
1.8752e-01      2.5804e+03      4.9923e+02     
1.9252e-01      2.4580e+03      4.4350e+02     
1.9752e-01      2.3273e+03      3.8725e+02     
2.0252e-01      2.1890e+03      3.3148e+02     
2.0752e-01      2.0479e+03      2.7808e+02     
2.1252e-01      1.9099e+03      2.2853e+02     
2.1752e-01      1.7806e+03      1.8392e+02     
2.2252e-01      1.6642e+03      1.4455e+02     
2.2752e-01      1.5625e+03      1.1015e+02     
2.3252e-01      1.4750e+03      7.9909e+01     
2.3752e-01      1.3996e+03      5.2908e+01     
2.4252e-01      1.3331e+03      2.8259e+01     
2.4752e-01      1.2718e+03      5.1861e+00     
2.5252e-01      1.2123e+03      -1.6699e+01    
2.5752e-01      1.1524e+03      -3.7431e+01    
2.6252e-01      1.0914e+03      -5.6949e+01    
2.6752e-01      1.0293e+03      -7.4980e+01    
2.7252e-01      9.6740e+02      -9.1365e+01    
2.7752e-01      9.0721e+02      -1.0608e+02    
2.8252e-01      8.5026e+02      -1.1915e+02    
2.8752e-01      7.9785e+02      -1.3076e+02    
2.9251e-01      7.5048e+02      -1.4124e+02    
2.9751e-01      7.0776e+02      -1.5082e+02    
