# k P0 P2
# reduced chi2 = 0.9036
3.7054e-03      4.7430e+04      1.6884e+03     
8.0027e-03      3.7282e+04      1.1865e+04     
1.2850e-02      3.8245e+04      1.4797e+04     
1.7764e-02      3.7426e+04      1.5507e+04     
2.2684e-02      3.4821e+04      1.4800e+04     
2.7646e-02      3.1245e+04      1.3376e+04     
3.2636e-02      2.7495e+04      1.1751e+04     
3.7623e-02      2.4120e+04      1.0262e+04     
4.2607e-02      2.1373e+04      9.0607e+03     
4.7584e-02      1.9269e+04      8.1583e+03     
5.2572e-02      1.7695e+04      7.4952e+03     
5.7566e-02      1.6478e+04      6.9811e+03     
6.2559e-02      1.5437e+04      6.5252e+03     
6.7563e-02      1.4423e+04      6.0572e+03     
7.2560e-02      1.3354e+04      5.5446e+03     
7.7552e-02      1.2216e+04      4.9898e+03     
8.2550e-02      1.1044e+04      4.4194e+03     
8.7545e-02      9.9113e+03      3.8739e+03     
9.2544e-02      8.8853e+03      3.3875e+03     
9.7542e-02      8.0143e+03      2.9816e+03     
1.0253e-01      7.3163e+03      2.6606e+03     
1.0754e-01      6.7772e+03      2.4135e+03     
1.1254e-01      6.3647e+03      2.2215e+03     
1.1754e-01      6.0347e+03      2.0628e+03     
1.2253e-01      5.7409e+03      1.9165e+03     
1.2753e-01      5.4457e+03      1.7677e+03     
1.3253e-01      5.1269e+03      1.6098e+03     
1.3753e-01      4.7791e+03      1.4435e+03     
1.4253e-01      4.4131e+03      1.2754e+03     
1.4753e-01      4.0483e+03      1.1142e+03     
1.5253e-01      3.7052e+03      9.6760e+02     
1.5753e-01      3.4004e+03      8.4034e+02     
1.6253e-01      3.1431e+03      7.3365e+02     
1.6753e-01      2.9334e+03      6.4547e+02     
1.7253e-01      2.7644e+03      5.7172e+02     
1.7753e-01      2.6248e+03      5.0775e+02     
1.8253e-01      2.5020e+03      4.4927e+02     
1.8752e-01      2.3843e+03      3.9319e+02     
1.9252e-01      2.2626e+03      3.3776e+02     
1.9752e-01      2.1331e+03      2.8285e+02     
2.0251e-01      1.9961e+03      2.2938e+02     
2.0752e-01      1.8564e+03      1.7882e+02     
2.1252e-01      1.7202e+03      1.3252e+02     
2.1752e-01      1.5928e+03      9.1137e+01     
2.2252e-01      1.4783e+03      5.4742e+01     
2.2752e-01      1.3783e+03      2.2884e+01     
2.3252e-01      1.2924e+03      -5.2658e+00    
2.3752e-01      1.2185e+03      -3.0543e+01    
2.4252e-01      1.1533e+03      -5.3723e+01    
2.4752e-01      1.0932e+03      -7.5322e+01    
2.5252e-01      1.0349e+03      -9.5542e+01    
2.5751e-01      9.7649e+02      -1.1437e+02    
2.6251e-01      9.1687e+02      -1.3164e+02    
2.6751e-01      8.5630e+02      -1.4718e+02    
2.7251e-01      7.9606e+02      -1.6091e+02    
2.7752e-01      7.3756e+02      -1.7289e+02    
2.8252e-01      6.8227e+02      -1.8332e+02    
2.8751e-01      6.3150e+02      -1.9249e+02    
2.9251e-01      5.8567e+02      -2.0073e+02    
2.9751e-01      5.4435e+02      -2.0825e+02    
