# k P0 P2
# reduced chi2 = 1.0080
3.7538e-03      5.2520e+04      -8.9633e+03    
8.0504e-03      3.8719e+04      9.0506e+03     
1.2849e-02      3.7811e+04      1.3748e+04     
1.7752e-02      3.6575e+04      1.4665e+04     
2.2692e-02      3.3868e+04      1.4069e+04     
2.7648e-02      3.0353e+04      1.2731e+04     
3.2613e-02      2.6726e+04      1.1189e+04     
3.7611e-02      2.3449e+04      9.7615e+03     
4.2613e-02      2.0778e+04      8.6079e+03     
4.7605e-02      1.8732e+04      7.7408e+03     
5.2591e-02      1.7201e+04      7.1029e+03     
5.7568e-02      1.6016e+04      6.6056e+03     
6.2562e-02      1.4999e+04      6.1596e+03     
6.7567e-02      1.4012e+04      5.7007e+03     
7.2573e-02      1.2975e+04      5.1982e+03     
7.7565e-02      1.1879e+04      4.6576e+03     
8.2548e-02      1.0758e+04      4.1064e+03     
8.7544e-02      9.6730e+03      3.5800e+03     
9.2544e-02      8.6903e+03      3.1124e+03     
9.7542e-02      7.8555e+03      2.7229e+03     
1.0254e-01      7.1839e+03      2.4143e+03     
1.0754e-01      6.6640e+03      2.1760e+03     
1.1254e-01      6.2644e+03      1.9898e+03     
1.1753e-01      5.9430e+03      1.8345e+03     
1.2252e-01      5.6566e+03      1.6911e+03     
1.2753e-01      5.3694e+03      1.5456e+03     
1.3254e-01      5.0610e+03      1.3926e+03     
1.3753e-01      4.7277e+03      1.2336e+03     
1.4253e-01      4.3784e+03      1.0747e+03     
1.4752e-01      4.0304e+03      9.2350e+02     
1.5253e-01      3.7034e+03      7.8701e+02     
1.5752e-01      3.4130e+03      6.6925e+02     
1.6252e-01      3.1670e+03      5.7060e+02     
1.6752e-01      2.9656e+03      4.8886e+02     
1.7252e-01      2.8026e+03      4.2010e+02     
1.7752e-01      2.6673e+03      3.6011e+02     
1.8252e-01      2.5479e+03      3.0514e+02     
1.8752e-01      2.4336e+03      2.5260e+02     
1.9252e-01      2.3161e+03      2.0117e+02     
1.9752e-01      2.1917e+03      1.5094e+02     
2.0252e-01      2.0611e+03      1.0287e+02     
2.0752e-01      1.9285e+03      5.8291e+01     
2.1252e-01      1.7994e+03      1.8027e+01     
2.1752e-01      1.6786e+03      -1.7519e+01    
2.2252e-01      1.5700e+03      -4.8571e+01    
2.2752e-01      1.4749e+03      -7.5684e+01    
2.3252e-01      1.3930e+03      -9.9712e+01    
2.3752e-01      1.3222e+03      -1.2139e+02    
2.4252e-01      1.2597e+03      -1.4130e+02    
2.4752e-01      1.2021e+03      -1.5983e+02    
2.5252e-01      1.1463e+03      -1.7699e+02    
2.5752e-01      1.0905e+03      -1.9262e+02    
2.6252e-01      1.0339e+03      -2.0658e+02    
2.6752e-01      9.7661e+02      -2.1864e+02    
2.7252e-01      9.1982e+02      -2.2885e+02    
2.7752e-01      8.6474e+02      -2.3738e+02    
2.8252e-01      8.1274e+02      -2.4447e+02    
2.8752e-01      7.6494e+02      -2.5049e+02    
2.9251e-01      7.2171e+02      -2.5585e+02    
2.9751e-01      6.8273e+02      -2.6073e+02    
