# k P0 P2
# reduced chi2 = 0.9937
3.7538e-03      4.2286e+04      -4.2892e+04    
8.0504e-03      2.0353e+04      4.4837e+03     
1.2849e-02      2.6804e+04      1.2259e+04     
1.7752e-02      3.0113e+04      1.3897e+04     
2.2692e-02      2.9926e+04      1.3712e+04     
2.7648e-02      2.7880e+04      1.2594e+04     
3.2613e-02      2.5132e+04      1.1171e+04     
3.7611e-02      2.2398e+04      9.8107e+03     
4.2613e-02      2.0073e+04      8.6981e+03     
4.7605e-02      1.8260e+04      7.8604e+03     
5.2591e-02      1.6895e+04      7.2462e+03     
5.7568e-02      1.5832e+04      6.7694e+03     
6.2562e-02      1.4905e+04      6.3403e+03     
6.7567e-02      1.3980e+04      5.8934e+03     
7.2573e-02      1.2981e+04      5.3969e+03     
7.7565e-02      1.1900e+04      4.8562e+03     
8.2548e-02      1.0780e+04      4.3001e+03     
8.7544e-02      9.6855e+03      3.7661e+03     
9.2544e-02      8.6894e+03      3.2903e+03     
9.7542e-02      7.8420e+03      2.8938e+03     
1.0254e-01      7.1612e+03      2.5805e+03     
1.0754e-01      6.6365e+03      2.3401e+03     
1.1254e-01      6.2357e+03      2.1537e+03     
1.1753e-01      5.9149e+03      1.9994e+03     
1.2252e-01      5.6289e+03      1.8567e+03     
1.2753e-01      5.3396e+03      1.7106e+03     
1.3254e-01      5.0258e+03      1.5549e+03     
1.3753e-01      4.6831e+03      1.3910e+03     
1.4253e-01      4.3215e+03      1.2255e+03     
1.4752e-01      3.9597e+03      1.0667e+03     
1.5253e-01      3.6188e+03      9.2264e+02     
1.5752e-01      3.3159e+03      7.9801e+02     
1.6252e-01      3.0596e+03      6.9368e+02     
1.6752e-01      2.8505e+03      6.0760e+02     
1.7252e-01      2.6818e+03      5.3561e+02     
1.7752e-01      2.5425e+03      4.7311e+02     
1.8252e-01      2.4198e+03      4.1586e+02     
1.8752e-01      2.3019e+03      3.6080e+02     
1.9252e-01      2.1800e+03      3.0624e+02     
1.9752e-01      2.0501e+03      2.5215e+02     
2.0252e-01      1.9129e+03      1.9955e+02     
2.0752e-01      1.7730e+03      1.5006e+02     
2.1252e-01      1.6363e+03      1.0480e+02     
2.1752e-01      1.5084e+03      6.4456e+01     
2.2252e-01      1.3932e+03      2.9023e+01     
2.2752e-01      1.2925e+03      -1.9587e+00    
2.3252e-01      1.2059e+03      -2.9352e+01    
2.3752e-01      1.1313e+03      -5.3989e+01    
2.4252e-01      1.0655e+03      -7.6591e+01    
2.4752e-01      1.0047e+03      -9.7709e+01    
2.5252e-01      9.4578e+02      -1.1751e+02    
2.5752e-01      8.8665e+02      -1.3588e+02    
2.6252e-01      8.2640e+02      -1.5271e+02    
2.6752e-01      7.6526e+02      -1.6775e+02    
2.7252e-01      7.0443e+02      -1.8095e+02    
2.7752e-01      6.4531e+02      -1.9240e+02    
2.8252e-01      5.8942e+02      -2.0229e+02    
2.8752e-01      5.3803e+02      -2.1092e+02    
2.9251e-01      4.9157e+02      -2.1867e+02    
2.9751e-01      4.4969e+02      -2.2575e+02    
