# k P0 P2
# reduced chi2 = 0.8356
3.7054e-03      7.1789e+04      -4.8238e+03    
8.0027e-03      4.2795e+04      1.2190e+04     
1.2850e-02      4.1290e+04      1.5078e+04     
1.7764e-02      3.9511e+04      1.5725e+04     
2.2684e-02      3.6375e+04      1.4955e+04     
2.7646e-02      3.2445e+04      1.3483e+04     
3.2636e-02      2.8442e+04      1.1816e+04     
3.7623e-02      2.4884e+04      1.0293e+04     
4.2607e-02      2.2004e+04      9.0642e+03     
4.7584e-02      1.9802e+04      8.1382e+03     
5.2572e-02      1.8155e+04      7.4534e+03     
5.7566e-02      1.6881e+04      6.9185e+03     
6.2559e-02      1.5794e+04      6.4427e+03     
6.7563e-02      1.4738e+04      5.9560e+03     
7.2560e-02      1.3632e+04      5.4273e+03     
7.7552e-02      1.2459e+04      4.8597e+03     
8.2550e-02      1.1255e+04      4.2802e+03     
8.7545e-02      1.0094e+04      3.7289e+03     
9.2544e-02      9.0438e+03      3.2389e+03     
9.7542e-02      8.1524e+03      2.8301e+03     
1.0253e-01      7.4373e+03      2.5059e+03     
1.0754e-01      6.8840e+03      2.2546e+03     
1.1254e-01      6.4593e+03      2.0573e+03     
1.1754e-01      6.1185e+03      1.8926e+03     
1.2253e-01      5.8150e+03      1.7406e+03     
1.2753e-01      5.5107e+03      1.5873e+03     
1.3253e-01      5.1837e+03      1.4271e+03     
1.3753e-01      4.8285e+03      1.2609e+03     
1.4253e-01      4.4561e+03      1.0953e+03     
1.4753e-01      4.0857e+03      9.3822e+02     
1.5253e-01      3.7378e+03      7.9637e+02     
1.5753e-01      3.4290e+03      6.7372e+02     
1.6253e-01      3.1681e+03      5.7079e+02     
1.6753e-01      2.9551e+03      4.8522e+02     
1.7253e-01      2.7830e+03      4.1296e+02     
1.7753e-01      2.6405e+03      3.4973e+02     
1.8253e-01      2.5149e+03      2.9177e+02     
1.8752e-01      2.3947e+03      2.3657e+02     
1.9252e-01      2.2710e+03      1.8288e+02     
1.9752e-01      2.1398e+03      1.3082e+02     
2.0251e-01      2.0016e+03      8.1307e+01     
2.0752e-01      1.8612e+03      3.5525e+01     
2.1252e-01      1.7245e+03      -5.6166e+00    
2.1752e-01      1.5969e+03      -4.1862e+01    
2.2252e-01      1.4822e+03      -7.3502e+01    
2.2752e-01      1.3820e+03      -1.0118e+02    
2.3252e-01      1.2958e+03      -1.2578e+02    
2.3752e-01      1.2215e+03      -1.4804e+02    
2.4252e-01      1.1560e+03      -1.6856e+02    
2.4752e-01      1.0956e+03      -1.8761e+02    
2.5252e-01      1.0371e+03      -2.0515e+02    
2.5751e-01      9.7861e+02      -2.2104e+02    
2.6251e-01      9.1913e+02      -2.3504e+02    
2.6751e-01      8.5888e+02      -2.4700e+02    
2.7251e-01      7.9909e+02      -2.5698e+02    
2.7752e-01      7.4115e+02      -2.6517e+02    
2.8252e-01      6.8644e+02      -2.7190e+02    
2.8751e-01      6.3624e+02      -2.7761e+02    
2.9251e-01      5.9091e+02      -2.8267e+02    
2.9751e-01      5.5005e+02      -2.8729e+02    
