# k P0 P2
# reduced chi2 = 0.9488
3.7054e-03      6.9583e+04      -4.1745e+03    
8.0027e-03      4.2344e+04      1.2166e+04     
1.2850e-02      4.1049e+04      1.5043e+04     
1.7764e-02      3.9343e+04      1.5678e+04     
2.2684e-02      3.6242e+04      1.4894e+04     
2.7646e-02      3.2331e+04      1.3408e+04     
3.2636e-02      2.8339e+04      1.1728e+04     
3.7623e-02      2.4788e+04      1.0194e+04     
4.2607e-02      2.1911e+04      8.9535e+03     
4.7584e-02      1.9710e+04      8.0155e+03     
5.2572e-02      1.8061e+04      7.3174e+03     
5.7566e-02      1.6783e+04      6.7683e+03     
6.2559e-02      1.5692e+04      6.2783e+03     
6.7563e-02      1.4633e+04      5.7790e+03     
7.2560e-02      1.3523e+04      5.2407e+03     
7.7552e-02      1.2349e+04      4.6673e+03     
8.2550e-02      1.1145e+04      4.0859e+03     
8.7545e-02      9.9857e+03      3.5355e+03     
9.2544e-02      8.9371e+03      3.0478e+03     
9.7542e-02      8.0471e+03      2.6412e+03     
1.0253e-01      7.3329e+03      2.3179e+03     
1.0754e-01      6.7792e+03      2.0654e+03     
1.1254e-01      6.3532e+03      1.8653e+03     
1.1754e-01      6.0106e+03      1.6968e+03     
1.2253e-01      5.7051e+03      1.5412e+03     
1.2753e-01      5.3996e+03      1.3858e+03     
1.3253e-01      5.0723e+03      1.2256e+03     
1.3753e-01      4.7180e+03      1.0622e+03     
1.4253e-01      4.3475e+03      9.0155e+02     
1.4753e-01      3.9800e+03      7.5110e+02     
1.5253e-01      3.6352e+03      6.1640e+02     
1.5753e-01      3.3292e+03      5.0047e+02     
1.6253e-01      3.0707e+03      4.0315e+02     
1.6753e-01      2.8593e+03      3.2178e+02     
1.7253e-01      2.6882e+03      2.5247e+02     
1.7753e-01      2.5462e+03      1.9132e+02     
1.8253e-01      2.4209e+03      1.3517e+02     
1.8752e-01      2.3012e+03      8.2096e+01     
1.9252e-01      2.1783e+03      3.1379e+01     
1.9752e-01      2.0486e+03      -1.6650e+01    
2.0251e-01      1.9124e+03      -6.1097e+01    
2.0752e-01      1.7744e+03      -1.0111e+02    
2.1252e-01      1.6404e+03      -1.3620e+02    
2.1752e-01      1.5154e+03      -1.6653e+02    
2.2252e-01      1.4031e+03      -1.9272e+02    
2.2752e-01      1.3050e+03      -2.1558e+02    
2.3252e-01      1.2205e+03      -2.3602e+02    
2.3752e-01      1.1476e+03      -2.5468e+02    
2.4252e-01      1.0833e+03      -2.7198e+02    
2.4752e-01      1.0241e+03      -2.8794e+02    
2.5252e-01      9.6678e+02      -3.0232e+02    
2.5751e-01      9.0963e+02      -3.1484e+02    
2.6251e-01      8.5169e+02      -3.2522e+02    
2.6751e-01      7.9315e+02      -3.3334e+02    
2.7251e-01      7.3518e+02      -3.3938e+02    
2.7752e-01      6.7910e+02      -3.4364e+02    
2.8252e-01      6.2621e+02      -3.4659e+02    
2.8751e-01      5.7770e+02      -3.4876e+02    
2.9251e-01      5.3393e+02      -3.5058e+02    
2.9751e-01      4.9446e+02      -3.5224e+02    
