# k P0 P2
# reduced chi2 = 0.7722
3.7538e-03      4.5347e+04      -4.1916e+03    
8.0504e-03      3.7614e+04      9.7138e+03     
1.2849e-02      3.7982e+04      1.4005e+04     
1.7752e-02      3.7143e+04      1.4939e+04     
2.2692e-02      3.4571e+04      1.4354e+04     
2.7648e-02      3.1065e+04      1.3015e+04     
3.2613e-02      2.7394e+04      1.1468e+04     
3.7611e-02      2.4056e+04      1.0034e+04     
4.2613e-02      2.1328e+04      8.8791e+03     
4.7605e-02      1.9238e+04      8.0158e+03     
5.2591e-02      1.7677e+04      7.3871e+03     
5.7568e-02      1.6470e+04      6.9024e+03     
6.2562e-02      1.5434e+04      6.4694e+03     
6.7567e-02      1.4426e+04      6.0210e+03     
7.2573e-02      1.3364e+04      5.5240e+03     
7.7565e-02      1.2236e+04      4.9827e+03     
8.2548e-02      1.1080e+04      4.4256e+03     
8.7544e-02      9.9584e+03      3.8900e+03     
9.2544e-02      8.9414e+03      3.4123e+03     
9.7542e-02      8.0774e+03      3.0146e+03     
1.0254e-01      7.3831e+03      2.7010e+03     
1.0754e-01      6.8471e+03      2.4616e+03     
1.1254e-01      6.4368e+03      2.2775e+03     
1.1753e-01      6.1082e+03      2.1262e+03     
1.2252e-01      5.8158e+03      1.9867e+03     
1.2753e-01      5.5215e+03      1.8432e+03     
1.3254e-01      5.2039e+03      1.6888e+03     
1.3753e-01      4.8584e+03      1.5248e+03     
1.4253e-01      4.4947e+03      1.3574e+03     
1.4752e-01      4.1312e+03      1.1959e+03     
1.5253e-01      3.7889e+03      1.0484e+03     
1.5752e-01      3.4847e+03      9.2065e+02     
1.6252e-01      3.2272e+03      8.1381e+02     
1.6752e-01      3.0170e+03      7.2611e+02     
1.7252e-01      2.8475e+03      6.5338e+02     
1.7752e-01      2.7073e+03      5.9073e+02     
1.8252e-01      2.5839e+03      5.3356e+02     
1.8752e-01      2.4655e+03      4.7834e+02     
1.9252e-01      2.3432e+03      4.2297e+02     
1.9752e-01      2.2128e+03      3.6723e+02     
2.0252e-01      2.0751e+03      3.1211e+02     
2.0752e-01      1.9346e+03      2.5946e+02     
2.1252e-01      1.7974e+03      2.1069e+02     
2.1752e-01      1.6688e+03      1.6685e+02     
2.2252e-01      1.5531e+03      1.2818e+02     
2.2752e-01      1.4519e+03      9.4386e+01     
2.3252e-01      1.3648e+03      6.4666e+01     
2.3752e-01      1.2898e+03      3.8114e+01     
2.4252e-01      1.2236e+03      1.3868e+01     
2.4752e-01      1.1625e+03      -8.8172e+00    
2.5252e-01      1.1032e+03      -3.0298e+01    
2.5752e-01      1.0437e+03      -5.0593e+01    
2.6252e-01      9.8303e+02      -6.9634e+01    
2.6752e-01      9.2138e+02      -8.7155e+01    
2.7252e-01      8.5999e+02      -1.0301e+02    
2.7752e-01      8.0029e+02      -1.1720e+02    
2.8252e-01      7.4381e+02      -1.2977e+02    
2.8752e-01      6.9185e+02      -1.4090e+02    
2.9251e-01      6.4487e+02      -1.5095e+02    
2.9751e-01      6.0251e+02      -1.6012e+02    
