# k P0 P2
# reduced chi2 = 0.8330
3.7538e-03      4.3742e+04      -3.4093e+03    
8.0504e-03      3.7034e+04      9.7427e+03     
1.2849e-02      3.7595e+04      1.3921e+04     
1.7752e-02      3.6824e+04      1.4828e+04     
2.2692e-02      3.4298e+04      1.4222e+04     
2.7648e-02      3.0830e+04      1.2866e+04     
3.2613e-02      2.7191e+04      1.1304e+04     
3.7611e-02      2.3879e+04      9.8578e+03     
4.2613e-02      2.1169e+04      8.6887e+03     
4.7605e-02      1.9091e+04      7.8095e+03     
5.2591e-02      1.7535e+04      7.1621e+03     
5.7568e-02      1.6330e+04      6.6566e+03     
6.2562e-02      1.5293e+04      6.2027e+03     
6.7567e-02      1.4285e+04      5.7356e+03     
7.2573e-02      1.3224e+04      5.2245e+03     
7.7565e-02      1.2101e+04      4.6752e+03     
8.2548e-02      1.0952e+04      4.1158e+03     
8.7544e-02      9.8388e+03      3.5822e+03     
9.2544e-02      8.8304e+03      3.1084e+03     
9.7542e-02      7.9737e+03      2.7139e+03     
1.0254e-01      7.2844e+03      2.4012e+03     
1.0754e-01      6.7508e+03      2.1595e+03     
1.1254e-01      6.3406e+03      1.9701e+03     
1.1753e-01      6.0106e+03      1.8119e+03     
1.2252e-01      5.7165e+03      1.6656e+03     
1.2753e-01      5.4214e+03      1.5175e+03     
1.3254e-01      5.1047e+03      1.3621e+03     
1.3753e-01      4.7623e+03      1.2012e+03     
1.4253e-01      4.4035e+03      1.0409e+03     
1.4752e-01      4.0462e+03      8.8884e+02     
1.5253e-01      3.7104e+03      7.5184e+02     
1.5752e-01      3.4121e+03      6.3378e+02     
1.6252e-01      3.1595e+03      5.3487e+02     
1.6752e-01      2.9528e+03      4.5281e+02     
1.7252e-01      2.7853e+03      3.8361e+02     
1.7752e-01      2.6463e+03      3.2309e+02     
1.8252e-01      2.5237e+03      2.6758e+02     
1.8752e-01      2.4062e+03      2.1458e+02     
1.9252e-01      2.2855e+03      1.6290e+02     
1.9752e-01      2.1578e+03      1.1271e+02     
2.0252e-01      2.0238e+03      6.4961e+01     
2.0752e-01      1.8878e+03      2.0963e+01     
2.1252e-01      1.7553e+03      -1.8564e+01    
2.1752e-01      1.6315e+03      -5.3314e+01    
2.2252e-01      1.5201e+03      -8.3602e+01    
2.2752e-01      1.4226e+03      -1.1004e+02    
2.3252e-01      1.3386e+03      -1.3352e+02    
2.3752e-01      1.2660e+03      -1.5475e+02    
2.4252e-01      1.2019e+03      -1.7429e+02    
2.4752e-01      1.1428e+03      -1.9245e+02    
2.5252e-01      1.0855e+03      -2.0921e+02    
2.5752e-01      1.0284e+03      -2.2436e+02    
2.6252e-01      9.7033e+02      -2.3772e+02    
2.6752e-01      9.1169e+02      -2.4909e+02    
2.7252e-01      8.5353e+02      -2.5852e+02    
2.7752e-01      7.9714e+02      -2.6623e+02    
2.8252e-01      7.4391e+02      -2.7251e+02    
2.8752e-01      6.9498e+02      -2.7777e+02    
2.9251e-01      6.5075e+02      -2.8242e+02    
2.9751e-01      6.1085e+02      -2.8665e+02    
